PE15_01_Rossenheim_P3cast3.cnv
* Sea-Bird SBE 9 Data File:
* FileName = D:\CTD Data\2015\PE15-01_Rossenheim\PE15_01_Rossenheim_P3cast3.hex
* Software Version Seasave V 7.22
* Temperature SN = 4511
* Conductivity SN = 3044
* Number of Bytes Per Scan = 40
* Number of Voltage Words = 5
* Number of Scans Averaged by the Deck Unit = 1
* NMEA Latitude = 28 39.15 N
* NMEA Longitude = 088 33.76 W
* NMEA UTC (Time) = Jul 08 2014  15:45:13
# nquan = 10
# nvalues = 33215                                 
# units = specified
# name 0 = latitude: Latitude [deg]
# name 1 = longitude: Longitude [deg]
# name 2 = sal00: Salinity, Practical [PSU]
# name 3 = t090C: Temperature [ITS-90, deg C]
# name 4 = depSM: Depth [salt water, m]
# name 5 = sigma-é00: Density [sigma-theta, Kg/m^3]
# name 6 = flC: Fluorescence, Chelsea Aqua 3 Chl Con [ug/l]
# name 7 = sbeox0Mg/L: Oxygen, SBE 43 [mg/l]
# name 8 = prDM: Pressure, Digiquartz [db]
# name 9 = flag:  0.000e+00
# span 0 =   28.64990,   28.65264                 
# span 1 =  -88.56276,  -88.56042                 
# span 2 =     0.7337,    62.0451                 
# span 3 =     0.9808,    28.9508                 
# span 4 =     -1.106,    103.179                 
# span 5 =    -3.0167,    49.7107                 
# span 6 =    -0.0043,   850.3891                 
# span 7 = -156.91414,   13.33482                 
# span 8 =     -1.114,    103.901                 
# span 9 = 0.0000e+00, 0.0000e+00                 
# interval = seconds: 0.0416667
# start_time = Jul 08 2014 15:45:13 [NMEA time, header]
# bad_flag = -9.990e-29
*END*
[from data line 577]
   28.65258  -88.56270     1.1360    28.2059     -0.904    -2.9704     0.0065    8.41032     -0.910  0.000e+00
   28.65258  -88.56270     1.1366    28.2046     -0.897    -2.9696     0.0046    8.41531     -0.903  0.000e+00
   28.65258  -88.56270     1.1356    28.2038     -0.897    -2.9702     0.0029    8.41571     -0.903  0.000e+00
   28.65258  -88.56270     1.1341    28.2027     -0.904    -2.9710     0.1098    8.41137     -0.910  0.000e+00
   28.65258  -88.56270     1.1335    28.2012     -0.946    -2.9710   850.3891    8.41615     -0.952  0.000e+00
   28.65258  -88.56270     1.1324    28.2002     -0.855    -2.9715   850.3891    8.41188     -0.861  0.000e+00
   28.65258  -88.56270     1.1275    28.1991     -0.946    -2.9749   850.3891    8.41701     -0.952  0.000e+00
   28.65258  -88.56270     1.1293    28.1980     -0.848    -2.9732   850.3891    8.41746     -0.854  0.000e+00
   28.65258  -88.56270     1.1324    28.1963     -0.953    -2.9704   850.3891    8.41745     -0.959  0.000e+00
   28.65258  -88.56270     1.1305    28.1952     -0.848    -2.9715   850.3891    8.41806     -0.854  0.000e+00
   28.65258  -88.56270     1.1220    28.1943     -0.953    -2.9776   850.3891    8.41847     -0.959  0.000e+00
   28.65258  -88.56270     1.1212    28.1931     -0.897    -2.9779   850.3891    8.41389     -0.903  0.000e+00
   28.65258  -88.56270     1.1231    28.1913     -0.904    -2.9759   850.3891    8.41888     -0.910  0.000e+00
   28.65258  -88.56270     1.1135    28.1901     -0.897    -2.9828   850.3891    8.41977     -0.903  0.000e+00
   28.65258  -88.56270     1.1063    28.1886     -0.897    -2.9877   850.3891    8.41575     -0.903  0.000e+00
   28.65258  -88.56270     1.0949    28.1858     -0.953    -2.9955   850.3891    8.42120     -0.959  0.000e+00
   28.65258  -88.56270     1.0904    28.1834     -0.897    -2.9982   850.3891    8.42181     -0.903  0.000e+00
   28.65258  -88.56270     1.0954    28.1807     -0.855    -2.9937   850.3891    8.41718     -0.861  0.000e+00
   28.65258  -88.56270     1.0984    28.1783     -0.946    -2.9907   850.3891    8.42185     -0.952  0.000e+00
   28.65258  -88.56270     1.0974    28.1771     -0.897    -2.9911   850.3891    8.41725     -0.903  0.000e+00
   28.65258  -88.56270     1.0981    28.1764     -0.904    -2.9904   850.3891    8.42210     -0.910  0.000e+00
   28.65258  -88.56270     1.1084    28.1753     -0.897    -2.9824   850.3891    8.42174     -0.903  0.000e+00
   28.65258  -88.56270     1.1154    28.1740     -0.953    -2.9767   850.3891    8.41693     -0.959  0.000e+00
   28.65258  -88.56270     1.1155    28.1735     -0.848    -2.9765   850.3891    8.41708     -0.854  0.000e+00
   28.65258  -88.56270     1.1141    28.1730     -0.904    -2.9775   850.3891    8.42169     -0.910  0.000e+00
   28.65258  -88.56270     1.1141    28.1724     -0.946    -2.9772   850.3891    8.42196     -0.952  0.000e+00
   28.65258  -88.56270     1.1100    28.1713     -0.897    -2.9800   850.3891    8.41750     -0.903  0.000e+00
   28.65258  -88.56270     1.0997    28.1704     -0.904    -2.9874   850.3891    8.41807     -0.910  0.000e+00
   28.65258  -88.56270     1.0995    28.1687     -0.897    -2.9872   850.3891    8.41831     -0.903  0.000e+00
   28.65258  -88.56270     1.1036    28.1668     -0.904    -2.9835   850.3891    8.41840     -0.910  0.000e+00
   28.65258  -88.56270     1.1016    28.1656     -0.897    -2.9847   850.3891    8.41840     -0.903  0.000e+00
   28.65258  -88.56270     1.1018    28.1649     -0.897    -2.9843   850.3891    8.41823     -0.903  0.000e+00
   28.65258  -88.56270     1.1064    28.1639     -0.855    -2.9805   850.3891    8.41793     -0.861  0.000e+00
   28.65258  -88.56270     1.1077    28.1630     -0.946    -2.9794   850.3891    8.42273     -0.952  0.000e+00
   28.65258  -88.56270     1.1051    28.1623     -0.904    -2.9811   850.3891    8.41816     -0.910  0.000e+00
   28.65258  -88.56270     1.1042    28.1617     -0.897    -2.9816   850.3891    8.41802     -0.903  0.000e+00
   28.65258  -88.56270     1.1034    28.1608     -0.904    -2.9819   850.3891    8.42301     -0.910  0.000e+00
   28.65258  -88.56270     1.1033    28.1602     -0.897    -2.9818   850.3891    8.42309     -0.903  0.000e+00
   28.65258  -88.56270     1.1026    28.1590     -0.897    -2.9820   850.3891    8.41846     -0.903  0.000e+00
   28.65258  -88.56270     1.1049    28.1584     -0.904    -2.9801   850.3891    8.41815     -0.910  0.000e+00
   28.65258  -88.56270     1.1063    28.1575     -0.897    -2.9788   850.3891    8.42277     -0.903  0.000e+00
   28.65258  -88.56270     1.1023    28.1568     -0.904    -2.9816   850.3891    8.41846     -0.910  0.000e+00
   28.65256  -88.56270     1.0997    28.1562     -0.897    -2.9834   850.3891    8.42348     -0.903  0.000e+00
   28.65256  -88.56270     1.1059    28.1553     -0.897    -2.9784   850.3891    8.41874     -0.903  0.000e+00
   28.65256  -88.56270     1.1152    28.1540     -0.904    -2.9712   850.3891    8.42332     -0.910  0.000e+00
   28.65256  -88.56270     1.1197    28.1537     -0.897    -2.9677   850.3891    8.41832     -0.903  0.000e+00
   28.65256  -88.56270     1.1140    28.1534     -0.904    -2.9719   850.3891    8.42343     -0.910  0.000e+00
   28.65256  -88.56270     1.1049    28.1534     -0.897    -2.9787   850.3891    8.42410     -0.903  0.000e+00
   28.65256  -88.56270     1.1030    28.1520     -0.904    -2.9797   850.3891    8.42466     -0.910  0.000e+00
   28.65256  -88.56270     1.1089    28.1505     -0.897    -2.9749   850.3891    8.41978     -0.903  0.000e+00
   28.65256  -88.56270     1.1092    28.1496     -0.897    -2.9744   850.3891    8.41989     -0.903  0.000e+00
   28.65256  -88.56270     1.1036    28.1490     -0.855    -2.9784   850.3891    8.42511     -0.861  0.000e+00
   28.65256  -88.56270     1.0966    28.1483     -0.946    -2.9835   850.3891    8.42545     -0.952  0.000e+00
   28.65256  -88.56270     1.0906    28.1472     -0.855    -2.9876   850.3891    8.42141     -0.861  0.000e+00
   28.65256  -88.56270     1.0833    28.1457     -0.897    -2.9927   850.3891    8.42650     -0.903  0.000e+00
   28.65256  -88.56270     1.0803    28.1444     -0.897    -2.9945   850.3891    8.42226     -0.903  0.000e+00
   28.65256  -88.56270     1.0836    28.1428     -0.855    -2.9916   850.3891    8.42241     -0.861  0.000e+00
   28.65256  -88.56270     1.0880    28.1413     -0.897    -2.9879   850.3891    8.42240     -0.903  0.000e+00
   28.65256  -88.56270     1.0850    28.1407     -0.904    -2.9900   850.3891    8.42265     -0.910  0.000e+00
   28.65256  -88.56270     1.0798    28.1402     -0.897    -2.9938   850.3891    8.42783     -0.903  0.000e+00
   28.65256  -88.56270     1.0763    28.1387     -0.904    -2.9959   850.3891    8.42341     -0.910  0.000e+00
   28.65256  -88.56270     1.0735    28.1378     -0.897    -2.9977   850.3891    8.42373     -0.903  0.000e+00
   28.65256  -88.56270     1.0899    28.1362     -0.848    -2.9850   850.3891    8.42331     -0.854  0.000e+00
   28.65256  -88.56270     1.0975    28.1345     -0.904    -2.9788   850.3891    8.42294     -0.910  0.000e+00
   28.65256  -88.56270     1.0917    28.1345     -0.897    -2.9832   850.3891    8.42328     -0.903  0.000e+00
   28.65256  -88.56270     1.0888    28.1345     -0.904    -2.9854   850.3891    8.42347     -0.910  0.000e+00
   28.65256  -88.56270     1.0899    28.1336     -0.946    -2.9842   850.3891    8.42332     -0.952  0.000e+00
   28.65256  -88.56270     1.0904    28.1330     -0.848    -2.9837   850.3891    8.42840     -0.854  0.000e+00
   28.65256  -88.56270     1.0895    28.1325     -0.904    -2.9842   850.3891    8.42369     -0.910  0.000e+00
   28.65256  -88.56270     1.0926    28.1320     -0.897    -2.9818   850.3891    8.42853     -0.903  0.000e+00
   28.65256  -88.56270     1.0973    28.1316     -0.953    -2.9781   850.3891    8.42383     -0.959  0.000e+00
   28.65256  -88.56270     1.1019    28.1312     -0.848    -2.9746   850.3891    8.42360     -0.854  0.000e+00
   28.65256  -88.56270     1.1041    28.1310     -0.904    -2.9729   850.3891    8.42812     -0.910  0.000e+00
   28.65256  -88.56270     1.1048    28.1308     -0.946    -2.9723   850.3891    8.42357     -0.952  0.000e+00
   28.65256  -88.56270     1.1068    28.1306     -0.848    -2.9707   850.3891    8.42853     -0.854  0.000e+00
   28.65256  -88.56270     1.1073    28.1301     -0.904    -2.9702   850.3891    8.42860     -0.910  0.000e+00
   28.65256  -88.56270     1.1111    28.1301     -0.897    -2.9674   850.3891    8.42366     -0.903  0.000e+00
   28.65256  -88.56270     1.1159    28.1299     -0.904    -2.9637   850.3891    8.42810     -0.910  0.000e+00
   28.65256  -88.56270     1.1194    28.1298     -0.946    -2.9610   850.3891    8.42314     -0.952  0.000e+00
   28.65256  -88.56270     1.1197    28.1297     -0.855    -2.9608   850.3891    8.42303     -0.861  0.000e+00
   28.65256  -88.56270     1.1190    28.1298     -0.897    -2.9613   850.3891    8.42763     -0.903  0.000e+00
   28.65256  -88.56270     1.1180    28.1294     -0.897    -2.9620   850.3891    8.42295     -0.903  0.000e+00
   28.65256  -88.56270     1.1181    28.1293     -0.904    -2.9619   850.3891    8.42783     -0.910  0.000e+00
   28.65256  -88.56270     1.1176    28.1288     -0.897    -2.9621   850.3891    8.42315     -0.903  0.000e+00
   28.65256  -88.56270     1.1169    28.1287     -0.904    -2.9626   850.3891    8.42782     -0.910  0.000e+00
   28.65256  -88.56270     1.1173    28.1282     -0.897    -2.9621   850.3891    8.42818     -0.903  0.000e+00
   28.65256  -88.56270     1.1187    28.1281     -0.897    -2.9611   850.3891    8.42360     -0.903  0.000e+00
   28.65256  -88.56270     1.1264    28.1280     -0.855    -2.9553   850.3891    8.42309     -0.861  0.000e+00
   28.65256  -88.56270     1.1385    28.1275     -0.897    -2.9461   850.3891    8.42233     -0.903  0.000e+00
   28.65256  -88.56270     1.1592    28.1277     -0.904    -2.9306   850.3891    8.42139     -0.910  0.000e+00
   28.65256  -88.56270     1.1765    28.1280     -0.897    -2.9177   850.3891    8.42516     -0.903  0.000e+00
   28.65256  -88.56270     1.1896    28.1283     -0.855    -2.9080   850.3891    8.42486     -0.861  0.000e+00
   28.65256  -88.56270     1.1964    28.1285     -0.897    -2.9030   850.3891    8.42450     -0.903  0.000e+00
   28.65256  -88.56270     1.2002    28.1292     -0.897    -2.9003   850.3891    8.42452     -0.903  0.000e+00
   28.65256  -88.56270     1.2077    28.1294     -0.904    -2.8947   850.3891    8.41934     -0.910  0.000e+00
   28.65256  -88.56270     1.2198    28.1291     -0.897    -2.8856   850.3891    8.41886     -0.903  0.000e+00
   28.65256  -88.56270     1.2274    28.1292     -0.855    -2.8800   850.3891    8.41859     -0.861  0.000e+00
   28.65256  -88.56270     1.2282    28.1295     -0.897    -2.8795   850.3891    8.42336     -0.903  0.000e+00
   28.65256  -88.56270     1.2215    28.1298     -0.897    -2.8845   850.3891    8.41885     -0.903  0.000e+00
   28.65256  -88.56270     1.2136    28.1298     -0.855    -2.8905   850.3891    8.42389     -0.861  0.000e+00
   28.65256  -88.56270     1.2141    28.1295     -0.897    -2.8900   850.3891    8.41935     -0.903  0.000e+00
   28.65256  -88.56270     1.2092    28.1287     -0.904    -2.8935   850.3891    8.42459     -0.910  0.000e+00
   28.65256  -88.56270     1.1926    28.1280     -0.897    -2.9057   850.3891    8.42553     -0.903  0.000e+00
   28.65256  -88.56270     1.1828    28.1275     -0.904    -2.9129   850.3891    8.42636     -0.910  0.000e+00
   28.65256  -88.56270     1.1821    28.1263     -0.848    -2.9130   850.3891    8.42669     -0.854  0.000e+00
   28.65256  -88.56270     1.1785    28.1254     -0.897    -2.9155   850.3891    8.42697     -0.903  0.000e+00
   28.65256  -88.56270     1.1738    28.1251     -0.904    -2.9190   850.3891    8.42725     -0.910  0.000e+00
   28.65256  -88.56270     1.1664    28.1249     -0.897    -2.9244   850.3891    8.42766     -0.903  0.000e+00
   28.65256  -88.56270     1.1540    28.1242     -0.904    -2.9335   850.3891    8.42377     -0.910  0.000e+00
   28.65256  -88.56270     1.1518    28.1232     -0.897    -2.9349   850.3891    8.42380     -0.903  0.000e+00
   28.65256  -88.56270     1.1565    28.1226     -0.897    -2.9312   850.3891    8.42826     -0.903  0.000e+00
   28.65256  -88.56270     1.1557    28.1219     -0.904    -2.9316   850.3891    8.42840     -0.910  0.000e+00
   28.65256  -88.56270     1.1447    28.1217     -0.897    -2.9398   850.3891    8.42892     -0.903  0.000e+00
   28.65256  -88.56270     1.1636    28.1210     -0.904    -2.9254   850.3891    8.42814     -0.910  0.000e+00
   28.65256  -88.56270     1.1938    28.1201     -0.897    -2.9025   850.3891    8.42201     -0.903  0.000e+00
   28.65256  -88.56270     1.2002    28.1195     -0.904    -2.8976   850.3891    8.42634     -0.910  0.000e+00
   28.65256  -88.56270     1.1929    28.1205     -0.946    -2.9033   850.3891    8.42670     -0.952  0.000e+00
   28.65256  -88.56270     1.1795    28.1210     -0.848    -2.9135   850.3891    8.42731     -0.854  0.000e+00
   28.65256  -88.56270     1.1815    28.1204     -0.953    -2.9118   850.3891    8.42741     -0.960  0.000e+00
   28.65256  -88.56270     1.1923    28.1195     -0.897    -2.9035   850.3891    8.42705     -0.903  0.000e+00
   28.65256  -88.56270     1.1907    28.1187     -0.904    -2.9044   850.3891    8.42235     -0.910  0.000e+00
   28.65256  -88.56270     1.1802    28.1190     -0.897    -2.9124   850.3891    8.42275     -0.903  0.000e+00
   28.65256  -88.56270     1.1729    28.1187     -0.897    -2.9178   850.3891    8.42765     -0.903  0.000e+00
   28.65256  -88.56270     1.1654    28.1177     -0.904    -2.9231   850.3891    8.42836     -0.910  0.000e+00
   28.65256  -88.56270     1.1562    28.1173     -0.897    -2.9299   850.3891    8.42907     -0.903  0.000e+00
   28.65256  -88.56270     1.1476    28.1170     -0.904    -2.9362   850.3891    8.42945     -0.910  0.000e+00
   28.65256  -88.56270     1.1396    28.1162     -0.897    -2.9420   850.3891    8.43014     -0.903  0.000e+00
   28.65256  -88.56270     1.1349    28.1154     -0.904    -2.9453   850.3891    8.43040     -0.910  0.000e+00
   28.65256  -88.56270     1.1321    28.1149     -0.897    -2.9472   850.3891    8.43053     -0.903  0.000e+00
   28.65256  -88.56270     1.1284    28.1143     -0.897    -2.9499   850.3891    8.43097     -0.903  0.000e+00
   28.65256  -88.56270     1.1247    28.1140     -0.904    -2.9526   850.3891    8.42626     -0.910  0.000e+00
   28.65256  -88.56270     1.1229    28.1136     -0.897    -2.9537   850.3891    8.43115     -0.903  0.000e+00
   28.65256  -88.56270     1.1241    28.1132     -0.904    -2.9528   850.3891    8.43105     -0.910  0.000e+00
   28.65256  -88.56270     1.1242    28.1130     -0.897    -2.9527   850.3891    8.42642     -0.903  0.000e+00
   28.65256  -88.56270     1.1309    28.1127     -0.897    -2.9475   850.3891    8.42607     -0.903  0.000e+00
   28.65256  -88.56270     1.1396    28.1127     -0.904    -2.9410   850.3891    8.42532     -0.910  0.000e+00
   28.65256  -88.56270     1.1467    28.1125     -0.897    -2.9356   850.3891    8.42950     -0.903  0.000e+00
   28.65256  -88.56270     1.1506    28.1127     -0.904    -2.9328   850.3891    8.42920     -0.910  0.000e+00
   28.65256  -88.56270     1.1525    28.1125     -0.946    -2.9313   850.3891    8.42898     -0.953  0.000e+00
   28.65256  -88.56270     1.1541    28.1123     -0.855    -2.9301   850.3891    8.42436     -0.861  0.000e+00
   28.65256  -88.56270     1.1571    28.1121     -0.946    -2.9277   850.3891    8.42888     -0.953  0.000e+00
   28.65256  -88.56270     1.1567    28.1121     -0.897    -2.9280   850.3891    8.42428     -0.903  0.000e+00
   28.65256  -88.56270     1.1520    28.1118     -0.904    -2.9315   850.3891    8.42929     -0.910  0.000e+00
