PE15_01_Rossenheim_P3cast3.cnv
* Sea-Bird SBE 9 Data File:
* FileName = D:\CTD Data\2015\PE15-01_Rossenheim\PE15_01_Rossenheim_P3cast3.hex
* Software Version Seasave V 7.22
* Temperature SN = 4511
* Conductivity SN = 3044
* Number of Bytes Per Scan = 40
* Number of Voltage Words = 5
* Number of Scans Averaged by the Deck Unit = 1
* NMEA Latitude = 28 39.15 N
* NMEA Longitude = 088 33.76 W
* NMEA UTC (Time) = Jul 08 2014  15:45:13
# nquan = 10
# nvalues = 33215                                 
# units = specified
# name 0 = latitude: Latitude [deg]
# name 1 = longitude: Longitude [deg]
# name 2 = sal00: Salinity, Practical [PSU]
# name 3 = t090C: Temperature [ITS-90, deg C]
# name 4 = depSM: Depth [salt water, m]
# name 5 = sigma-é00: Density [sigma-theta, Kg/m^3]
# name 6 = flC: Fluorescence, Chelsea Aqua 3 Chl Con [ug/l]
# name 7 = sbeox0Mg/L: Oxygen, SBE 43 [mg/l]
# name 8 = prDM: Pressure, Digiquartz [db]
# name 9 = flag:  0.000e+00
# span 0 =   28.64990,   28.65264                 
# span 1 =  -88.56276,  -88.56042                 
# span 2 =     0.7337,    62.0451                 
# span 3 =     0.9808,    28.9508                 
# span 4 =     -1.106,    103.179                 
# span 5 =    -3.0167,    49.7107                 
# span 6 =    -0.0043,   850.3891                 
# span 7 = -156.91414,   13.33482                 
# span 8 =     -1.114,    103.901                 
# span 9 = 0.0000e+00, 0.0000e+00                 
# interval = seconds: 0.0416667
# start_time = Jul 08 2014 15:45:13 [NMEA time, header]
# bad_flag = -9.990e-29
*END*
[from data line 31568]
   28.65000  -88.56054    35.9699    28.7266      1.287    22.8841     0.0376    6.62556      1.296  0.000e+00
   28.65000  -88.56054    35.9701    28.7259      1.231    22.8844     0.0378    6.62578      1.240  0.000e+00
   28.65000  -88.56054    35.9703    28.7251      1.287    22.8849     0.0382    6.62621      1.296  0.000e+00
   28.65000  -88.56054    35.9706    28.7247      1.287    22.8852     0.0383    6.62644      1.296  0.000e+00
   28.65000  -88.56054    35.9704    28.7246      1.336    22.8851     0.0388    6.62658      1.345  0.000e+00
   28.65000  -88.56054    35.9705    28.7247      1.287    22.8851     0.0388    6.62689      1.296  0.000e+00
   28.65000  -88.56054    35.9696    28.7263      1.287    22.8840     0.0389    6.62721      1.296  0.000e+00
   28.65000  -88.56054    35.9687    28.7279      1.280    22.8827     0.0390    6.62761      1.289  0.000e+00
   28.65000  -88.56054    35.9688    28.7282      1.287    22.8827     0.0390    6.63216      1.296  0.000e+00
   28.65000  -88.56054    35.9683    28.7287      1.231    22.8822     0.0389    6.62888      1.240  0.000e+00
   28.65000  -88.56054    35.9685    28.7280      1.336    22.8825     0.0388    6.63336      1.345  0.000e+00
   28.65000  -88.56054    35.9685    28.7275      1.287    22.8827     0.0386    6.63404      1.296  0.000e+00
   28.65000  -88.56054    35.9692    28.7273      1.280    22.8833     0.0382    6.63478      1.289  0.000e+00
   28.65000  -88.56054    35.9683    28.7287      1.287    22.8821     0.0380    6.63132      1.296  0.000e+00
   28.65000  -88.56054    35.9672    28.7303      1.287    22.8808     0.0376    6.63535      1.296  0.000e+00
   28.65000  -88.56054    35.9667    28.7315      1.280    22.8800     0.0373    6.63201      1.289  0.000e+00
   28.65000  -88.56054    35.9664    28.7329      1.287    22.8793     0.0370    6.63616      1.296  0.000e+00
   28.65000  -88.56054    35.9661    28.7350      1.287    22.8784     0.0368    6.63262      1.296  0.000e+00
   28.65000  -88.56054    35.9645    28.7370      1.280    22.8765     0.0368    6.63293      1.289  0.000e+00
   28.65000  -88.56054    35.9638    28.7383      1.336    22.8755     0.0364    6.63338      1.345  0.000e+00
   28.65000  -88.56054    35.9627    28.7403      1.280    22.8740     0.0364    6.63353      1.289  0.000e+00
   28.65000  -88.56054    35.9619    28.7428      1.287    22.8727     0.0361    6.63743      1.296  0.000e+00
   28.65000  -88.56054    35.9611    28.7451      1.336    22.8713     0.0361    6.63790      1.345  0.000e+00
   28.65000  -88.56054    35.9605    28.7470      1.231    22.8702     0.0359    6.63812      1.240  0.000e+00
   28.65000  -88.56054    35.9615    28.7470      1.336    22.8709     0.0359    6.64284      1.345  0.000e+00
   28.65000  -88.56054    35.9608    28.7488      1.287    22.8698     0.0358    6.64339      1.296  0.000e+00
   28.65000  -88.56054    35.9602    28.7505      1.280    22.8688     0.0359    6.64422      1.289  0.000e+00
   28.65000  -88.56054    35.9595    28.7523      1.287    22.8677     0.0361    6.64487      1.296  0.000e+00
   28.65000  -88.56054    35.9587    28.7536      1.336    22.8666     0.0364    6.64957      1.345  0.000e+00
   28.65000  -88.56054    35.9582    28.7533      1.280    22.8664     0.0366    6.65459      1.289  0.000e+00
   28.65000  -88.56054    35.9586    28.7514      1.287    22.8673     0.0369    6.65607      1.296  0.000e+00
   28.65000  -88.56054    35.9592    28.7490      1.280    22.8685     0.0372    6.65762      1.289  0.000e+00
   28.65000  -88.56054    35.9609    28.7463      1.287    22.8707     0.0375    6.65917      1.296  0.000e+00
   28.65000  -88.56054    35.9621    28.7453      1.287    22.8720     0.0378    6.66447      1.296  0.000e+00
   28.65000  -88.56054    35.9617    28.7455      1.280    22.8715     0.0378    6.66969      1.289  0.000e+00
   28.65000  -88.56054    35.9626    28.7437      1.287    22.8729     0.0380    6.67136      1.296  0.000e+00
   28.65000  -88.56054    35.9634    28.7426      1.287    22.8738     0.0380    6.67665      1.296  0.000e+00
   28.65000  -88.56054    35.9636    28.7416      1.280    22.8743     0.0383    6.67817      1.289  0.000e+00
   28.65000  -88.56054    35.9637    28.7413      1.287    22.8745     0.0385    6.67961      1.296  0.000e+00
   28.65000  -88.56054    35.9638    28.7401      1.287    22.8749     0.0388    6.68088      1.296  0.000e+00
   28.65000  -88.56054    35.9655    28.7355      1.280    22.8778     0.0390    6.68246      1.289  0.000e+00
   28.65000  -88.56054    35.9670    28.7323      1.336    22.8800     0.0393    6.68388      1.345  0.000e+00
   28.65000  -88.56054    35.9688    28.7307      1.231    22.8818     0.0398    6.68887      1.240  0.000e+00
   28.65000  -88.56054    35.9670    28.7324      1.287    22.8799     0.0401    6.69346      1.296  0.000e+00
   28.65000  -88.56054    35.9685    28.7290      1.287    22.8822     0.0404    6.69075      1.296  0.000e+00
   28.65000  -88.56054    35.9709    28.7252      1.336    22.8853     0.0405    6.69589      1.345  0.000e+00
   28.65000  -88.56054    35.9720    28.7240      1.238    22.8865     0.0408    6.69644      1.247  0.000e+00
   28.65000  -88.56054    35.9716    28.7261      1.287    22.8855     0.0407    6.69692      1.296  0.000e+00
   28.65000  -88.56054    35.9698    28.7291      1.280    22.8831     0.0407    6.69721      1.289  0.000e+00
   28.65000  -88.56054    35.9680    28.7324      1.287    22.8807     0.0405    6.70134      1.296  0.000e+00
   28.65000  -88.56054    35.9674    28.7343      1.336    22.8796     0.0404    6.70181      1.345  0.000e+00
   28.65000  -88.56054    35.9651    28.7383      1.238    22.8766     0.0401    6.70582      1.247  0.000e+00
   28.65000  -88.56054    35.9646    28.7406      1.336    22.8754     0.0398    6.70631      1.345  0.000e+00
   28.65000  -88.56054    35.9611    28.7479      1.280    22.8703     0.0395    6.70609      1.289  0.000e+00
   28.65000  -88.56054    35.9573    28.7540      1.238    22.8655     0.0393    6.70596      1.247  0.000e+00
   28.65000  -88.56054    35.9580    28.7535      1.336    22.8662     0.0390    6.70644      1.345  0.000e+00
   28.65000  -88.56054    35.9597    28.7511      1.280    22.8683     0.0389    6.70690      1.289  0.000e+00
   28.65000  -88.56054    35.9613    28.7483      1.287    22.8704     0.0386    6.70756      1.296  0.000e+00
   28.65000  -88.56054    35.9616    28.7479      1.287    22.8707     0.0385    6.71162      1.296  0.000e+00
   28.65000  -88.56052    35.9612    28.7483      1.336    22.8703     0.0383    6.71205      1.345  0.000e+00
   28.65000  -88.56052    35.9608    28.7499      1.287    22.8695     0.0380    6.71608      1.296  0.000e+00
   28.65000  -88.56052    35.9610    28.7514      1.336    22.8691     0.0382    6.71636      1.345  0.000e+00
   28.65000  -88.56052    35.9610    28.7525      1.287    22.8687     0.0385    6.71630      1.296  0.000e+00
   28.65000  -88.56052    35.9607    28.7542      1.287    22.8679     0.0389    6.71633      1.296  0.000e+00
   28.65000  -88.56052    35.9598    28.7570      1.336    22.8663     0.0392    6.71598      1.345  0.000e+00
   28.65000  -88.56052    35.9586    28.7590      1.336    22.8648     0.0398    6.71972      1.345  0.000e+00
   28.65000  -88.56052    35.9594    28.7573      1.287    22.8659     0.0399    6.71579      1.296  0.000e+00
   28.65000  -88.56052    35.9601    28.7555      1.336    22.8671     0.0401    6.71952      1.345  0.000e+00
   28.65000  -88.56052    35.9610    28.7524      1.287    22.8688     0.0404    6.71946      1.296  0.000e+00
   28.65000  -88.56052    35.9617    28.7499      1.336    22.8701     0.0405    6.71930      1.345  0.000e+00
   28.65000  -88.56052    35.9620    28.7483      1.336    22.8709     0.0405    6.71911      1.345  0.000e+00
   28.65000  -88.56052    35.9624    28.7468      1.336    22.8716     0.0407    6.71878      1.345  0.000e+00
   28.65000  -88.56052    35.9639    28.7442      1.336    22.8736     0.0407    6.71843      1.345  0.000e+00
   28.65000  -88.56052    35.9652    28.7420      1.336    22.8754     0.0408    6.71815      1.345  0.000e+00
   28.65000  -88.56052    35.9650    28.7422      1.336    22.8752     0.0408    6.71755      1.345  0.000e+00
   28.65000  -88.56052    35.9647    28.7433      1.385    22.8746     0.0408    6.71678      1.394  0.000e+00
   28.65000  -88.56052    35.9645    28.7440      1.336    22.8742     0.0410    6.71587      1.345  0.000e+00
   28.65000  -88.56052    35.9641    28.7453      1.336    22.8735     0.0410    6.71504      1.345  0.000e+00
   28.65000  -88.56052    35.9629    28.7472      1.336    22.8720     0.0411    6.71431      1.345  0.000e+00
   28.65000  -88.56052    35.9612    28.7501      1.336    22.8697     0.0410    6.71338      1.345  0.000e+00
   28.65000  -88.56052    35.9610    28.7505      1.392    22.8694     0.0410    6.71265      1.401  0.000e+00
   28.65000  -88.56052    35.9600    28.7525      1.336    22.8680     0.0410    6.70766      1.345  0.000e+00
   28.65000  -88.56052    35.9586    28.7553      1.336    22.8660     0.0410    6.70651      1.345  0.000e+00
   28.65000  -88.56052    35.9575    28.7570      1.336    22.8646     0.0410    6.70169      1.345  0.000e+00
   28.65000  -88.56052    35.9577    28.7573      1.392    22.8647     0.0411    6.70461      1.401  0.000e+00
   28.65000  -88.56052    35.9577    28.7579      1.336    22.8644     0.0411    6.70386      1.345  0.000e+00
   28.65000  -88.56052    35.9575    28.7582      1.385    22.8642     0.0414    6.69925      1.394  0.000e+00
   28.65000  -88.56052    35.9567    28.7593      1.336    22.8632     0.0413    6.69817      1.345  0.000e+00
   28.65000  -88.56052    35.9561    28.7601      1.336    22.8625     0.0414    6.70105      1.345  0.000e+00
   28.65000  -88.56052    35.9561    28.7604      1.385    22.8624     0.0411    6.69630      1.394  0.000e+00
   28.65000  -88.56052    35.9563    28.7603      1.336    22.8626     0.0411    6.69520      1.345  0.000e+00
   28.65000  -88.56052    35.9568    28.7599      1.336    22.8631     0.0410    6.69432      1.345  0.000e+00
   28.65000  -88.56052    35.9565    28.7601      1.385    22.8628     0.0408    6.69362      1.394  0.000e+00
   28.65000  -88.56052    35.9558    28.7603      1.336    22.8623     0.0407    6.69656      1.345  0.000e+00
   28.65000  -88.56052    35.9564    28.7595      1.385    22.8630     0.0405    6.69214      1.394  0.000e+00
   28.65000  -88.56052    35.9571    28.7584      1.336    22.8638     0.0405    6.69531      1.345  0.000e+00
   28.65000  -88.56052    35.9578    28.7564      1.336    22.8651     0.0405    6.69487      1.345  0.000e+00
   28.65000  -88.56052    35.9586    28.7544      1.385    22.8663     0.0408    6.69442      1.394  0.000e+00
   28.65000  -88.56052    35.9589    28.7525      1.336    22.8671     0.0411    6.69408      1.345  0.000e+00
   28.65000  -88.56052    35.9591    28.7507      1.392    22.8680     0.0414    6.69380      1.401  0.000e+00
   28.65000  -88.56052    35.9607    28.7486      1.336    22.8698     0.0414    6.69751      1.345  0.000e+00
   28.65000  -88.56052    35.9636    28.7450      1.336    22.8732     0.0414    6.70159      1.345  0.000e+00
   28.65000  -88.56052    35.9657    28.7422      1.336    22.8757     0.0410    6.70183      1.345  0.000e+00
   28.65000  -88.56052    35.9659    28.7412      1.385    22.8762     0.0408    6.70193      1.394  0.000e+00
   28.65000  -88.56052    35.9665    28.7406      1.336    22.8768     0.0404    6.70581      1.345  0.000e+00
   28.65000  -88.56052    35.9665    28.7403      1.336    22.8769     0.0401    6.70593      1.345  0.000e+00
   28.65000  -88.56052    35.9664    28.7403      1.336    22.8769     0.0398    6.70598      1.345  0.000e+00
   28.65000  -88.56052    35.9661    28.7407      1.336    22.8765     0.0395    6.70618      1.345  0.000e+00
   28.65000  -88.56052    35.9657    28.7413      1.231    22.8760     0.0393    6.71015      1.240  0.000e+00
   28.65000  -88.56052    35.9662    28.7412      1.392    22.8764     0.0389    6.71083      1.401  0.000e+00
   28.65000  -88.56052    35.9659    28.7413      1.336    22.8761     0.0388    6.71131      1.345  0.000e+00
   28.65000  -88.56052    35.9659    28.7411      1.336    22.8762     0.0383    6.71183      1.345  0.000e+00
   28.65000  -88.56052    35.9664    28.7411      1.287    22.8766     0.0382    6.71222      1.296  0.000e+00
   28.65000  -88.56052    35.9666    28.7412      1.385    22.8767     0.0379    6.70877      1.394  0.000e+00
   28.65000  -88.56052    35.9659    28.7424      1.287    22.8758     0.0379    6.70899      1.296  0.000e+00
   28.65000  -88.56052    35.9660    28.7429      1.287    22.8757     0.0376    6.70911      1.296  0.000e+00
   28.65000  -88.56052    35.9652    28.7435      1.280    22.8749     0.0378    6.70942      1.289  0.000e+00
   28.65000  -88.56052    35.9653    28.7440      1.336    22.8748     0.0378    6.70582      1.345  0.000e+00
   28.65000  -88.56052    35.9646    28.7457      1.238    22.8737     0.0378    6.70571      1.247  0.000e+00
   28.65000  -88.56052    35.9625    28.7486      1.280    22.8711     0.0376    6.70168      1.289  0.000e+00
   28.65000  -88.56052    35.9610    28.7512      1.287    22.8692     0.0376    6.69744      1.296  0.000e+00
   28.65000  -88.56052    35.9601    28.7529      1.287    22.8679     0.0375    6.69701      1.296  0.000e+00
   28.65000  -88.56052    35.9600    28.7542      1.280    22.8674     0.0376    6.69660      1.289  0.000e+00
   28.65000  -88.56052    35.9591    28.7551      1.238    22.8664     0.0373    6.69624      1.247  0.000e+00
   28.65000  -88.56052    35.9589    28.7558      1.231    22.8660     0.0375    6.69591      1.240  0.000e+00
   28.65000  -88.56052    35.9586    28.7560      1.238    22.8658     0.0373    6.69567      1.247  0.000e+00
   28.65000  -88.56052    35.9589    28.7559      1.287    22.8660     0.0373    6.69549      1.296  0.000e+00
   28.65000  -88.56052    35.9588    28.7551      1.231    22.8662     0.0373    6.69532      1.240  0.000e+00
   28.65000  -88.56052    35.9596    28.7544      1.238    22.8671     0.0373    6.69123      1.247  0.000e+00
   28.65000  -88.56052    35.9586    28.7553      1.238    22.8660     0.0375    6.69077      1.247  0.000e+00
   28.65000  -88.56052    35.9580    28.7562      1.183    22.8652     0.0375    6.69005      1.191  0.000e+00
   28.65000  -88.56052    35.9584    28.7558      1.238    22.8656     0.0375    6.69347      1.247  0.000e+00
   28.65000  -88.56052    35.9589    28.7548      1.190    22.8664     0.0372    6.68902      1.198  0.000e+00
   28.65000  -88.56052    35.9599    28.7534      1.231    22.8676     0.0372    6.68859      1.240  0.000e+00
   28.65000  -88.56052    35.9607    28.7527      1.190    22.8684     0.0368    6.68803      1.198  0.000e+00
   28.65000  -88.56052    35.9608    28.7527      1.183    22.8685     0.0366    6.69117      1.191  0.000e+00
   28.65000  -88.56052    35.9613    28.7516      1.190    22.8693     0.0361    6.68677      1.198  0.000e+00
   28.65000  -88.56052    35.9625    28.7503      1.190    22.8706     0.0355    6.69023      1.198  0.000e+00
   28.65000  -88.56052    35.9630    28.7494      1.183    22.8712     0.0353    6.68973      1.191  0.000e+00
   28.65000  -88.56052    35.9621    28.7505      1.190    22.8702     0.0349    6.68905      1.198  0.000e+00
   28.65000  -88.56052    35.9610    28.7520      1.190    22.8689     0.0346    6.68832      1.198  0.000e+00
   28.65000  -88.56052    35.9607    28.7524      1.183    22.8685     0.0342    6.68768      1.191  0.000e+00
   28.65000  -88.56052    35.9606    28.7522      1.190    22.8685     0.0341    6.68731      1.198  0.000e+00
