PE15_01_Rossenheim_P3cast3.cnv
* Sea-Bird SBE 9 Data File:
* FileName = D:\CTD Data\2015\PE15-01_Rossenheim\PE15_01_Rossenheim_P3cast3.hex
* Software Version Seasave V 7.22
* Temperature SN = 4511
* Conductivity SN = 3044
* Number of Bytes Per Scan = 40
* Number of Voltage Words = 5
* Number of Scans Averaged by the Deck Unit = 1
* NMEA Latitude = 28 39.15 N
* NMEA Longitude = 088 33.76 W
* NMEA UTC (Time) = Jul 08 2014  15:45:13
# nquan = 10
# nvalues = 33215                                 
# units = specified
# name 0 = latitude: Latitude [deg]
# name 1 = longitude: Longitude [deg]
# name 2 = sal00: Salinity, Practical [PSU]
# name 3 = t090C: Temperature [ITS-90, deg C]
# name 4 = depSM: Depth [salt water, m]
# name 5 = sigma-é00: Density [sigma-theta, Kg/m^3]
# name 6 = flC: Fluorescence, Chelsea Aqua 3 Chl Con [ug/l]
# name 7 = sbeox0Mg/L: Oxygen, SBE 43 [mg/l]
# name 8 = prDM: Pressure, Digiquartz [db]
# name 9 = flag:  0.000e+00
# span 0 =   28.64990,   28.65264                 
# span 1 =  -88.56276,  -88.56042                 
# span 2 =     0.7337,    62.0451                 
# span 3 =     0.9808,    28.9508                 
# span 4 =     -1.106,    103.179                 
# span 5 =    -3.0167,    49.7107                 
# span 6 =    -0.0043,   850.3891                 
# span 7 = -156.91414,   13.33482                 
# span 8 =     -1.114,    103.901                 
# span 9 = 0.0000e+00, 0.0000e+00                 
# interval = seconds: 0.0416667
# start_time = Jul 08 2014 15:45:13 [NMEA time, header]
# bad_flag = -9.990e-29
*END*
[from data line 2307]
   28.65240  -88.56256     0.8485    26.6158     -1.008    -2.7409   850.3891    8.67745     -1.015  0.000e+00
   28.65240  -88.56256     0.8475    26.6150     -0.952    -2.7414   850.3891    8.67765     -0.958  0.000e+00
   28.65240  -88.56256     0.8458    26.6140     -1.008    -2.7424   850.3891    8.68277     -1.015  0.000e+00
   28.65240  -88.56256     0.8452    26.6129     -1.001    -2.7426   850.3891    8.67822     -1.008  0.000e+00
   28.65240  -88.56256     0.8440    26.6123     -1.001    -2.7433   850.3891    8.67831     -1.008  0.000e+00
   28.65240  -88.56256     0.8429    26.6115     -0.959    -2.7439   850.3891    8.67849     -0.965  0.000e+00
   28.65240  -88.56256     0.8417    26.6105     -1.001    -2.7445   850.3891    8.68359     -1.008  0.000e+00
   28.65240  -88.56256     0.8415    26.6097     -1.008    -2.7445   850.3891    8.67895     -1.015  0.000e+00
   28.65240  -88.56256     0.8414    26.6089     -1.001    -2.7443   850.3891    8.67902     -1.008  0.000e+00
   28.65240  -88.56256     0.8414    26.6080     -1.008    -2.7440   850.3891    8.67909     -1.015  0.000e+00
   28.65240  -88.56256     0.8415    26.6073     -0.952    -2.7438   850.3891    8.67918     -0.958  0.000e+00
   28.65240  -88.56256     0.8419    26.6065     -1.057    -2.7433   850.3891    8.67882     -1.064  0.000e+00
   28.65240  -88.56256     0.8427    26.6060     -0.959    -2.7426   850.3891    8.67888     -0.966  0.000e+00
   28.65240  -88.56256     0.8431    26.6050     -1.001    -2.7419   850.3891    8.67889     -1.008  0.000e+00
   28.65240  -88.56256     0.8435    26.6046     -1.008    -2.7415   850.3891    8.67885     -1.015  0.000e+00
   28.65240  -88.56256     0.8440    26.6036     -1.001    -2.7409   850.3891    8.67892     -1.008  0.000e+00
   28.65240  -88.56256     0.8448    26.6029     -1.001    -2.7401   850.3891    8.67891     -1.008  0.000e+00
   28.65240  -88.56256     0.8451    26.6021     -1.008    -2.7396   850.3891    8.67893     -1.015  0.000e+00
   28.65240  -88.56256     0.8454    26.6015     -1.001    -2.7393   850.3891    8.67895     -1.008  0.000e+00
   28.65240  -88.56256     0.8445    26.6005     -0.959    -2.7397   850.3891    8.68410     -0.966  0.000e+00
   28.65240  -88.56256     0.8441    26.5998     -1.001    -2.7398   850.3891    8.67967     -1.008  0.000e+00
   28.65240  -88.56256     0.8437    26.5988     -1.008    -2.7398   850.3891    8.68476     -1.015  0.000e+00
   28.65240  -88.56256     0.8434    26.5982     -1.001    -2.7399   850.3891    8.68008     -1.008  0.000e+00
   28.65240  -88.56256     0.8427    26.5974     -1.001    -2.7402   850.3891    8.68015     -1.008  0.000e+00
   28.65240  -88.56256     0.8420    26.5966     -0.959    -2.7405   850.3891    8.67528     -0.966  0.000e+00
   28.65240  -88.56256     0.8412    26.5955     -1.001    -2.7408   850.3891    8.68006     -1.008  0.000e+00
   28.65240  -88.56256     0.8406    26.5949     -1.008    -2.7411   850.3891    8.68040     -1.015  0.000e+00
   28.65240  -88.56256     0.8392    26.5939     -1.001    -2.7419   850.3891    8.68057     -1.008  0.000e+00
   28.65240  -88.56256     0.8378    26.5929     -1.001    -2.7427   850.3891    8.68072     -1.008  0.000e+00
   28.65240  -88.56256     0.8365    26.5923     -0.959    -2.7434   850.3891    8.68116     -0.966  0.000e+00
   28.65240  -88.56256     0.8365    26.5915     -1.001    -2.7432   850.3891    8.68119     -1.008  0.000e+00
   28.65240  -88.56256     0.8360    26.5906     -0.959    -2.7433   850.3891    8.68134     -0.966  0.000e+00
   28.65240  -88.56256     0.8353    26.5897     -1.001    -2.7436   850.3891    8.68142     -1.008  0.000e+00
   28.65240  -88.56256     0.8343    26.5891     -1.008    -2.7442   850.3891    8.68120     -1.015  0.000e+00
   28.65240  -88.56256     0.8347    26.5882     -0.952    -2.7437   850.3891    8.68131     -0.959  0.000e+00
   28.65240  -88.56256     0.8347    26.5875     -1.001    -2.7435   850.3891    8.68161     -1.008  0.000e+00
   28.65240  -88.56256     0.8346    26.5868     -1.008    -2.7434   850.3891    8.68665     -1.015  0.000e+00
   28.65240  -88.56256     0.8342    26.5860     -1.001    -2.7435   850.3891    8.68202     -1.008  0.000e+00
   28.65240  -88.56256     0.8341    26.5853     -1.008    -2.7433   850.3891    8.68706     -1.015  0.000e+00
   28.65240  -88.56256     0.8342    26.5846     -0.952    -2.7431   850.3891    8.68743     -0.959  0.000e+00
   28.65240  -88.56256     0.8340    26.5840     -1.008    -2.7431   850.3891    8.68267     -1.015  0.000e+00
   28.65240  -88.56256     0.8340    26.5833     -1.001    -2.7429   850.3891    8.68769     -1.008  0.000e+00
   28.65240  -88.56256     0.8337    26.5826     -1.001    -2.7429   850.3891    8.68800     -1.008  0.000e+00
   28.65240  -88.56256     0.8337    26.5822     -0.959    -2.7428   850.3891    8.68327     -0.966  0.000e+00
   28.65240  -88.56256     0.8335    26.5813     -1.057    -2.7428   850.3891    8.67822     -1.064  0.000e+00
   28.65240  -88.56256     0.8344    26.5806     -1.008    -2.7418   850.3891    8.68324     -1.015  0.000e+00
   28.65240  -88.56256     0.8348    26.5800     -0.952    -2.7414   850.3891    8.68357     -0.959  0.000e+00
   28.65240  -88.56256     0.8360    26.5795     -1.001    -2.7404   850.3891    8.68347     -1.008  0.000e+00
   28.65240  -88.56256     0.8358    26.5784     -1.008    -2.7402   850.3891    8.68357     -1.015  0.000e+00
   28.65240  -88.56256     0.8365    26.5778     -1.001    -2.7395   850.3891    8.68355     -1.008  0.000e+00
   28.65240  -88.56256     0.8365    26.5773     -1.008    -2.7394   850.3891    8.68355     -1.015  0.000e+00
   28.65240  -88.56256     0.8369    26.5764     -1.001    -2.7389   850.3891    8.68389     -1.008  0.000e+00
   28.65240  -88.56256     0.8371    26.5756     -1.008    -2.7385   850.3891    8.68393     -1.015  0.000e+00
   28.65240  -88.56256     0.8368    26.5747     -0.952    -2.7384   850.3891    8.68407     -0.959  0.000e+00
   28.65240  -88.56256     0.8371    26.5738     -1.001    -2.7380   850.3891    8.68408     -1.008  0.000e+00
   28.65240  -88.56256     0.8369    26.5734     -1.008    -2.7380   850.3891    8.68437     -1.015  0.000e+00
   28.65240  -88.56256     0.8367    26.5727     -0.952    -2.7380   850.3891    8.67950     -0.959  0.000e+00
   28.65240  -88.56256     0.8363    26.5716     -1.008    -2.7380   850.3891    8.68430     -1.015  0.000e+00
   28.65240  -88.56256     0.8361    26.5711     -1.001    -2.7380   850.3891    8.68437     -1.008  0.000e+00
   28.65240  -88.56256     0.8360    26.5701     -1.064    -2.7378   850.3891    8.68441     -1.071  0.000e+00
   28.65240  -88.56256     0.8357    26.5695     -0.952    -2.7379   850.3891    8.68460     -0.959  0.000e+00
   28.65240  -88.56256     0.8352    26.5687     -1.001    -2.7380   850.3891    8.68465     -1.008  0.000e+00
   28.65240  -88.56256     0.8349    26.5680     -0.959    -2.7381   850.3891    8.68477     -0.966  0.000e+00
   28.65240  -88.56256     0.8342    26.5672     -1.001    -2.7384   850.3891    8.68484     -1.008  0.000e+00
   28.65240  -88.56256     0.8340    26.5665     -1.008    -2.7383   850.3891    8.68492     -1.015  0.000e+00
   28.65240  -88.56256     0.8339    26.5657     -1.001    -2.7382   850.3891    8.68502     -1.008  0.000e+00
   28.65240  -88.56256     0.8337    26.5650     -1.001    -2.7382   850.3891    8.68508     -1.008  0.000e+00
   28.65240  -88.56256     0.8327    26.5645     -0.959    -2.7387   850.3891    8.68522     -0.966  0.000e+00
   28.65240  -88.56256     0.8322    26.5637     -1.001    -2.7389   850.3891    8.68058     -1.008  0.000e+00
   28.65240  -88.56256     0.8317    26.5629     -1.008    -2.7391   850.3891    8.68542     -1.015  0.000e+00
   28.65240  -88.56256     0.8311    26.5623     -1.001    -2.7394   850.3891    8.68582     -1.008  0.000e+00
   28.65240  -88.56256     0.8309    26.5616     -1.008    -2.7394   850.3891    8.68592     -1.015  0.000e+00
   28.65240  -88.56256     0.8308    26.5610     -1.001    -2.7392   850.3891    8.68602     -1.008  0.000e+00
   28.65240  -88.56256     0.8305    26.5603     -1.001    -2.7393   850.3891    8.69084     -1.008  0.000e+00
   28.65240  -88.56256     0.8296    26.5595     -1.008    -2.7397   850.3891    8.68627     -1.015  0.000e+00
   28.65240  -88.56256     0.8295    26.5590     -1.001    -2.7397   850.3891    8.68631     -1.008  0.000e+00
   28.65240  -88.56256     0.8302    26.5581     -1.008    -2.7389   850.3891    8.68638     -1.015  0.000e+00
   28.65240  -88.56256     0.8302    26.5578     -1.001    -2.7388   850.3891    8.68641     -1.008  0.000e+00
   28.65240  -88.56256     0.8301    26.5573     -1.001    -2.7388   850.3891    8.68146     -1.008  0.000e+00
   28.65240  -88.56256     0.8302    26.5563     -1.008    -2.7384   850.3891    8.68630     -1.015  0.000e+00
   28.65240  -88.56256     0.8306    26.5557     -1.001    -2.7380   850.3891    8.68636     -1.008  0.000e+00
   28.65240  -88.56256     0.8310    26.5551     -1.008    -2.7374   850.3891    8.68641     -1.015  0.000e+00
   28.65240  -88.56256     0.8307    26.5546     -1.001    -2.7376   850.3891    8.68648     -1.008  0.000e+00
   28.65240  -88.56256     0.8307    26.5541     -0.959    -2.7374   850.3891    8.68659     -0.966  0.000e+00
   28.65240  -88.56256     0.8308    26.5531     -1.001    -2.7371   850.3891    8.69167     -1.008  0.000e+00
   28.65240  -88.56256     0.8312    26.5526     -1.001    -2.7366   850.3891    8.68728     -1.008  0.000e+00
   28.65240  -88.56256     0.8307    26.5519     -1.064    -2.7368   850.3891    8.68733     -1.071  0.000e+00
   28.65240  -88.56256     0.8305    26.5512     -0.952    -2.7368   850.3891    8.68785     -0.959  0.000e+00
   28.65240  -88.56256     0.8302    26.5506     -1.008    -2.7368   850.3891    8.68819     -1.015  0.000e+00
   28.65240  -88.56256     0.8299    26.5497     -1.001    -2.7368   850.3891    8.68835     -1.008  0.000e+00
   28.65240  -88.56256     0.8295    26.5490     -0.959    -2.7369   850.3891    8.69383     -0.966  0.000e+00
   28.65240  -88.56256     0.8291    26.5484     -1.057    -2.7371   850.3891    8.68941     -1.064  0.000e+00
   28.65240  -88.56256     0.8284    26.5478     -1.001    -2.7375   850.3891    8.68962     -1.008  0.000e+00
   28.65240  -88.56256     0.8282    26.5473     -1.008    -2.7375   850.3891    8.68941     -1.015  0.000e+00
   28.65240  -88.56256     0.8277    26.5464     -1.001    -2.7376   850.3891    8.68959     -1.008  0.000e+00
   28.65240  -88.56256     0.8277    26.5462     -1.008    -2.7376   850.3891    8.68962     -1.015  0.000e+00
   28.65240  -88.56256     0.8279    26.5455     -1.001    -2.7372   850.3891    8.69474     -1.008  0.000e+00
   28.65240  -88.56256     0.8279    26.5450     -1.001    -2.7370   850.3891    8.69009     -1.008  0.000e+00
   28.65240  -88.56256     0.8276    26.5444     -1.008    -2.7371   850.3891    8.69017     -1.015  0.000e+00
   28.65240  -88.56256     0.8274    26.5437     -0.952    -2.7371   850.3891    8.69035     -0.959  0.000e+00
   28.65240  -88.56256     0.8276    26.5431     -1.064    -2.7368   850.3891    8.69030     -1.071  0.000e+00
   28.65240  -88.56256     0.8276    26.5424     -1.001    -2.7366   850.3891    8.69048     -1.008  0.000e+00
   28.65240  -88.56256     0.8279    26.5417     -1.008    -2.7361   850.3891    8.69056     -1.015  0.000e+00
   28.65240  -88.56256     0.8275    26.5408     -1.001    -2.7362   850.3891    8.68573     -1.008  0.000e+00
   28.65240  -88.56256     0.8271    26.5402     -1.001    -2.7363   850.3891    8.69055     -1.008  0.000e+00
   28.65240  -88.56256     0.8270    26.5395     -1.008    -2.7362   850.3891    8.69037     -1.015  0.000e+00
   28.65240  -88.56256     0.8274    26.5388     -0.952    -2.7357   850.3891    8.69051     -0.959  0.000e+00
   28.65240  -88.56256     0.8274    26.5382     -1.008    -2.7356   850.3891    8.69053     -1.015  0.000e+00
   28.65240  -88.56256     0.8275    26.5371     -1.001    -2.7352   850.3891    8.69070     -1.008  0.000e+00
   28.65240  -88.56256     0.8272    26.5366     -1.001    -2.7353   850.3891    8.69579     -1.008  0.000e+00
   28.65240  -88.56256     0.8273    26.5358     -1.008    -2.7350   850.3891    8.68616     -1.015  0.000e+00
   28.65240  -88.56256     0.8274    26.5349     -1.001    -2.7347   850.3891    8.69101     -1.008  0.000e+00
   28.65240  -88.56256     0.8275    26.5346     -1.008    -2.7345   850.3891    8.69105     -1.015  0.000e+00
   28.65240  -88.56256     0.8274    26.5337     -1.001    -2.7344   850.3891    8.69120     -1.008  0.000e+00
   28.65240  -88.56256     0.8272    26.5328     -1.008    -2.7343   850.3891    8.69134     -1.015  0.000e+00
   28.65240  -88.56256     0.8270    26.5318     -1.001    -2.7342   850.3891    8.68649     -1.008  0.000e+00
   28.65240  -88.56256     0.8266    26.5313     -0.952    -2.7343   850.3891    8.69136     -0.959  0.000e+00
   28.65240  -88.56256     0.8263    26.5307     -1.008    -2.7344   850.3891    8.69612     -1.015  0.000e+00
   28.65240  -88.56256     0.8254    26.5298     -1.001    -2.7348   850.3891    8.69157     -1.008  0.000e+00
   28.65240  -88.56256     0.8248    26.5291     -1.008    -2.7350   850.3891    8.69668     -1.015  0.000e+00
   28.65240  -88.56256     0.8240    26.5282     -0.952    -2.7354   850.3891    8.69219     -0.959  0.000e+00
   28.65240  -88.56256     0.8231    26.5273     -1.008    -2.7359   850.3891    8.69229     -1.015  0.000e+00
   28.65240  -88.56256     0.8221    26.5267     -1.001    -2.7365   850.3891    8.69769     -1.008  0.000e+00
   28.65240  -88.56256     0.8208    26.5258     -1.001    -2.7372   850.3891    8.69315     -1.008  0.000e+00
   28.65240  -88.56256     0.8199    26.5251     -0.959    -2.7377   850.3891    8.69832     -0.966  0.000e+00
   28.65240  -88.56256     0.8188    26.5244     -1.001    -2.7383   850.3891    8.69368     -1.008  0.000e+00
   28.65240  -88.56256     0.8182    26.5238     -1.008    -2.7386   850.3891    8.69374     -1.015  0.000e+00
   28.65240  -88.56256     0.8175    26.5229     -1.001    -2.7388   850.3891    8.69859     -1.008  0.000e+00
   28.65240  -88.56256     0.8168    26.5222     -1.001    -2.7392   850.3891    8.69396     -1.008  0.000e+00
   28.65240  -88.56256     0.8165    26.5216     -0.959    -2.7393   850.3891    8.69404     -0.966  0.000e+00
   28.65240  -88.56256     0.8161    26.5207     -1.057    -2.7393   850.3891    8.69903     -1.064  0.000e+00
   28.65240  -88.56256     0.8161    26.5202     -0.959    -2.7392   850.3891    8.69442     -0.966  0.000e+00
   28.65240  -88.56256     0.8157    26.5195     -1.001    -2.7393   850.3891    8.69443     -1.008  0.000e+00
   28.65240  -88.56256     0.8157    26.5189     -1.008    -2.7391   850.3891    8.69473     -1.015  0.000e+00
   28.65240  -88.56256     0.8159    26.5182     -1.001    -2.7388   850.3891    8.69478     -1.008  0.000e+00
   28.65240  -88.56256     0.8163    26.5176     -1.001    -2.7384   850.3891    8.69477     -1.008  0.000e+00
   28.65240  -88.56256     0.8166    26.5172     -1.008    -2.7380   850.3891    8.69474     -1.015  0.000e+00
   28.65240  -88.56256     0.8168    26.5165     -1.001    -2.7377   850.3891    8.69478     -1.008  0.000e+00
   28.65240  -88.56256     0.8173    26.5160     -1.008    -2.7372   850.3891    8.69477     -1.015  0.000e+00
   28.65240  -88.56256     0.8179    26.5154     -1.001    -2.7366   850.3891    8.69506     -1.008  0.000e+00
   28.65240  -88.56256     0.8179    26.5150     -1.001    -2.7364   850.3891    8.69508     -1.008  0.000e+00
   28.65240  -88.56256     0.8185    26.5143     -1.008    -2.7358   850.3891    8.69509     -1.015  0.000e+00
   28.65240  -88.56256     0.8189    26.5136     -1.001    -2.7353   850.3891    8.69514     -1.008  0.000e+00
