PE15_01_Rossenheim_P3cast3.cnv
* Sea-Bird SBE 9 Data File:
* FileName = D:\CTD Data\2015\PE15-01_Rossenheim\PE15_01_Rossenheim_P3cast3.hex
* Software Version Seasave V 7.22
* Temperature SN = 4511
* Conductivity SN = 3044
* Number of Bytes Per Scan = 40
* Number of Voltage Words = 5
* Number of Scans Averaged by the Deck Unit = 1
* NMEA Latitude = 28 39.15 N
* NMEA Longitude = 088 33.76 W
* NMEA UTC (Time) = Jul 08 2014  15:45:13
# nquan = 10
# nvalues = 33215                                 
# units = specified
# name 0 = latitude: Latitude [deg]
# name 1 = longitude: Longitude [deg]
# name 2 = sal00: Salinity, Practical [PSU]
# name 3 = t090C: Temperature [ITS-90, deg C]
# name 4 = depSM: Depth [salt water, m]
# name 5 = sigma-é00: Density [sigma-theta, Kg/m^3]
# name 6 = flC: Fluorescence, Chelsea Aqua 3 Chl Con [ug/l]
# name 7 = sbeox0Mg/L: Oxygen, SBE 43 [mg/l]
# name 8 = prDM: Pressure, Digiquartz [db]
# name 9 = flag:  0.000e+00
# span 0 =   28.64990,   28.65264                 
# span 1 =  -88.56276,  -88.56042                 
# span 2 =     0.7337,    62.0451                 
# span 3 =     0.9808,    28.9508                 
# span 4 =     -1.106,    103.179                 
# span 5 =    -3.0167,    49.7107                 
# span 6 =    -0.0043,   850.3891                 
# span 7 = -156.91414,   13.33482                 
# span 8 =     -1.114,    103.901                 
# span 9 = 0.0000e+00, 0.0000e+00                 
# interval = seconds: 0.0416667
# start_time = Jul 08 2014 15:45:13 [NMEA time, header]
# bad_flag = -9.990e-29
*END*
[from data line 14559]
   28.65136  -88.56160    36.3792    19.1579    102.968    26.0399     0.0893    4.79391    103.688  0.000e+00
   28.65136  -88.56160    36.3797    19.1579    102.912    26.0403     0.0893    4.79343    103.632  0.000e+00
   28.65136  -88.56160    36.3795    19.1579    102.912    26.0402     0.0887    4.79342    103.632  0.000e+00
   28.65136  -88.56160    36.3792    19.1579    102.912    26.0399     0.0884    4.79830    103.632  0.000e+00
   28.65136  -88.56160    36.3793    19.1581    102.968    26.0399     0.0884    4.79388    103.688  0.000e+00
   28.65136  -88.56160    36.3791    19.1583    102.912    26.0397     0.0879    4.78865    103.632  0.000e+00
   28.65136  -88.56160    36.3791    19.1584    102.912    26.0397     0.0876    4.78834    103.632  0.000e+00
   28.65136  -88.56160    36.3794    19.1582    102.912    26.0399     0.0870    4.78771    103.632  0.000e+00
   28.65136  -88.56160    36.3791    19.1583    102.912    26.0397     0.0867    4.79721    103.632  0.000e+00
   28.65136  -88.56160    36.3792    19.1583    102.912    26.0398     0.0865    4.79293    103.632  0.000e+00
   28.65136  -88.56160    36.3792    19.1590    102.863    26.0396     0.0865    4.79307    103.583  0.000e+00
   28.65136  -88.56160    36.3792    19.1593    102.912    26.0395     0.0859    4.79332    103.632  0.000e+00
   28.65136  -88.56160    36.3796    19.1596    102.863    26.0397     0.0862    4.79314    103.583  0.000e+00
   28.65136  -88.56160    36.3791    19.1607    102.912    26.0391     0.0859    4.78854    103.632  0.000e+00
   28.65136  -88.56160    36.3785    19.1610    102.863    26.0386     0.0859    4.79817    103.583  0.000e+00
   28.65136  -88.56160    36.3784    19.1609    102.912    26.0385     0.0856    4.79372    103.632  0.000e+00
   28.65136  -88.56160    36.3788    19.1603    102.912    26.0390     0.0854    4.79414    103.632  0.000e+00
   28.65136  -88.56160    36.3795    19.1603    102.814    26.0395     0.0854    4.78963    103.533  0.000e+00
   28.65136  -88.56160    36.3795    19.1602    102.912    26.0395     0.0854    4.79424    103.632  0.000e+00
   28.65136  -88.56160    36.3798    19.1605    102.814    26.0397     0.0854    4.79462    103.533  0.000e+00
   28.65136  -88.56160    36.3799    19.1609    102.912    26.0397     0.0856    4.79516    103.632  0.000e+00
   28.65136  -88.56160    36.3797    19.1616    102.863    26.0393     0.0856    4.79562    103.583  0.000e+00
   28.65136  -88.56160    36.3798    19.1613    102.814    26.0395     0.0856    4.79620    103.533  0.000e+00
   28.65136  -88.56160    36.3799    19.1616    102.863    26.0394     0.0854    4.79156    103.583  0.000e+00
   28.65136  -88.56160    36.3800    19.1614    102.912    26.0396     0.0854    4.80075    103.632  0.000e+00
   28.65136  -88.56160    36.3799    19.1617    102.814    26.0394     0.0851    4.79198    103.533  0.000e+00
   28.65136  -88.56160    36.3800    19.1614    102.814    26.0396     0.0854    4.79149    103.533  0.000e+00
   28.65136  -88.56160    36.3797    19.1617    102.863    26.0392     0.0851    4.79181    103.583  0.000e+00
   28.65136  -88.56160    36.3799    19.1617    102.863    26.0394     0.0854    4.79175    103.583  0.000e+00
   28.65136  -88.56160    36.3798    19.1619    102.814    26.0393     0.0856    4.79169    103.533  0.000e+00
   28.65136  -88.56160    36.3793    19.1619    102.863    26.0390     0.0856    4.79175    103.583  0.000e+00
   28.65136  -88.56160    36.3789    19.1616    102.814    26.0387     0.0859    4.79181    103.533  0.000e+00
   28.65136  -88.56160    36.3797    19.1610    102.863    26.0394     0.0859    4.79680    103.583  0.000e+00
   28.65136  -88.56160    36.3794    19.1610    102.814    26.0393     0.0862    4.79726    103.533  0.000e+00
   28.65136  -88.56160    36.3796    19.1612    102.814    26.0394     0.0862    4.80219    103.533  0.000e+00
   28.65136  -88.56160    36.3795    19.1612    102.863    26.0392     0.0865    4.79824    103.583  0.000e+00
   28.65136  -88.56160    36.3793    19.1616    102.814    26.0390     0.0862    4.79869    103.533  0.000e+00
   28.65136  -88.56160    36.3796    19.1614    102.814    26.0393     0.0865    4.79881    103.533  0.000e+00
   28.65136  -88.56160    36.3794    19.1614    102.814    26.0391     0.0859    4.79933    103.533  0.000e+00
   28.65136  -88.56160    36.3796    19.1613    102.814    26.0393     0.0859    4.79946    103.533  0.000e+00
   28.65136  -88.56160    36.3798    19.1612    102.814    26.0394     0.0865    4.79959    103.533  0.000e+00
   28.65136  -88.56160    36.3792    19.1616    102.814    26.0389     0.0867    4.80496    103.533  0.000e+00
   28.65136  -88.56160    36.3794    19.1617    102.814    26.0390     0.0873    4.80061    103.533  0.000e+00
   28.65136  -88.56160    36.3792    19.1619    102.863    26.0389     0.0873    4.80075    103.583  0.000e+00
   28.65136  -88.56160    36.3791    19.1621    102.814    26.0387     0.0876    4.80084    103.533  0.000e+00
   28.65136  -88.56160    36.3792    19.1617    102.814    26.0389     0.0876    4.80059    103.533  0.000e+00
   28.65136  -88.56160    36.3791    19.1614    102.814    26.0389     0.0881    4.80114    103.533  0.000e+00
   28.65136  -88.56160    36.3795    19.1614    102.814    26.0392     0.0879    4.80612    103.533  0.000e+00
   28.65136  -88.56160    36.3794    19.1616    102.814    26.0391     0.0881    4.80135    103.533  0.000e+00
   28.65136  -88.56160    36.3794    19.1614    102.814    26.0391     0.0881    4.80146    103.533  0.000e+00
   28.65136  -88.56160    36.3791    19.1610    102.814    26.0390     0.0881    4.79675    103.533  0.000e+00
   28.65136  -88.56160    36.3794    19.1609    102.814    26.0393     0.0881    4.80618    103.533  0.000e+00
   28.65134  -88.56160    36.3791    19.1607    102.814    26.0391     0.0879    4.80224    103.533  0.000e+00
   28.65134  -88.56160    36.3793    19.1605    102.814    26.0393     0.0881    4.80236    103.533  0.000e+00
   28.65134  -88.56160    36.3793    19.1602    102.814    26.0394     0.0879    4.80696    103.533  0.000e+00
   28.65134  -88.56160    36.3790    19.1599    102.814    26.0392     0.0881    4.80220    103.533  0.000e+00
   28.65134  -88.56160    36.3787    19.1593    102.814    26.0391     0.0879    4.80193    103.533  0.000e+00
   28.65134  -88.56160    36.3790    19.1588    102.863    26.0395     0.0879    4.80245    103.583  0.000e+00
   28.65134  -88.56160    36.3794    19.1579    102.814    26.0400     0.0879    4.79770    103.533  0.000e+00
   28.65134  -88.56160    36.3791    19.1572    102.814    26.0400     0.0879    4.80717    103.533  0.000e+00
   28.65134  -88.56160    36.3790    19.1574    102.814    26.0399     0.0876    4.80275    103.533  0.000e+00
   28.65134  -88.56160    36.3791    19.1575    102.814    26.0399     0.0879    4.80280    103.533  0.000e+00
   28.65134  -88.56160    36.3788    19.1574    102.863    26.0397     0.0873    4.80737    103.583  0.000e+00
   28.65134  -88.56160    36.3795    19.1572    102.758    26.0403     0.0873    4.80327    103.477  0.000e+00
   28.65134  -88.56160    36.3798    19.1572    102.863    26.0405     0.0873    4.80823    103.583  0.000e+00
   28.65134  -88.56160    36.3797    19.1577    102.814    26.0403     0.0873    4.80857    103.533  0.000e+00
   28.65134  -88.56160    36.3796    19.1575    102.814    26.0403     0.0870    4.80859    103.533  0.000e+00
   28.65134  -88.56160    36.3791    19.1577    102.863    26.0399     0.0870    4.80899    103.583  0.000e+00
   28.65134  -88.56160    36.3791    19.1579    102.814    26.0398     0.0873    4.80930    103.533  0.000e+00
   28.65134  -88.56160    36.3791    19.1580    102.814    26.0398     0.0870    4.80478    103.533  0.000e+00
   28.65134  -88.56160    36.3789    19.1586    102.814    26.0395     0.0870    4.80953    103.533  0.000e+00
   28.65134  -88.56160    36.3778    19.1600    102.863    26.0383     0.0870    4.80494    103.583  0.000e+00
   28.65134  -88.56160    36.3763    19.1624    102.814    26.0365     0.0870    4.80911    103.533  0.000e+00
   28.65134  -88.56160    36.3752    19.1644    102.814    26.0352     0.0870    4.80481    103.533  0.000e+00
   28.65134  -88.56160    36.3754    19.1654    102.814    26.0350     0.0870    4.80908    103.533  0.000e+00
   28.65134  -88.56160    36.3769    19.1649    102.814    26.0364     0.0873    4.80410    103.533  0.000e+00
   28.65134  -88.56160    36.3777    19.1664    102.814    26.0365     0.0876    4.80826    103.533  0.000e+00
   28.65134  -88.56160    36.3774    19.1687    102.814    26.0357     0.0876    4.80303    103.533  0.000e+00
   28.65134  -88.56160    36.3778    19.1698    102.814    26.0357     0.0876    4.80235    103.533  0.000e+00
   28.65134  -88.56160    36.3783    19.1705    102.814    26.0360     0.0879    4.80167    103.533  0.000e+00
   28.65134  -88.56160    36.3774    19.1718    102.814    26.0349     0.0876    4.80581    103.533  0.000e+00
   28.65134  -88.56160    36.3770    19.1717    102.758    26.0346     0.0876    4.80110    103.477  0.000e+00
   28.65134  -88.56160    36.3777    19.1698    102.814    26.0357     0.0876    4.80590    103.533  0.000e+00
   28.65134  -88.56160    36.3780    19.1680    102.758    26.0364     0.0876    4.80655    103.477  0.000e+00
   28.65134  -88.56160    36.3787    19.1649    102.814    26.0377     0.0876    4.80697    103.533  0.000e+00
   28.65134  -88.56160    36.3798    19.1617    102.758    26.0393     0.0876    4.80730    103.477  0.000e+00
   28.65134  -88.56160    36.3798    19.1607    102.758    26.0396     0.0876    4.80750    103.477  0.000e+00
   28.65134  -88.56160    36.3797    19.1612    102.709    26.0394     0.0876    4.80750    103.428  0.000e+00
   28.65134  -88.56160    36.3800    19.1621    102.758    26.0394     0.0879    4.80751    103.477  0.000e+00
   28.65134  -88.56160    36.3811    19.1624    102.758    26.0402     0.0873    4.80264    103.477  0.000e+00
   28.65134  -88.56160    36.3821    19.1633    102.709    26.0407     0.0876    4.80742    103.428  0.000e+00
   28.65134  -88.56160    36.3819    19.1648    102.709    26.0401     0.0873    4.80249    103.428  0.000e+00
   28.65134  -88.56160    36.3814    19.1666    102.709    26.0393     0.0873    4.80685    103.428  0.000e+00
   28.65134  -88.56160    36.3800    19.1703    102.660    26.0373     0.0876    4.80656    103.378  0.000e+00
   28.65134  -88.56160    36.3796    19.1727    102.709    26.0363     0.0876    4.79670    103.428  0.000e+00
   28.65134  -88.56160    36.3798    19.1739    102.660    26.0362     0.0876    4.80551    103.378  0.000e+00
   28.65134  -88.56160    36.3789    19.1762    102.660    26.0349     0.0876    4.80090    103.378  0.000e+00
   28.65134  -88.56160    36.3794    19.1764    102.660    26.0353     0.0879    4.80052    103.378  0.000e+00
   28.65134  -88.56160    36.3799    19.1759    102.660    26.0358     0.0879    4.80020    103.378  0.000e+00
   28.65134  -88.56160    36.3796    19.1759    102.604    26.0355     0.0879    4.79941    103.322  0.000e+00
   28.65132  -88.56160    36.3789    19.1766    102.604    26.0348     0.0879    4.79940    103.322  0.000e+00
   28.65132  -88.56160    36.3796    19.1760    102.604    26.0355     0.0876    4.80393    103.322  0.000e+00
   28.65132  -88.56160    36.3796    19.1760    102.604    26.0355     0.0876    4.79909    103.322  0.000e+00
   28.65132  -88.56160    36.3793    19.1762    102.604    26.0352     0.0870    4.79912    103.322  0.000e+00
   28.65132  -88.56160    36.3793    19.1769    102.555    26.0350     0.0873    4.79382    103.273  0.000e+00
   28.65132  -88.56160    36.3793    19.1778    102.604    26.0348     0.0870    4.80275    103.322  0.000e+00
   28.65132  -88.56160    36.3797    19.1788    102.555    26.0348     0.0870    4.79295    103.273  0.000e+00
   28.65132  -88.56160    36.3788    19.1806    102.506    26.0337     0.0876    4.79651    103.223  0.000e+00
   28.65132  -88.56160    36.3794    19.1813    102.555    26.0340     0.0876    4.79650    103.273  0.000e+00
   28.65132  -88.56160    36.3805    19.1814    102.555    26.0348     0.0876    4.80097    103.273  0.000e+00
   28.65132  -88.56160    36.3807    19.1816    102.506    26.0349     0.0879    4.80095    103.223  0.000e+00
   28.65132  -88.56160    36.3803    19.1820    102.506    26.0345     0.0884    4.80135    103.223  0.000e+00
   28.65132  -88.56160    36.3800    19.1823    102.506    26.0342     0.0884    4.79649    103.223  0.000e+00
   28.65132  -88.56160    36.3799    19.1825    102.506    26.0341     0.0887    4.80136    103.223  0.000e+00
   28.65132  -88.56160    36.3797    19.1820    102.450    26.0340     0.0890    4.80180    103.167  0.000e+00
   28.65132  -88.56160    36.3792    19.1818    102.506    26.0337     0.0890    4.79743    103.223  0.000e+00
   28.65132  -88.56160    36.3796    19.1822    102.450    26.0339     0.0896    4.80225    103.167  0.000e+00
   28.65132  -88.56160    36.3805    19.1827    102.401    26.0345     0.0899    4.80259    103.118  0.000e+00
   28.65132  -88.56160    36.3802    19.1834    102.450    26.0341     0.0902    4.80259    103.167  0.000e+00
   28.65132  -88.56160    36.3807    19.1837    102.450    26.0343     0.0902    4.80297    103.167  0.000e+00
   28.65132  -88.56160    36.3814    19.1835    102.401    26.0349     0.0907    4.80295    103.118  0.000e+00
   28.65132  -88.56160    36.3816    19.1841    102.352    26.0349     0.0910    4.80327    103.068  0.000e+00
   28.65132  -88.56160    36.3813    19.1847    102.401    26.0346     0.0916    4.80325    103.118  0.000e+00
   28.65132  -88.56160    36.3809    19.1853    102.352    26.0341     0.0919    4.80842    103.068  0.000e+00
   28.65132  -88.56160    36.3809    19.1856    102.401    26.0340     0.0922    4.80392    103.118  0.000e+00
   28.65132  -88.56160    36.3802    19.1860    102.303    26.0334     0.0928    4.80905    103.019  0.000e+00
   28.65132  -88.56160    36.3805    19.1860    102.352    26.0336     0.0931    4.80940    103.068  0.000e+00
   28.65132  -88.56160    36.3808    19.1865    102.352    26.0337     0.0934    4.80478    103.068  0.000e+00
   28.65132  -88.56160    36.3812    19.1869    102.303    26.0339     0.0934    4.80945    103.019  0.000e+00
   28.65132  -88.56160    36.3809    19.1881    102.303    26.0333     0.0937    4.80514    103.019  0.000e+00
   28.65132  -88.56160    36.3808    19.1886    102.247    26.0331     0.0940    4.80976    102.963  0.000e+00
   28.65132  -88.56160    36.3812    19.1891    102.303    26.0333     0.0940    4.80550    103.019  0.000e+00
   28.65132  -88.56160    36.3806    19.1898    102.247    26.0327     0.0940    4.81050    102.963  0.000e+00
   28.65132  -88.56160    36.3804    19.1900    102.247    26.0325     0.0940    4.81593    102.963  0.000e+00
   28.65132  -88.56160    36.3797    19.1910    102.247    26.0317     0.0943    4.81196    102.963  0.000e+00
   28.65132  -88.56160    36.3802    19.1912    102.198    26.0320     0.0940    4.81244    102.913  0.000e+00
   28.65132  -88.56160    36.3803    19.1910    102.247    26.0321     0.0943    4.81787    102.963  0.000e+00
   28.65132  -88.56160    36.3802    19.1910    102.198    26.0321     0.0940    4.81872    102.913  0.000e+00
   28.65132  -88.56160    36.3808    19.1909    102.198    26.0325     0.0940    4.81432    102.913  0.000e+00
   28.65132  -88.56160    36.3807    19.1912    102.149    26.0324     0.0937    4.81955    102.864  0.000e+00
   28.65132  -88.56160    36.3806    19.1914    102.198    26.0323     0.0937    4.81995    102.913  0.000e+00
   28.65132  -88.56160    36.3806    19.1916    102.198    26.0322     0.0931    4.82068    102.913  0.000e+00
   28.65132  -88.56160    36.3805    19.1919    102.093    26.0320     0.0931    4.82130    102.808  0.000e+00
