WS23139_STN16_15CTD.cnv
* Sea-Bird SBE 9 Data File:
* FileName = C:\ctd\Cruise_Data\WS23139_Rosenheim\WS23139_Rosenheim_STN16_2.hex
* Software Version Seasave V 7.26.7.121
* Temperature SN = 4097 MTG 177
* Conductivity SN = 1851 MTG 053
* Number of Bytes Per Scan = 40
* Number of Voltage Words = 5
* Number of Scans Averaged by the Deck Unit = 1
* NMEA Latitude = 05 44.87 N
* NMEA Longitude = 053 19.26 W
* NMEA UTC (Time) = Jun 15 2023 20:42:50
** Ship:
** Station:
** Operator:
# nquan = 12
# nvalues = 9495                                  
# units = specified
# name 0 = depSM: Depth [salt water, m]
# name 1 = c0S/m: Conductivity [S/m]
# name 2 = density00: Density [density, kg/m^3]
# name 3 = flSP: Fluorescence, Seapoint
# name 4 = wetCDOM: Fluorescence, WET Labs CDOM [mg/m^3]
# name 5 = flECO-AFL: Fluorescence, WET Labs ECO-AFL/FL [mg/m^3]
# name 6 = sbeox0Mg/L: Oxygen, SBE 43 [mg/l]
# name 7 = sbeox0PS: Oxygen, SBE 43 [% saturation]
# name 8 = par: PAR/Irradiance, Biospherical/Licor [Watts/m^2]
# name 9 = sal00: Salinity, Practical [PSU]
# name 10 = t090C: Temperature [ITS-90, deg C]
# name 11 = flag:  0.000e+00
# span 0 =      1.511,     17.640                 
# span 1 =   2.066312,   5.697261                 
# span 2 =  1004.9330,  1023.6097                 
# span 3 = 7.8144e-02, 1.8193e-01                 
# span 4 =    -0.6890,   264.3110                 
# span 5 =     0.4794,     2.7383                 
# span 6 =     3.9707,     6.4980                 
# span 7 =     61.600,    100.966                 
# span 8 = 9.9065e-02, 5.3411e+02                 
# span 9 =    11.6012,    36.1547                 
# span 10 =    27.1671,    27.9200                
# span 11 = 0.0000e+00, 0.0000e+00                
# interval = seconds: 0.0416667
# start_time = Jun 15 2023 20:42:50 [NMEA time, header]
# bad_flag = -9.990e-29
*END*
[from data line 9384]
      1.839   5.673386  1022.8729 1.4042e-01   259.8458     2.4941     6.0405     93.713 1.6490e+02    35.5264    27.7722  0.000e+00
      1.872   5.673231  1022.8731 1.4042e-01   259.9105     2.4941     6.0368     93.655 1.6444e+02    35.5261    27.7712  0.000e+00
      1.839   5.673253  1022.8722 1.4286e-01   259.9105     2.4941     6.0407     93.716 1.6583e+02    35.5254    27.7722  0.000e+00
      1.814   5.673209  1022.8701 1.4164e-01   259.9105     2.4941     6.0407     93.718 1.6583e+02    35.5237    27.7741  0.000e+00
      1.839   5.673121  1022.8690 1.3797e-01   259.9105     2.4941     6.0486     93.841 1.6818e+02    35.5224    27.7750  0.000e+00
      1.839   5.673165  1022.8686 1.3431e-01   259.9105     2.4636     6.0491     93.850 1.8505e+02    35.5222    27.7757  0.000e+00
      1.872   5.673187  1022.8681 1.3309e-01   259.9105     2.4941     6.0534     93.918 1.9357e+02    35.5217    27.7765  0.000e+00
      1.839   5.673180  1022.8672 1.3431e-01   259.9105     2.4636     6.0578     93.988 2.0021e+02    35.5210    27.7774  0.000e+00
      1.814   5.673143  1022.8660 1.3675e-01   259.9105     2.4941     6.0583     93.996 3.2109e+02    35.5201    27.7783  0.000e+00
      1.781   5.673172  1022.8654 1.3797e-01   259.8458     2.5857     6.0588     94.005 4.1939e+02    35.5197    27.7790  0.000e+00
      1.839   5.673113  1022.8648 1.3675e-01   259.8458     2.6772     6.0631     94.073 4.3257e+02    35.5189    27.7796  0.000e+00
      1.814   5.673062  1022.8643 1.3675e-01   259.8458     2.7078     6.0637     94.081 4.2176e+02    35.5184    27.7798  0.000e+00
      1.839   5.673076  1022.8641 1.3553e-01   259.8458     2.6772     6.0722     94.213 4.1704e+02    35.5182    27.7801  0.000e+00
      1.814   5.673062  1022.8643 1.3431e-01   259.9105     2.6772     6.0690     94.163 4.1587e+02    35.5184    27.7798  0.000e+00
      1.839   5.673047  1022.8656 1.3309e-01   259.9105     2.6772     6.0735     94.231 4.1238e+02    35.5194    27.7783  0.000e+00
      1.872   5.673084  1022.8671 1.3553e-01   259.8458     2.6772     6.0739     94.237 4.0891e+02    35.5206    27.7770  0.000e+00
      1.781   5.673091  1022.8674 1.3431e-01   259.8458     2.6772     6.0741     94.238 4.0777e+02    35.5212    27.7763  0.000e+00
      1.905   5.673091  1022.8681 1.3309e-01   259.9105     2.6772     6.0743     94.242 4.0434e+02    35.5213    27.7761  0.000e+00
      1.872   5.673069  1022.8670 1.3187e-01   259.8458     2.6772     6.0782     94.303 4.0094e+02    35.5205    27.7770  0.000e+00
      1.839   5.673047  1022.8653 1.3309e-01   259.9105     2.6772     6.0819     94.363 4.0094e+02    35.5191    27.7787  0.000e+00
      1.872   5.673084  1022.8650 1.3187e-01   259.9105     2.6772     6.0820     94.365 3.9203e+02    35.5188    27.7794  0.000e+00
      1.905   5.673091  1022.8645 1.3065e-01   259.8458     2.6772     6.0819     94.365 3.7902e+02    35.5183    27.7801  0.000e+00
      1.905   5.673128  1022.8645 1.3065e-01   259.9105     2.6772     6.0777     94.299 3.7478e+02    35.5184    27.7803  0.000e+00
      1.930   5.673165  1022.8648 1.3187e-01   259.9105     2.6772     6.0810     94.351 3.0014e+02    35.5187    27.7803  0.000e+00
      1.905   5.673224  1022.8652 1.3187e-01   259.8458     2.6772     6.0805     94.343 1.8401e+02    35.5192    27.7801  0.000e+00
      1.996   5.673128  1022.8650 1.3309e-01   259.9105     2.6772     6.0799     94.334 1.5677e+02    35.5185    27.7801  0.000e+00
      1.963   5.673091  1022.8644 1.3187e-01   259.9105     2.6772     6.0832     94.385 1.5721e+02    35.5180    27.7805  0.000e+00
      1.996   5.673025  1022.8635 1.3187e-01   259.9105     2.6772     6.0825     94.375 1.5765e+02    35.5170    27.7812  0.000e+00
      2.020   5.673040  1022.8639 1.3309e-01   259.9105     2.6772     6.0817     94.362 1.5721e+02    35.5172    27.7810  0.000e+00
      2.020   5.673047  1022.8641 1.3431e-01   259.9105     2.6772     6.0807     94.346 1.5677e+02    35.5174    27.7809  0.000e+00
      2.053   5.673047  1022.8640 1.3187e-01   259.9105     2.6772     6.0797     94.330 1.5501e+02    35.5172    27.7810  0.000e+00
      2.020   5.673076  1022.8629 1.2943e-01   259.9105     2.6772     6.0783     94.311 1.5371e+02    35.5165    27.7823  0.000e+00
      2.053   5.673091  1022.8621 1.2821e-01   259.9105     2.6772     6.0772     94.296 1.5328e+02    35.5157    27.7834  0.000e+00
      2.020   5.673098  1022.8620 1.2943e-01   259.9105     2.6772     6.0760     94.277 1.4612e+02    35.5158    27.7834  0.000e+00
      2.119   5.673157  1022.8636 1.3187e-01   259.9105     2.6772     6.0750     94.260 1.4167e+02    35.5169    27.7825  0.000e+00
      2.086   5.673253  1022.8643 1.3431e-01   259.9105     2.4941     6.0737     94.240 1.4167e+02    35.5178    27.7822  0.000e+00
      2.144   5.673275  1022.8640 1.3553e-01   259.9105     2.3109     6.0724     94.221 1.4088e+02    35.5174    27.7829  0.000e+00
      2.119   5.673246  1022.8634 1.6484e-01   143.9447     2.0973     6.0670     94.137 1.4048e+02    35.5170    27.7832  0.000e+00
      2.144   5.673157  1022.8632 1.6361e-01    23.5784     2.2194     6.0655     94.113 1.4009e+02    35.5165    27.7831  0.000e+00
      2.177   5.673135  1022.8631 1.6361e-01    -0.6890     2.2804     6.0640     94.090 1.3659e+02    35.5162    27.7832  0.000e+00
      2.210   5.673099  1022.8617 1.6484e-01     0.3464     2.2804     6.0665     94.130 1.3430e+02    35.5148    27.7847  0.000e+00
      2.177   5.673128  1022.8605 1.6484e-01     4.6175     2.2499     6.0612     94.050 1.3355e+02    35.5140    27.7860  0.000e+00
      2.144   5.673165  1022.8612 1.6239e-01     5.9764     2.2804     6.0635     94.085 1.3058e+02    35.5148    27.7853  0.000e+00
      2.268   5.673253  1022.8629 1.6117e-01     6.0412     2.2804     6.0623     94.065 1.2696e+02    35.5160    27.7845  0.000e+00
      2.177   5.673511  1022.8665 1.5873e-01     5.7176     2.2804     6.0610     94.044 1.2625e+02    35.5200    27.7816  0.000e+00
      2.210   5.673703  1022.8691 1.5751e-01     5.7176     2.2804     6.0597     94.022 1.2414e+02    35.5226    27.7800  0.000e+00
      2.301   5.673806  1022.8720 1.5629e-01     5.6529     2.2804     6.0586     94.002 1.2172e+02    35.5250    27.7777  0.000e+00
      2.210   5.673806  1022.8718 1.5751e-01     5.7176     2.2804     6.0573     93.982 1.2103e+02    35.5252    27.7776  0.000e+00
      2.235   5.673548  1022.8699 1.5751e-01     5.7823     2.2804     6.0601     94.026 1.2069e+02    35.5228    27.7783  0.000e+00
      2.268   5.673224  1022.8652 1.5873e-01     5.5882     2.2804     6.0592     94.013 1.1968e+02    35.5179    27.7818  0.000e+00
      2.210   5.672833  1022.8570 1.6117e-01     5.2646     2.2804     6.0576     93.995 1.1901e+02    35.5101    27.7884  0.000e+00
      2.235   5.672303  1022.8462 1.6239e-01     5.1352     2.2804     6.0560     93.979 1.1934e+02    35.4995    27.7974  0.000e+00
      2.210   5.671816  1022.8358 1.6239e-01     5.1352     2.2804     6.0544     93.962 1.2069e+02    35.4897    27.8060  0.000e+00
      2.235   5.671558  1022.8302 1.6117e-01     5.1352     2.2804     6.0533     93.950 1.2036e+02    35.4842    27.8108  0.000e+00
      2.144   5.671720  1022.8318 1.6117e-01     5.1352     2.2804     6.0524     93.935 1.2069e+02    35.4862    27.8096  0.000e+00
      2.177   5.672170  1022.8411 1.6117e-01     5.1352     2.2804     6.0561     93.986 1.2240e+02    35.4952    27.8020  0.000e+00
      2.210   5.672546  1022.8504 1.6117e-01     5.1352     2.2804     6.0563     93.980 1.2309e+02    35.5038    27.7940  0.000e+00
      2.144   5.672723  1022.8561 1.6117e-01     5.1352     2.2804     6.0601     94.034 1.2379e+02    35.5093    27.7884  0.000e+00
      2.177   5.672870  1022.8607 1.6117e-01     5.1352     2.2804     6.0600     94.029 1.2589e+02    35.5134    27.7843  0.000e+00
      2.144   5.672944  1022.8631 1.6117e-01     5.1352     2.2804     6.0560     93.963 1.2696e+02    35.5158    27.7820  0.000e+00
      2.177   5.672981  1022.8635 1.5995e-01     5.0057     2.2804     6.0555     93.956 1.2732e+02    35.5162    27.7818  0.000e+00
      2.086   5.672995  1022.8639 1.6117e-01     5.1999     2.4025     6.0554     93.953 1.3021e+02    35.5169    27.7810  0.000e+00
      2.020   5.673091  1022.8645 1.6117e-01     8.6297     2.6467     6.0589     94.008 1.3206e+02    35.5178    27.7807  0.000e+00
      2.177   5.673172  1022.8659 1.5995e-01    10.8946     2.7383     6.0630     94.071 1.3243e+02    35.5186    27.7803  0.000e+00
      2.086   5.673246  1022.8664 1.5751e-01    11.2829     2.7078     6.0591     94.011 1.3659e+02    35.5196    27.7798  0.000e+00
      2.119   5.673312  1022.8665 1.5629e-01    11.0888     2.7078     6.0669     94.132 1.4009e+02    35.5198    27.7801  0.000e+00
      2.086   5.673460  1022.8675 1.5629e-01    10.9594     2.7078     6.0631     94.073 1.4048e+02    35.5211    27.7798  0.000e+00
      1.996   5.673511  1022.8676 1.5751e-01    10.9594     2.7078     6.0632     94.074 1.4088e+02    35.5216    27.7796  0.000e+00
      2.086   5.673474  1022.8679 1.5873e-01    10.9594     2.7078     6.0675     94.142 1.4128e+02    35.5215    27.7794  0.000e+00
      2.020   5.673533  1022.8694 1.5873e-01    11.0241     2.7078     6.0680     94.148 1.4128e+02    35.5232    27.7777  0.000e+00
      1.995   5.673688  1022.8716 1.5995e-01    11.0241     2.7078     6.0725     94.215 1.3970e+02    35.5255    27.7761  0.000e+00
      2.020   5.673644  1022.8713 1.6117e-01    11.0241     2.7078     6.0728     94.221 1.3736e+02    35.5251    27.7763  0.000e+00
      1.995   5.673533  1022.8692 1.6117e-01    11.0888     2.7078     6.0732     94.228 1.3697e+02    35.5230    27.7779  0.000e+00
      1.905   5.673445  1022.8667 1.5995e-01    11.0888     2.7078     6.0734     94.233 1.3891e+02    35.5211    27.7798  0.000e+00
      1.995   5.673349  1022.8653 1.5873e-01    11.3476     2.7078     6.0777     94.302 1.4247e+02    35.5192    27.7812  0.000e+00
      1.962   5.673224  1022.8636 1.5873e-01    11.9300     2.7078     6.0784     94.312 1.4368e+02    35.5177    27.7822  0.000e+00
      1.905   5.673157  1022.8625 1.5751e-01    12.0595     2.7078     6.0750     94.260 1.4531e+02    35.5168    27.7827  0.000e+00
      1.872   5.673231  1022.8628 1.5751e-01    12.0595     2.7078     6.0793     94.327 1.4861e+02    35.5173    27.7827  0.000e+00
      1.905   5.673415  1022.8662 1.5751e-01    12.0595     2.7078     6.0840     94.397 1.4987e+02    35.5206    27.7801  0.000e+00
      1.872   5.673629  1022.8692 1.5873e-01    12.1242     2.7078     6.0926     94.530 1.5029e+02    35.5238    27.7779  0.000e+00
      1.905   5.673835  1022.8728 1.5995e-01    12.0595     2.7078     6.0819     94.361 1.5029e+02    35.5273    27.7752  0.000e+00
      1.872   5.673975  1022.8761 1.6117e-01    12.0595     2.7078     6.0824     94.366 1.5029e+02    35.5305    27.7722  0.000e+00
      1.839   5.674123  1022.8779 1.6361e-01    12.0595     2.7078     6.0906     94.493 1.5114e+02    35.5325    27.7709  0.000e+00
      1.839   5.674189  1022.8791 1.6239e-01    12.0595     2.7078     6.0913     94.502 1.5721e+02    35.5337    27.7701  0.000e+00
      1.748   5.674241  1022.8800 1.5873e-01    11.9948     2.7078     6.0957     94.570 1.5988e+02    35.5349    27.7689  0.000e+00
      1.839   5.674219  1022.8798 1.5629e-01    12.0595     2.7078     6.0964     94.581 1.6033e+02    35.5343    27.7695  0.000e+00
      1.814   5.674204  1022.8799 1.5507e-01    11.6712     2.7078     6.1007     94.648 1.6818e+02    35.5345    27.7692  0.000e+00
      1.781   5.674233  1022.8814 1.5385e-01     9.4710     2.6467     6.0973     94.593 1.7249e+02    35.5360    27.7675  0.000e+00
      1.781   5.674255  1022.8823 1.5385e-01     8.5003     2.4330     6.0975     94.595 1.7395e+02    35.5368    27.7666  0.000e+00
      1.748   5.674255  1022.8829 1.5385e-01     8.4355     2.3720     6.0978     94.599 2.7976e+02    35.5374    27.7658  0.000e+00
      1.781   5.674226  1022.8834 1.5629e-01     8.5003     2.3720     6.0979     94.599 3.8116e+02    35.5376    27.7652  0.000e+00
      1.748   5.674233  1022.8832 1.5629e-01     8.5650     2.3720     6.1019     94.662 3.9982e+02    35.5376    27.7653  0.000e+00
      1.781   5.674226  1022.8832 1.5751e-01     8.5650     2.3720     6.1021     94.665 3.9982e+02    35.5374    27.7654  0.000e+00
      1.748   5.674204  1022.8823 1.5629e-01     8.5650     2.3720     6.1022     94.667 4.0094e+02    35.5368    27.7662  0.000e+00
      1.715   5.674204  1022.8809 1.5507e-01     8.5650     2.3720     6.1060     94.728 4.0321e+02    35.5357    27.7675  0.000e+00
      1.781   5.674204  1022.8816 1.5385e-01     8.5650     2.3720     6.1023     94.669 4.0207e+02    35.5361    27.7671  0.000e+00
      1.748   5.674381  1022.8849 1.5140e-01     8.5650     2.3720     6.1022     94.666 3.9982e+02    35.5394    27.7643  0.000e+00
      1.781   5.674602  1022.8897 1.5140e-01     8.5650     2.3720     6.1025     94.666 3.9982e+02    35.5439    27.7604  0.000e+00
      1.748   5.674675  1022.8910 1.5263e-01     8.5003     2.3720     6.0984     94.602 3.9646e+02    35.5454    27.7592  0.000e+00
      1.781   5.674639  1022.8906 1.5385e-01     9.0827     2.3720     6.1020     94.658 3.9424e+02    35.5448    27.7596  0.000e+00
      1.715   5.674594  1022.8899 1.5507e-01     9.5357     2.3720     6.1016     94.653 3.9313e+02    35.5443    27.7598  0.000e+00
      1.814   5.674639  1022.8913 1.5507e-01     9.6651     2.3720     6.1014     94.648 3.9203e+02    35.5452    27.7590  0.000e+00
      1.781   5.674639  1022.8916 1.5507e-01     9.5357     2.3720     6.0970     94.579 3.8873e+02    35.5457    27.7585  0.000e+00
      1.814   5.674683  1022.8920 1.5629e-01     9.6004     2.3720     6.0963     94.568 3.8873e+02    35.5460    27.7585  0.000e+00
      1.781   5.674720  1022.8923 1.5629e-01     9.6004     2.3720     6.0957     94.559 3.5230e+02    35.5464    27.7582  0.000e+00
      1.814   5.674779  1022.8933 1.5507e-01     9.6004     2.3720     6.0911     94.488 2.6151e+02    35.5473    27.7576  0.000e+00
      1.839   5.674779  1022.8939 1.5385e-01     9.6004     2.3720     6.0945     94.539 2.3501e+02    35.5477    27.7570  0.000e+00
      1.839   5.674727  1022.8935 1.5385e-01     9.6004     2.3720     6.0899     94.468 2.2029e+02    35.5473    27.7571  0.000e+00
      1.872   5.674749  1022.8936 1.5263e-01     9.6004     2.3720     6.0889     94.453 1.6033e+02    35.5473    27.7573  0.000e+00
      1.839   5.674764  1022.8935 1.5140e-01     9.6004     2.3720     6.0878     94.436 1.3970e+02    35.5474    27.7573  0.000e+00
      1.929   5.674705  1022.8930 1.5018e-01     9.5357     2.3720     6.0827     94.358 1.3813e+02    35.5464    27.7580  0.000e+00
