WS23139_STN16_14CTD.cnv
* Sea-Bird SBE 9 Data File:
* FileName = C:\ctd\Cruise_Data\WS23139_Rosenheim\WS23139_Rosenheim_STN16.hex
* Software Version Seasave V 7.26.7.121
* Temperature SN = 4097 MTG 177
* Conductivity SN = 1851 MTG 053
* Number of Bytes Per Scan = 40
* Number of Voltage Words = 5
* Number of Scans Averaged by the Deck Unit = 1
* NMEA Latitude = 05 44.83 N
* NMEA Longitude = 053 19.27 W
* NMEA UTC (Time) = Jun 15 2023 20:03:07
** Ship:
** Station:
** Operator:
# nquan = 12
# nvalues = 13136                                 
# units = specified
# name 0 = depSM: Depth [salt water, m]
# name 1 = c0S/m: Conductivity [S/m]
# name 2 = density00: Density [density, kg/m^3]
# name 3 = flSP: Fluorescence, Seapoint
# name 4 = wetCDOM: Fluorescence, WET Labs CDOM [mg/m^3]
# name 5 = flECO-AFL: Fluorescence, WET Labs ECO-AFL/FL [mg/m^3]
# name 6 = sbeox0Mg/L: Oxygen, SBE 43 [mg/l]
# name 7 = sbeox0PS: Oxygen, SBE 43 [% saturation]
# name 8 = par: PAR/Irradiance, Biospherical/Licor [Watts/m^2]
# name 9 = sal00: Salinity, Practical [PSU]
# name 10 = t090C: Temperature [ITS-90, deg C]
# name 11 = flag:  0.000e+00
# span 0 =      1.226,     18.290                 
# span 1 =   5.571731,   5.697246                 
# span 2 =  1022.2135,  1023.6097                 
# span 3 = 4.8840e-02, 1.8926e-01                 
# span 4 =    -0.6890,   264.3110                 
# span 5 =     0.4489,     3.9593                 
# span 6 =     5.1378,     6.2609                 
# span 7 =     79.200,     97.242                 
# span 8 = 9.8755e-02, 8.5176e+02                 
# span 9 =    34.7083,    36.1542                 
# span 10 =    27.1681,    27.9187                
# span 11 = 0.0000e+00, 0.0000e+00                
# interval = seconds: 0.0416667
# start_time = Jun 15 2023 20:03:07 [NMEA time, header]
# bad_flag = -9.990e-29
*END*
[from data line 3970]
     16.506   5.697165  1023.6041 5.3724e-02   264.3110     0.6626     5.3538     82.531 9.9375e-02    36.1538    27.1688  0.000e+00
     16.589   5.697150  1023.6042 5.3724e-02   264.3110     0.6321     5.3540     82.534 9.9065e-02    36.1536    27.1689  0.000e+00
     16.589   5.697135  1023.6041 5.4945e-02   264.3110     0.6321     5.3502     82.475 9.9065e-02    36.1535    27.1690  0.000e+00
     16.572   5.697165  1023.6040 5.7387e-02   260.2988     0.6321     5.3542     82.536 9.9065e-02    36.1535    27.1691  0.000e+00
     16.531   5.697150  1023.6037 5.6166e-02   259.4575     0.6321     5.3544     82.540 9.9065e-02    36.1534    27.1692  0.000e+00
     16.531   5.697165  1023.6038 5.4945e-02   259.7164     0.6321     5.3544     82.541 9.9375e-02    36.1535    27.1691  0.000e+00
     16.588   5.697113  1023.6039 5.4945e-02   259.9752     0.6321     5.3548     82.546 9.9065e-02    36.1532    27.1690  0.000e+00
     16.572   5.697157  1023.6041 5.4945e-02   260.0399     0.6321     5.3551     82.551 9.9375e-02    36.1536    27.1690  0.000e+00
     16.531   5.697150  1023.6040 5.4945e-02   260.0399     0.6321     5.3555     82.557 9.9065e-02    36.1537    27.1689  0.000e+00
     16.588   5.697135  1023.6042 5.4945e-02   259.9752     0.6321     5.3559     82.563 9.9065e-02    36.1536    27.1688  0.000e+00
     16.506   5.697135  1023.6037 5.4945e-02   258.4221     0.6321     5.3605     82.634 9.9375e-02    36.1534    27.1690  0.000e+00
     16.588   5.697135  1023.6039 7.5702e-02   117.1535     0.5100     5.3610     82.643 9.9375e-02    36.1533    27.1691  0.000e+00
     16.531   5.697135  1023.6040 7.4481e-02    14.9068     0.6015     5.3657     82.714 9.9375e-02    36.1536    27.1688  0.000e+00
     16.588   5.697135  1023.6042 7.4481e-02    -0.6890     0.6015     5.3667     82.729 9.9375e-02    36.1535    27.1689  0.000e+00
     16.572   5.697106  1023.6038 7.2039e-02     2.0289     0.6015     5.3674     82.740 9.9375e-02    36.1532    27.1690  0.000e+00
     16.531   5.697120  1023.6037 7.2039e-02     5.9764     0.5710     5.3681     82.751 9.9065e-02    36.1533    27.1690  0.000e+00
     16.588   5.697165  1023.6041 7.3260e-02     6.8177     0.6015     5.3651     82.705 9.9065e-02    36.1535    27.1691  0.000e+00
     16.572   5.697150  1023.6040 7.4481e-02     6.6883     0.5710     5.3656     82.713 9.9065e-02    36.1535    27.1690  0.000e+00
     16.531   5.697135  1023.6038 7.4481e-02     6.4942     0.6015     5.3702     82.783 9.9375e-02    36.1535    27.1690  0.000e+00
     16.588   5.697165  1023.6041 7.4481e-02     6.4942     0.5710     5.3710     82.796 9.9065e-02    36.1535    27.1691  0.000e+00
     16.588   5.697150  1023.6041 7.3260e-02     6.4942     0.5710     5.3718     82.808 9.9375e-02    36.1535    27.1690  0.000e+00
     16.572   5.697135  1023.6040 7.3260e-02     6.4942     0.6015     5.3726     82.821 9.9065e-02    36.1535    27.1690  0.000e+00
     16.588   5.697135  1023.6040 7.4481e-02     6.5589     0.5710     5.3734     82.833 9.9065e-02    36.1534    27.1690  0.000e+00
     16.588   5.697106  1023.6038 7.4481e-02     9.8592     0.5710     5.3741     82.843 9.9065e-02    36.1531    27.1691  0.000e+00
     16.572   5.697157  1023.6042 7.3260e-02    16.2011     0.6015     5.3749     82.855 9.9375e-02    36.1537    27.1689  0.000e+00
     16.588   5.697150  1023.6043 7.3260e-02    18.2072     0.5710     5.3715     82.803 9.9065e-02    36.1537    27.1688  0.000e+00
     16.588   5.697165  1023.6043 7.4481e-02    18.1425     0.6015     5.3757     82.868 9.9375e-02    36.1537    27.1689  0.000e+00
     16.654   5.697150  1023.6046 7.4481e-02    17.9484     0.5710     5.3722     82.814 9.9065e-02    36.1537    27.1688  0.000e+00
     16.629   5.697135  1023.6042 7.3260e-02    17.8189     0.6015     5.3764     82.878 9.9375e-02    36.1534    27.1690  0.000e+00
     16.588   5.697135  1023.6042 7.4481e-02    17.8189     0.6015     5.3765     82.881 9.9065e-02    36.1535    27.1689  0.000e+00
     16.654   5.697135  1023.6045 7.5702e-02    17.8189     0.6015     5.3727     82.822 9.9375e-02    36.1536    27.1688  0.000e+00
     16.629   5.697165  1023.6045 7.3260e-02    17.8189     0.5710     5.3727     82.821 9.9065e-02    36.1537    27.1689  0.000e+00
     16.654   5.697113  1023.6044 7.4481e-02    17.8189     0.6015     5.3726     82.821 9.9375e-02    36.1534    27.1688  0.000e+00
     16.654   5.697157  1023.6046 7.5702e-02    17.8189     0.5710     5.3726     82.820 9.9065e-02    36.1537    27.1689  0.000e+00
     16.712   5.697113  1023.6045 7.6923e-02    17.8189     0.6015     5.3683     82.754 9.9065e-02    36.1533    27.1690  0.000e+00
     16.687   5.697157  1023.6048 7.4481e-02    32.8324     0.5710     5.3678     82.747 9.9375e-02    36.1538    27.1687  0.000e+00
     16.712   5.697150  1023.6047 6.9597e-02   183.5491     0.5710     5.3673     82.739 9.9065e-02    36.1535    27.1690  0.000e+00
     16.712   5.697165  1023.6047 5.3724e-02   259.1340     0.6321     5.3708     82.793 9.9375e-02    36.1536    27.1690  0.000e+00
     16.753   5.697179  1023.6052 5.3724e-02   264.3110     0.6626     5.3667     82.730 9.9065e-02    36.1539    27.1687  0.000e+00
     16.770   5.697179  1023.6052 5.4945e-02   264.3110     0.6626     5.3662     82.722 9.9375e-02    36.1538    27.1688  0.000e+00
     16.770   5.697113  1023.6046 5.4945e-02   261.1401     0.6321     5.3659     82.717 9.9065e-02    36.1532    27.1690  0.000e+00
     16.770   5.697157  1023.6052 5.4945e-02   259.3928     0.6321     5.3656     82.712 9.9375e-02    36.1538    27.1686  0.000e+00
     16.811   5.697179  1023.6053 5.4945e-02   259.6517     0.6321     5.3693     82.769 9.9375e-02    36.1538    27.1689  0.000e+00
     16.836   5.697179  1023.6055 5.4945e-02   259.9752     0.6321     5.3692     82.767 9.9375e-02    36.1538    27.1688  0.000e+00
     16.836   5.697150  1023.6054 5.4945e-02   259.9752     0.6321     5.3650     82.704 9.9065e-02    36.1537    27.1687  0.000e+00
     16.877   5.697165  1023.6057 5.4945e-02   259.9752     0.6321     5.3687     82.760 9.9375e-02    36.1538    27.1686  0.000e+00
     16.893   5.697150  1023.6056 5.4945e-02   259.9752     0.6321     5.3646     82.697 9.9065e-02    36.1536    27.1688  0.000e+00
     16.836   5.697135  1023.6053 5.3724e-02   259.9752     0.6321     5.3642     82.691 9.9065e-02    36.1536    27.1687  0.000e+00
     16.959   5.697165  1023.6059 5.2503e-02   259.9752     0.6321     5.3639     82.687 9.9065e-02    36.1537    27.1688  0.000e+00
     16.877   5.697150  1023.6058 5.2503e-02   259.9752     0.6626     5.3676     82.742 9.9375e-02    36.1538    27.1685  0.000e+00
     16.959   5.697106  1023.6056 5.2503e-02   259.9752     0.6626     5.3634     82.679 9.9065e-02    36.1533    27.1688  0.000e+00
     16.959   5.697120  1023.6058 5.1282e-02   259.9752     0.6931     5.3669     82.732 9.9375e-02    36.1534    27.1687  0.000e+00
     16.992   5.697135  1023.6060 5.0061e-02   260.0399     0.6931     5.3627     82.668 9.9065e-02    36.1536    27.1686  0.000e+00
     16.959   5.697165  1023.6058 5.0061e-02   259.9752     0.6626     5.3623     82.662 9.9065e-02    36.1536    27.1689  0.000e+00
     17.017   5.697180  1023.6064 4.8840e-02   260.0399     0.6931     5.3620     82.656 9.9375e-02    36.1539    27.1686  0.000e+00
     17.017   5.697180  1023.6066 4.8840e-02   260.0399     0.6626     5.3616     82.651 9.9065e-02    36.1541    27.1684  0.000e+00
     17.116   5.697150  1023.6066 4.8840e-02   260.0399     0.6626     5.3573     82.584 9.9375e-02    36.1536    27.1687  0.000e+00
     17.017   5.697165  1023.6061 5.3724e-02   259.9752     0.6931     5.3607     82.636 9.9375e-02    36.1537    27.1688  0.000e+00
     17.075   5.697180  1023.6065 5.4945e-02   259.9752     0.6931     5.3603     82.631 9.9375e-02    36.1538    27.1687  0.000e+00
     17.075   5.697150  1023.6064 5.3724e-02   260.0399     0.6931     5.3602     82.629 9.9375e-02    36.1537    27.1686  0.000e+00
     17.116   5.697165  1023.6065 5.8608e-02   215.7115     0.6321     5.3560     82.565 9.9065e-02    36.1536    27.1689  0.000e+00
     17.075   5.697150  1023.6063 7.0818e-02    56.5173     0.5710     5.3559     82.563 9.9065e-02    36.1535    27.1688  0.000e+00
     17.141   5.697165  1023.6067 7.2039e-02    -0.6890     0.6321     5.3559     82.562 9.9065e-02    36.1537    27.1687  0.000e+00
     17.182   5.697217  1023.6071 7.3260e-02    -0.6890     0.6321     5.3558     82.561 9.9375e-02    36.1540    27.1688  0.000e+00
     17.141   5.697165  1023.6065 7.4481e-02    -0.6890     0.6321     5.3557     82.560 9.9065e-02    36.1535    27.1690  0.000e+00
     17.141   5.697165  1023.6066 7.4481e-02    -0.6890     0.6321     5.3515     82.495 9.9375e-02    36.1536    27.1689  0.000e+00
     17.141   5.697180  1023.6064 7.5702e-02    -0.6243     0.6321     5.3551     82.551 9.9375e-02    36.1535    27.1691  0.000e+00
     17.182   5.697180  1023.6070 7.6923e-02    -0.1713     0.6321     5.3512     82.490 9.9375e-02    36.1538    27.1687  0.000e+00
     17.198   5.697180  1023.6068 7.9365e-02    -0.0419     0.6321     5.3550     82.549 9.9065e-02    36.1536    27.1690  0.000e+00
     17.198   5.697180  1023.6069 9.4017e-02    -0.1066     0.6321     5.3511     82.489 9.9375e-02    36.1537    27.1689  0.000e+00
     17.116   5.697180  1023.6065 1.1600e-01    -0.1066     0.6321     5.3550     82.548 9.9375e-02    36.1536    27.1690  0.000e+00
     17.256   5.697217  1023.6073 1.2210e-01    -0.1066     0.6321     5.3512     82.490 9.9375e-02    36.1539    27.1689  0.000e+00
     17.198   5.697194  1023.6069 1.2332e-01    -0.0419     0.6321     5.3551     82.551 9.9375e-02    36.1537    27.1690  0.000e+00
     17.198   5.697217  1023.6072 1.2332e-01     7.9178     0.6321     5.3513     82.493 9.9375e-02    36.1540    27.1688  0.000e+00
     17.297   5.697194  1023.6071 1.2332e-01    13.1596     0.6321     5.3512     82.491 9.9065e-02    36.1535    27.1692  0.000e+00
     17.141   5.697217  1023.6068 1.2332e-01    14.1303     0.6015     5.3552     82.552 9.9065e-02    36.1539    27.1690  0.000e+00
     17.322   5.697231  1023.6075 1.2454e-01    13.8067     0.6015     5.3554     82.555 9.9375e-02    36.1539    27.1690  0.000e+00
     17.198   5.697231  1023.6069 1.2454e-01    13.6126     0.6015     5.3476     82.435 9.9065e-02    36.1538    27.1691  0.000e+00
     17.182   5.697231  1023.6069 1.2454e-01    13.5479     0.6321     5.3515     82.496 9.9065e-02    36.1539    27.1690  0.000e+00
     17.256   5.697194  1023.6069 1.2332e-01    13.6126     0.6015     5.3515     82.496 9.9065e-02    36.1535    27.1691  0.000e+00
     17.256   5.697180  1023.6070 1.2332e-01    13.5479     0.6321     5.3515     82.496 9.9375e-02    36.1535    27.1690  0.000e+00
     17.239   5.697180  1023.6068 1.2088e-01    13.6126     0.6321     5.3515     82.496 9.9375e-02    36.1534    27.1691  0.000e+00
     17.198   5.697217  1023.6068 1.1233e-01    13.6126     0.6321     5.3515     82.496 9.9375e-02    36.1537    27.1691  0.000e+00
     17.256   5.697194  1023.6069 1.0867e-01    13.6126     0.6321     5.3514     82.494 9.9065e-02    36.1535    27.1692  0.000e+00
     17.256   5.697217  1023.6072 1.0989e-01    13.5479     0.6321     5.3513     82.492 9.9375e-02    36.1538    27.1690  0.000e+00
     17.182   5.697231  1023.6068 1.1111e-01    91.3330     0.5710     5.3471     82.428 9.9375e-02    36.1538    27.1692  0.000e+00
     17.256   5.697194  1023.6069 9.7680e-02   228.6541     0.6626     5.3471     82.428 9.9065e-02    36.1535    27.1691  0.000e+00
     17.198   5.697217  1023.6069 9.2796e-02   264.3110     0.6931     5.3468     82.423 9.9375e-02    36.1538    27.1690  0.000e+00
     17.198   5.697194  1023.6067 9.2796e-02   264.3110     0.6931     5.3466     82.420 9.9065e-02    36.1535    27.1691  0.000e+00
     17.239   5.697217  1023.6069 9.2796e-02   264.3110     0.6931     5.3424     82.355 9.9065e-02    36.1536    27.1692  0.000e+00
     17.198   5.697231  1023.6069 9.4017e-02   259.7811     0.6626     5.3420     82.349 9.9065e-02    36.1538    27.1691  0.000e+00
     17.198   5.697165  1023.6067 9.2796e-02   259.4575     0.6626     5.3419     82.347 9.9375e-02    36.1535    27.1690  0.000e+00
     17.239   5.697202  1023.6070 9.1575e-02   259.7811     0.6931     5.3378     82.284 9.9375e-02    36.1537    27.1690  0.000e+00
     17.198   5.697194  1023.6067 9.1575e-02   259.9105     0.6626     5.3333     82.215 9.9375e-02    36.1535    27.1691  0.000e+00
     17.198   5.697246  1023.6071 9.4017e-02   259.9752     0.6931     5.3329     82.209 9.9375e-02    36.1540    27.1690  0.000e+00
     17.198   5.697172  1023.6066 9.2796e-02   259.9752     0.6931     5.3324     82.201 9.9375e-02    36.1534    27.1691  0.000e+00
     17.182   5.697165  1023.6067 9.2796e-02   259.9752     0.6931     5.3279     82.131 9.9375e-02    36.1536    27.1689  0.000e+00
     17.140   5.697180  1023.6066 9.5238e-02   242.4380     0.6931     5.3272     82.121 9.9375e-02    36.1536    27.1690  0.000e+00
     17.140   5.697217  1023.6067 1.1355e-01    87.1913     0.5710     5.3268     82.115 9.9375e-02    36.1538    27.1690  0.000e+00
     17.198   5.697194  1023.6069 1.1233e-01    11.0888     0.6015     5.3224     82.046 9.9065e-02    36.1537    27.1690  0.000e+00
     17.116   5.697217  1023.6067 1.1233e-01     3.0644     0.6321     5.3219     82.039 9.9375e-02    36.1539    27.1690  0.000e+00
     17.140   5.697194  1023.6064 1.1111e-01     8.8885     0.6321     5.3213     82.030 9.9065e-02    36.1535    27.1692  0.000e+00
     17.140   5.697246  1023.6068 1.1111e-01    11.8653     0.6321     5.3208     82.022 9.9375e-02    36.1539    27.1691  0.000e+00
     17.116   5.697246  1023.6066 1.1111e-01    12.1242     0.6321     5.3163     81.954 9.9375e-02    36.1539    27.1692  0.000e+00
     17.074   5.697194  1023.6062 1.1111e-01    11.9300     0.6321     5.3198     82.006 9.9065e-02    36.1536    27.1691  0.000e+00
     17.140   5.697150  1023.6063 1.1111e-01    11.8006     0.6321     5.3193     81.999 9.9375e-02    36.1533    27.1690  0.000e+00
     17.074   5.697165  1023.6062 1.0989e-01    11.8006     0.6321     5.3191     81.995 9.9065e-02    36.1535    27.1690  0.000e+00
     17.116   5.697180  1023.6064 1.0989e-01    11.8006     0.6321     5.3149     81.931 9.9065e-02    36.1536    27.1690  0.000e+00
     17.074   5.697180  1023.6061 1.0867e-01    11.7359     0.6321     5.3186     81.988 9.9065e-02    36.1535    27.1691  0.000e+00
     17.074   5.697180  1023.6063 1.0867e-01    11.8006     0.6321     5.3184     81.985 9.9065e-02    36.1536    27.1690  0.000e+00
     17.058   5.697113  1023.6060 1.0867e-01     7.9178     0.6321     5.3182     81.982 9.9065e-02    36.1532    27.1689  0.000e+00
     17.017   5.697121  1023.6059 1.0867e-01     3.8409     0.6321     5.3181     81.980 9.9065e-02    36.1534    27.1688  0.000e+00
     17.074   5.697135  1023.6060 1.0745e-01     3.0644     0.6626     5.3221     82.041 9.9375e-02    36.1532    27.1690  0.000e+00
     17.017   5.697165  1023.6058 1.0989e-01     3.1938     0.6626     5.3222     82.044 9.9375e-02    36.1534    27.1691  0.000e+00
     17.058   5.697150  1023.6060 1.1111e-01     3.3879     0.6626     5.3263     82.107 9.9375e-02    36.1534    27.1690  0.000e+00
     17.074   5.697165  1023.6060 1.1111e-01     3.3879     0.6626     5.3268     82.115 9.9375e-02    36.1534    27.1691  0.000e+00
     17.017   5.697150  1023.6058 1.0989e-01     3.5173     0.6321     5.3231     82.057 9.9065e-02    36.1534    27.1690  0.000e+00
     17.017   5.697135  1023.6057 1.0989e-01     3.3879     0.6626     5.3275     82.125 9.9375e-02    36.1532    27.1691  0.000e+00
     16.992   5.697165  1023.6060 1.1111e-01     3.3879     0.6321     5.3279     82.131 9.9065e-02    36.1537    27.1688  0.000e+00
     17.017   5.697180  1023.6060 1.0989e-01     3.3879     0.6626     5.3325     82.203 9.9375e-02    36.1536    27.1690  0.000e+00
