WS23139_STN05_04CTD.cnv
* Sea-Bird SBE 9 Data File:
* FileName = C:\ctd\Cruise_Data\WS23139_Rosenheim\WS23139_Rosenheim_STN05.hex
* Software Version Seasave V 7.26.7.121
* Temperature SN = 4097 MTG 177
* Conductivity SN = 1851 MTG 053
* Number of Bytes Per Scan = 40
* Number of Voltage Words = 5
* Number of Scans Averaged by the Deck Unit = 1
* NMEA Latitude = 01 36.61 N
* NMEA Longitude = 049 35.71 W
* NMEA UTC (Time) = Jun 08 2023 19:21:18
** Ship:
** Station:
** Operator:
# nquan = 12
# nvalues = 8946                                  
# units = specified
# name 0 = depSM: Depth [salt water, m]
# name 1 = c0S/m: Conductivity [S/m]
# name 2 = density00: Density [density, kg/m^3]
# name 3 = flSP: Fluorescence, Seapoint
# name 4 = wetCDOM: Fluorescence, WET Labs CDOM [mg/m^3]
# name 5 = flECO-AFL: Fluorescence, WET Labs ECO-AFL/FL [mg/m^3]
# name 6 = sbeox0Mg/L: Oxygen, SBE 43 [mg/l]
# name 7 = sbeox0PS: Oxygen, SBE 43 [% saturation]
# name 8 = par: PAR/Irradiance, Biospherical/Licor [Watts/m^2]
# name 9 = sal00: Salinity, Practical [PSU]
# name 10 = t090C: Temperature [ITS-90, deg C]
# name 11 = flag:  0.000e+00
# span 0 =      1.598,      7.996                 
# span 1 =   0.286384,   0.406249                 
# span 2 =   996.7241,   997.2963                 
# span 3 = 1.1722e-01, 1.4652e-01                 
# span 4 =    17.0424,    26.5552                 
# span 5 =     1.2120,     1.9446                 
# span 6 =     3.9161,     5.7156                 
# span 7 =     51.917,     75.914                 
# span 8 = 9.8755e-02, 6.8789e+02                 
# span 9 =     1.3432,     1.9493                 
# span 10 =    29.4673,    29.8063                
# span 11 = 0.0000e+00, 0.0000e+00                
# interval = seconds: 0.0416667
# start_time = Jun 08 2023 19:21:18 [NMEA time, header]
# bad_flag = -9.990e-29
*END*
[from data line 6858]
      2.680   0.401636   997.2443 1.2210e-01    19.3073     1.4868     4.8046     63.731 9.4190e-01     1.9311    29.5395  0.000e+00
      2.705   0.401632   997.2439 1.2210e-01    19.3073     1.4868     4.8053     63.741 6.2996e-01     1.9310    29.5410  0.000e+00
      2.680   0.401646   997.2434 1.2210e-01    19.3073     1.4868     4.8059     63.751 5.6176e-01     1.9310    29.5422  0.000e+00
      2.763   0.401653   997.2437 1.2088e-01    19.2426     1.4868     4.8021     63.701 4.5807e-01     1.9311    29.5427  0.000e+00
      2.738   0.401646   997.2430 1.2088e-01    19.5015     1.4868     4.8069     63.767 2.8805e-01     1.9310    29.5444  0.000e+00
      2.763   0.401632   997.2425 1.2088e-01    19.8250     1.4868     4.8074     63.775 2.4589e-01     1.9308    29.5460  0.000e+00
      2.738   0.401646   997.2421 1.2088e-01    19.9545     1.4868     4.8079     63.782 2.1217e-01     1.9308    29.5471  0.000e+00
      2.763   0.401659   997.2420 1.2210e-01    20.0839     1.4868     4.8036     63.727 1.3203e-01     1.9309    29.5479  0.000e+00
      2.862   0.401669   997.2424 1.2210e-01    19.8898     1.4868     4.8038     63.730 1.1013e-01     1.9309    29.5481  0.000e+00
      2.763   0.401673   997.2419 1.2210e-01    19.8898     1.4868     4.8039     63.732 1.0253e-01     1.9309    29.5482  0.000e+00
      2.796   0.401680   997.2424 1.2088e-01    19.9545     1.4868     4.8042     63.734 9.8755e-02     1.9310    29.5471  0.000e+00
      2.829   0.401683   997.2432 1.2088e-01    19.8898     1.4868     4.8046     63.738 9.8755e-02     1.9311    29.5453  0.000e+00
      2.862   0.401696   997.2442 1.2088e-01    19.8898     1.4868     4.8004     63.679 9.9065e-02     1.9313    29.5429  0.000e+00
      2.887   0.401703   997.2456 1.2088e-01    19.8898     1.4868     4.7962     63.619 9.9065e-02     1.9315    29.5390  0.000e+00
      2.862   0.401703   997.2467 1.2088e-01    19.9545     1.4868     4.8011     63.681 9.9065e-02     1.9316    29.5355  0.000e+00
      2.887   0.401703   997.2478 1.2088e-01    19.8898     1.4868     4.7925     63.562 9.9065e-02     1.9317    29.5325  0.000e+00
      2.920   0.401696   997.2488 1.2210e-01    19.9545     1.4868     4.7924     63.559 9.9065e-02     1.9318    29.5299  0.000e+00
      2.887   0.401707   997.2493 1.2210e-01    20.3427     1.4868     4.7877     63.494 9.9065e-02     1.9319    29.5279  0.000e+00
      2.920   0.401720   997.2501 1.2210e-01    20.6016     1.4868     4.7876     63.491 9.9065e-02     1.9320    29.5260  0.000e+00
      2.953   0.401723   997.2508 1.2210e-01    20.4722     1.4868     4.7874     63.486 9.9065e-02     1.9321    29.5245  0.000e+00
      2.920   0.401717   997.2509 1.2088e-01    20.5369     1.4868     4.7871     63.482 9.9065e-02     1.9321    29.5236  0.000e+00
      2.953   0.401733   997.2514 1.2210e-01    20.4722     1.4868     4.7777     63.355 9.9065e-02     1.9322    29.5227  0.000e+00
      2.977   0.401723   997.2517 1.2210e-01    20.4722     1.4868     4.7722     63.283 9.9065e-02     1.9322    29.5220  0.000e+00
      2.953   0.401720   997.2517 1.2210e-01    20.4722     1.4868     4.7712     63.269 9.9065e-02     1.9322    29.5216  0.000e+00
      2.920   0.401723   997.2516 1.2210e-01    20.4722     1.4868     4.7656     63.195 9.9065e-02     1.9322    29.5214  0.000e+00
      2.953   0.401720   997.2520 1.2210e-01    20.4722     1.4868     4.7646     63.180 9.9065e-02     1.9322    29.5208  0.000e+00
      2.977   0.401710   997.2521 1.2210e-01    20.4722     1.4868     4.7590     63.105 9.9065e-02     1.9322    29.5205  0.000e+00
      2.887   0.401723   997.2518 1.2088e-01    20.4722     1.4868     4.7483     62.964 9.9065e-02     1.9323    29.5203  0.000e+00
      2.977   0.401713   997.2522 1.2088e-01    20.4722     1.4257     4.7466     62.942 9.9065e-02     1.9322    29.5204  0.000e+00
      2.953   0.401713   997.2522 1.2210e-01    20.9899     1.3952     4.7404     62.858 9.9065e-02     1.9322    29.5199  0.000e+00
      2.977   0.401710   997.2523 1.2210e-01    21.2487     1.3952     4.7385     62.833 9.9065e-02     1.9322    29.5200  0.000e+00
      2.887   0.401696   997.2520 1.2088e-01    21.3134     1.3952     4.7322     62.749 9.9065e-02     1.9322    29.5196  0.000e+00
      2.920   0.401693   997.2521 1.2088e-01    21.3134     1.3952     4.7348     62.784 9.9065e-02     1.9321    29.5197  0.000e+00
      2.953   0.401659   997.2522 1.1966e-01    21.2487     1.3952     4.7239     62.639 9.9065e-02     1.9320    29.5193  0.000e+00
      2.862   0.401616   997.2517 1.1966e-01    21.2487     1.3952     4.7219     62.612 9.9065e-02     1.9318    29.5192  0.000e+00
      2.887   0.401555   997.2516 1.2088e-01    21.2487     1.3952     4.7200     62.587 9.9065e-02     1.9315    29.5190  0.000e+00
      2.920   0.401508   997.2518 1.2088e-01    21.2487     1.3952     4.7185     62.566 9.9065e-02     1.9313    29.5185  0.000e+00
      2.887   0.401478   997.2516 1.2088e-01    21.2487     1.3952     4.7171     62.547 9.9065e-02     1.9311    29.5183  0.000e+00
      2.862   0.401441   997.2515 1.2088e-01    21.2487     1.3952     4.7158     62.529 9.9065e-02     1.9309    29.5179  0.000e+00
      2.887   0.401404   997.2516 1.2088e-01    21.3134     1.3952     4.7100     62.451 9.9687e-02     1.9308    29.5174  0.000e+00
      2.862   0.401363   997.2514 1.1966e-01    21.2487     1.3952     4.7087     62.434 1.0414e-01     1.9306    29.5171  0.000e+00
      2.887   0.401340   997.2516 1.2088e-01    20.9252     1.3952     4.7077     62.421 1.0610e-01     1.9305    29.5166  0.000e+00
      2.796   0.401347   997.2513 1.2088e-01    19.9545     1.3952     4.7069     62.409 1.0777e-01     1.9305    29.5165  0.000e+00
      2.829   0.401373   997.2516 1.2088e-01    19.6309     1.3952     4.7062     62.400 1.3123e-01     1.9307    29.5162  0.000e+00
      2.862   0.401410   997.2520 1.2088e-01    19.6309     1.3952     4.7057     62.393 1.4596e-01     1.9309    29.5159  0.000e+00
      2.763   0.401421   997.2516 1.2088e-01    19.6956     1.3952     4.7052     62.386 1.4819e-01     1.9309    29.5159  0.000e+00
      2.796   0.401434   997.2519 1.1966e-01    19.6956     1.3952     4.7003     62.321 1.7802e-01     1.9310    29.5155  0.000e+00
      2.829   0.401454   997.2521 1.1966e-01    19.6956     1.3952     4.6999     62.316 2.0234e-01     1.9311    29.5156  0.000e+00
      2.796   0.401471   997.2521 1.1966e-01    19.6309     1.3952     4.6997     62.313 2.0536e-01     1.9312    29.5155  0.000e+00
      2.705   0.401491   997.2518 1.1966e-01    19.6309     1.3952     4.6997     62.314 2.4159e-01     1.9313    29.5153  0.000e+00
      2.796   0.401511   997.2523 1.1966e-01    19.6956     1.3952     4.6954     62.257 2.7731e-01     1.9314    29.5152  0.000e+00
      2.763   0.401525   997.2522 1.1966e-01    19.6956     1.3952     4.6956     62.260 2.8470e-01     1.9315    29.5153  0.000e+00
      2.738   0.401535   997.2521 1.2088e-01    19.6956     1.3952     4.6865     62.139 3.2556e-01     1.9315    29.5154  0.000e+00
      2.705   0.401532   997.2520 1.2088e-01    19.6309     1.3952     4.6820     62.079 3.7858e-01     1.9315    29.5153  0.000e+00
      2.738   0.401535   997.2521 1.2088e-01    19.5662     1.3647     4.6867     62.142 3.9423e-01     1.9315    29.5155  0.000e+00
      2.705   0.401538   997.2520 1.2088e-01    19.6309     1.3036     4.6826     62.087 4.4892e-01     1.9315    29.5154  0.000e+00
      2.681   0.401525   997.2517 1.2088e-01    19.6309     1.3036     4.6828     62.090 5.5217e-01     1.9315    29.5157  0.000e+00
      2.705   0.401518   997.2517 1.2088e-01    19.5662     1.3036     4.6740     61.973 5.8309e-01     1.9314    29.5159  0.000e+00
      2.681   0.401511   997.2515 1.2088e-01    19.5662     1.3036     4.6741     61.975 6.3539e-01     1.9314    29.5161  0.000e+00
      2.705   0.401508   997.2516 1.2088e-01    19.5662     1.3036     4.6699     61.919 7.7383e-01     1.9314    29.5160  0.000e+00
      2.681   0.401508   997.2514 1.2210e-01    19.5662     1.3036     4.6702     61.924 8.2627e-01     1.9313    29.5164  0.000e+00
      2.648   0.401501   997.2512 1.2210e-01    19.5662     1.3036     4.6705     61.928 8.6727e-01     1.9313    29.5165  0.000e+00
      2.681   0.401498   997.2512 1.2088e-01    19.5662     1.3036     4.6662     61.871 1.0434e+00     1.9313    29.5168  0.000e+00
      2.648   0.401484   997.2510 1.2088e-01    19.5662     1.3036     4.6668     61.878 1.1234e+00     1.9312    29.5168  0.000e+00
      2.681   0.401491   997.2510 1.2210e-01    19.6309     1.3036     4.6670     61.882 1.1525e+00     1.9312    29.5173  0.000e+00
      2.648   0.401498   997.2510 1.2210e-01    19.5662     1.3036     4.6675     61.888 1.3548e+00     1.9313    29.5171  0.000e+00
      2.615   0.401478   997.2507 1.2210e-01    19.6956     1.3036     4.6679     61.894 1.4542e+00     1.9311    29.5174  0.000e+00
      2.648   0.401481   997.2508 1.2210e-01    19.8250     1.3036     4.6685     61.902 1.4750e+00     1.9312    29.5173  0.000e+00
      2.681   0.401478   997.2509 1.2088e-01    19.9545     1.3036     4.6739     61.974 1.6612e+00     1.9311    29.5177  0.000e+00
      2.648   0.401474   997.2508 1.2088e-01    19.8898     1.3036     4.6751     61.990 1.7730e+00     1.9311    29.5174  0.000e+00
      2.681   0.401474   997.2508 1.2088e-01    19.8250     1.3036     4.6760     62.002 1.7931e+00     1.9311    29.5179  0.000e+00
      2.705   0.401481   997.2510 1.2088e-01    19.8898     1.3036     4.6815     62.074 1.9191e+00     1.9312    29.5177  0.000e+00
      2.615   0.401488   997.2504 1.2088e-01    19.8250     1.3036     4.6826     62.089 2.0022e+00     1.9312    29.5182  0.000e+00
      2.648   0.401495   997.2497 1.2210e-01    19.8898     1.3036     4.6881     62.165 2.0250e+00     1.9311    29.5210  0.000e+00
      2.738   0.401498   997.2485 1.2210e-01    19.8898     1.3036     4.6891     62.185 2.0250e+00     1.9309    29.5260  0.000e+00
      2.648   0.401498   997.2464 1.2088e-01    19.8898     1.3036     4.6946     62.263 2.0365e+00     1.9307    29.5310  0.000e+00
      2.738   0.401518   997.2457 1.2088e-01    19.8250     1.3036     4.6955     62.279 2.0423e+00     1.9307    29.5347  0.000e+00
      2.705   0.401521   997.2439 1.1966e-01    19.8250     1.3036     4.7010     62.356 1.9191e+00     1.9305    29.5395  0.000e+00
      2.681   0.401518   997.2424 1.1966e-01    19.8250     1.3036     4.7020     62.374 1.7830e+00     1.9303    29.5438  0.000e+00
      2.738   0.401518   997.2414 1.1966e-01    19.9545     1.3036     4.7031     62.392 1.7530e+00     1.9302    29.5475  0.000e+00
      2.705   0.401518   997.2392 1.1966e-01    20.0192     1.2731     4.7038     62.408 1.5877e+00     1.9299    29.5538  0.000e+00
      2.738   0.401532   997.2376 1.2088e-01    20.0192     1.2731     4.7094     62.489 1.3586e+00     1.9298    29.5594  0.000e+00
      2.763   0.401538   997.2366 1.2088e-01    19.9545     1.2731     4.7151     62.568 1.3057e+00     1.9297    29.5627  0.000e+00
      2.738   0.401548   997.2358 1.2088e-01    19.9545     1.2731     4.7118     62.527 1.1623e+00     1.9297    29.5649  0.000e+00
      2.705   0.401552   997.2349 1.2088e-01    19.9545     1.2731     4.7130     62.545 9.2070e-01     1.9296    29.5672  0.000e+00
      2.796   0.401548   997.2345 1.2088e-01    19.8898     1.2731     4.7143     62.565 8.5989e-01     1.9295    29.5697  0.000e+00
      2.763   0.401548   997.2338 1.2088e-01    20.0192     1.2731     4.7202     62.645 7.6070e-01     1.9294    29.5714  0.000e+00
      2.796   0.401555   997.2334 1.2210e-01    20.0192     1.2731     4.7217     62.667 5.5059e-01     1.9294    29.5730  0.000e+00
      2.763   0.401538   997.2326 1.2210e-01    20.0192     1.2731     4.7184     62.626 4.9083e-01     1.9292    29.5749  0.000e+00
      2.796   0.401528   997.2322 1.2088e-01    19.9545     1.2731     4.7196     62.643 4.4634e-01     1.9291    29.5764  0.000e+00
      2.829   0.401528   997.2319 1.2088e-01    19.9545     1.3036     4.7209     62.661 3.0536e-01     1.9291    29.5777  0.000e+00
      2.796   0.401515   997.2316 1.2088e-01    20.0192     1.2731     4.7222     62.679 2.6076e-01     1.9290    29.5781  0.000e+00
      2.829   0.401501   997.2318 1.2088e-01    20.0839     1.2731     4.7190     62.636 2.4373e-01     1.9289    29.5777  0.000e+00
      2.796   0.401505   997.2320 1.2088e-01    20.0839     1.2731     4.7203     62.652 1.5789e-01     1.9290    29.5768  0.000e+00
      2.887   0.401508   997.2327 1.2088e-01    20.0839     1.2731     4.7216     62.669 1.2767e-01     1.9290    29.5758  0.000e+00
      2.796   0.401495   997.2331 1.2088e-01    20.0839     1.2731     4.7182     62.621 1.1220e-01     1.9290    29.5734  0.000e+00
      2.887   0.401495   997.2353 1.2088e-01    20.0839     1.2731     4.7196     62.633 9.9687e-02     1.9293    29.5678  0.000e+00
      2.862   0.401471   997.2372 1.2088e-01    20.0839     1.2731     4.7164     62.584 9.8755e-02     1.9294    29.5614  0.000e+00
      2.829   0.401454   997.2392 1.2088e-01    20.1486     1.2731     4.7177     62.594 9.8755e-02     1.9296    29.5547  0.000e+00
      2.862   0.401451   997.2412 1.2088e-01    20.0839     1.2731     4.7187     62.602 9.9065e-02     1.9298    29.5492  0.000e+00
      2.887   0.401444   997.2432 1.2088e-01    20.0839     1.2731     4.7152     62.549 9.9065e-02     1.9300    29.5432  0.000e+00
      2.862   0.401441   997.2446 1.2088e-01    20.0839     1.2731     4.7110     62.487 9.9065e-02     1.9301    29.5386  0.000e+00
      2.887   0.401421   997.2458 1.2088e-01    20.0839     1.2731     4.7109     62.482 9.9065e-02     1.9302    29.5351  0.000e+00
      2.862   0.401404   997.2468 1.2088e-01    20.0192     1.2731     4.7064     62.419 9.9065e-02     1.9302    29.5316  0.000e+00
      2.887   0.401394   997.2479 1.2088e-01    19.8898     1.2731     4.7061     62.412 9.9065e-02     1.9303    29.5286  0.000e+00
      2.862   0.401390   997.2485 1.2088e-01    19.8250     1.2731     4.7011     62.344 9.9065e-02     1.9304    29.5262  0.000e+00
      2.887   0.401390   997.2493 1.2088e-01    19.8250     1.3036     4.7002     62.329 9.9065e-02     1.9304    29.5244  0.000e+00
      2.862   0.401384   997.2496 1.2088e-01    19.7603     1.3036     4.6946     62.253 9.9065e-02     1.9304    29.5229  0.000e+00
      2.829   0.401377   997.2498 1.2088e-01    19.8250     1.3341     4.6885     62.172 9.9065e-02     1.9305    29.5219  0.000e+00
      2.920   0.401377   997.2505 1.2088e-01    19.7603     1.3341     4.6824     62.090 9.9065e-02     1.9305    29.5209  0.000e+00
      2.829   0.401377   997.2503 1.2088e-01    19.8250     1.3341     4.6760     62.003 9.9065e-02     1.9305    29.5202  0.000e+00
      2.920   0.401373   997.2509 1.1966e-01    19.7603     1.3341     4.6738     61.975 9.9065e-02     1.9305    29.5197  0.000e+00
      2.829   0.401360   997.2505 1.1966e-01    19.8250     1.3341     4.6670     61.884 9.9065e-02     1.9305    29.5196  0.000e+00
      2.862   0.401353   997.2507 1.1966e-01    19.8250     1.3341     4.6648     61.854 9.9065e-02     1.9304    29.5191  0.000e+00
      2.887   0.401360   997.2509 1.1966e-01    19.8250     1.3341     4.6579     61.763 9.9065e-02     1.9305    29.5190  0.000e+00
      2.862   0.401373   997.2510 1.1844e-01    19.7603     1.3341     4.6555     61.730 9.9065e-02     1.9306    29.5186  0.000e+00
      2.887   0.401380   997.2511 1.1844e-01    19.6309     1.3341     4.6485     61.638 9.9065e-02     1.9306    29.5185  0.000e+00
      2.796   0.401384   997.2507 1.1966e-01    19.5015     1.3341     4.6508     61.668 9.9065e-02     1.9306    29.5186  0.000e+00
      2.829   0.401360   997.2509 1.1966e-01    19.5015     1.3341     4.6442     61.581 9.9065e-02     1.9305    29.5183  0.000e+00
