WS23139_Mystery_STN1.cnv
* Sea-Bird SBE 9 Data File:
* FileName = C:\ctd\Cruise_Data\WS23139_Rosenheim\WS23139_Rosenheim_STN1.hex
* Software Version Seasave V 7.26.7.121
* Temperature SN = 4097 MTG 177
* Conductivity SN = 1851 MTG 053
* Number of Bytes Per Scan = 40
* Number of Voltage Words = 5
* Number of Scans Averaged by the Deck Unit = 1
* NMEA Latitude = 02 40.39 N
* NMEA Longitude = 048 15.75 W
* NMEA UTC (Time) = Oct 22 2003  13:25:02
** Ship:
** Station:
** Operator:
# nquan = 12
# nvalues = 927                                   
# units = specified
# name 0 = depSM: Depth [salt water, m]
# name 1 = c0S/m: Conductivity [S/m]
# name 2 = density00: Density [density, kg/m^3]
# name 3 = flSP: Fluorescence, Seapoint
# name 4 = wetCDOM: Fluorescence, WET Labs CDOM [mg/m^3]
# name 5 = flECO-AFL: Fluorescence, WET Labs ECO-AFL/FL [mg/m^3]
# name 6 = sbeox0Mg/L: Oxygen, SBE 43 [mg/l]
# name 7 = sbeox0PS: Oxygen, SBE 43 [% saturation]
# name 8 = par: PAR/Irradiance, Biospherical/Licor [Watts/m^2]
# name 9 = sal00: Salinity, Practical [PSU]
# name 10 = t090C: Temperature [ITS-90, deg C]
# name 11 = flag:  0.000e+00
# span 0 =      2.310,      2.898                 
# span 1 =   5.854067,   5.860601                 
# span 2 =  1022.8902,  1022.9158                 
# span 3 = 8.5470e-02, 1.1477e-01                 
# span 4 =    -0.6890,   264.3110                 
# span 5 =    -0.1311,     0.0826                 
# span 6 =     5.4028,     6.1843                 
# span 7 =     85.522,     97.829                 
# span 8 = 7.2973e+02, 4.9368e+03                 
# span 9 =    36.0158,    36.0286                 
# span 10 =    28.7867,    28.8501                
# span 11 = 0.0000e+00, 0.0000e+00                
# interval = seconds: 0.0416667
# start_time = Oct 22 2003 13:25:02 [NMEA time, header]
# bad_flag = -9.990e-29
*END*
[from data line 843]
      2.615   5.855060  1022.9116 8.9133e-02   259.9105    -0.1005     6.1787     97.740 1.2733e+03    36.0227    28.7963  0.000e+00
      2.525   5.855127  1022.9114 8.7912e-02   259.9105    -0.1005     6.1791     97.745 2.3902e+03    36.0231    28.7965  0.000e+00
      2.525   5.855134  1022.9120 8.7912e-02   259.9752    -0.1005     6.1793     97.749 3.4448e+03    36.0235    28.7959  0.000e+00
      2.492   5.854955  1022.9112 8.7912e-02   259.9752    -0.1005     6.1834     97.813 3.5932e+03    36.0226    28.7956  0.000e+00
      2.525   5.854895  1022.9107 8.7912e-02   259.9752    -0.1005     6.1799     97.757 1.7396e+03    36.0219    28.7959  0.000e+00
      2.492   5.854940  1022.9106 8.7912e-02   259.9752    -0.0700     6.1841     97.824 1.0283e+03    36.0220    28.7962  0.000e+00
      2.524   5.855089  1022.9099 9.0354e-02   244.2499    -0.0700     6.1843     97.829 9.4514e+02    36.0217    28.7980  0.000e+00
      2.434   5.855388  1022.9087 1.0989e-01    90.1034     0.0521     6.1805     97.774 1.2485e+03    36.0218    28.8006  0.000e+00
      2.524   5.855612  1022.9083 1.0867e-01    12.9655     0.0521     6.1767     97.718 1.5810e+03    36.0217    28.8028  0.000e+00
      2.434   5.855702  1022.9080 1.0867e-01     4.4233     0.0521     6.1806     97.779 1.6538e+03    36.0220    28.8032  0.000e+00
      2.467   5.855739  1022.9082 1.0867e-01    10.3122     0.0521     6.1769     97.722 1.4904e+03    36.0221    28.8034  0.000e+00
      2.401   5.855791  1022.9076 1.0867e-01    13.2243     0.0521     6.1808     97.784 1.3207e+03    36.0220    28.8040  0.000e+00
      2.434   5.855844  1022.9076 1.0867e-01    13.6126     0.0521     6.1808     97.784 1.2841e+03    36.0220    28.8044  0.000e+00
      2.467   5.855948  1022.9083 1.0867e-01    13.3537     0.0521     6.1771     97.727 1.8821e+03    36.0228    28.8044  0.000e+00
      2.434   5.855851  1022.9082 1.0989e-01    13.2243     0.0826     6.1808     97.785 3.6852e+03    36.0225    28.8039  0.000e+00
      2.343   5.855799  1022.9079 1.0867e-01    13.2243     0.0521     6.1769     97.722 4.4491e+03    36.0225    28.8035  0.000e+00
      2.434   5.855806  1022.9081 1.0867e-01    13.2243     0.0521     6.1767     97.719 3.7165e+03    36.0223    28.8037  0.000e+00
      2.401   5.855836  1022.9079 1.0867e-01    13.2890     0.0521     6.1803     97.777 2.5213e+03    36.0224    28.8039  0.000e+00
      2.376   5.855821  1022.9081 1.0867e-01    13.2243     0.0521     6.1803     97.775 2.2217e+03    36.0226    28.8035  0.000e+00
      2.401   5.855694  1022.9079 1.0867e-01     8.7591     0.0521     6.1766     97.716 2.2659e+03    36.0220    28.8031  0.000e+00
      2.400   5.855732  1022.9082 1.0867e-01     4.1645     0.0521     6.1763     97.711 2.4308e+03    36.0224    28.8030  0.000e+00
      2.310   5.855963  1022.9079 1.0867e-01     3.1291     0.0521     6.1757     97.705 2.4861e+03    36.0230    28.8043  0.000e+00
      2.400   5.856120  1022.9071 1.0745e-01     3.2585     0.0521     6.1714     97.640 2.4308e+03    36.0224    28.8065  0.000e+00
      2.376   5.856277  1022.9065 1.0745e-01     3.4526     0.0521     6.1707     97.631 2.1540e+03    36.0224    28.8079  0.000e+00
      2.400   5.856404  1022.9066 1.0867e-01     3.5173     0.0521     6.1740     97.685 2.0477e+03    36.0227    28.8087  0.000e+00
      2.376   5.856598  1022.9063 1.0867e-01     3.5173     0.0521     6.1696     97.617 2.0535e+03    36.0231    28.8100  0.000e+00
      2.400   5.856740  1022.9058 1.0867e-01     3.5173     0.0521     6.1690     97.609 2.2092e+03    36.0230    28.8115  0.000e+00
      2.376   5.856747  1022.9053 1.0867e-01     3.4526     0.0521     6.1647     97.542 2.2979e+03    36.0226    28.8120  0.000e+00
      2.343   5.856687  1022.9052 1.0745e-01     3.4526     0.0521     6.1678     97.591 2.3109e+03    36.0225    28.8116  0.000e+00
      2.343   5.856583  1022.9053 1.0745e-01     3.5173     0.0521     6.1674     97.582 2.1002e+03    36.0223    28.8109  0.000e+00
      2.433   5.856568  1022.9052 1.0745e-01     3.4526     0.0521     6.1631     97.516 1.9742e+03    36.0219    28.8113  0.000e+00
      2.400   5.856560  1022.9043 1.0867e-01    52.8287     0.0521     6.1625     97.507 1.9577e+03    36.0212    28.8121  0.000e+00
      2.375   5.856568  1022.9031 1.0012e-01   208.6578    -0.0090     6.1656     97.557 1.8248e+03    36.0204    28.8133  0.000e+00
      2.400   5.856598  1022.9046 8.6691e-02   264.3110    -0.1005     6.1653     97.552 1.7250e+03    36.0216    28.8120  0.000e+00
      2.433   5.856366  1022.9060 8.6691e-02   264.3110    -0.1005     6.1652     97.546 1.7105e+03    36.0220    28.8092  0.000e+00
      2.400   5.856097  1022.9065 8.6691e-02   264.3110    -0.0700     6.1651     97.540 1.6914e+03    36.0219    28.8070  0.000e+00
      2.433   5.855970  1022.9076 8.6691e-02   260.2988    -0.0700     6.1649     97.535 1.6725e+03    36.0224    28.8052  0.000e+00
      2.466   5.855911  1022.9089 8.6691e-02   259.3928    -0.1005     6.1649     97.533 1.6678e+03    36.0232    28.8035  0.000e+00
      2.433   5.855791  1022.9090 8.7912e-02   259.6517    -0.0700     6.1685     97.588 1.8248e+03    36.0231    28.8026  0.000e+00
      2.466   5.855821  1022.9092 8.7912e-02   259.9105    -0.0700     6.1722     97.647 2.0593e+03    36.0231    28.8028  0.000e+00
      2.400   5.855888  1022.9087 8.7912e-02   259.9752    -0.0700     6.1682     97.585 2.1359e+03    36.0232    28.8034  0.000e+00
      2.491   5.855941  1022.9089 8.7912e-02   259.9105    -0.0700     6.1682     97.586 2.4172e+03    36.0231    28.8039  0.000e+00
      2.524   5.855941  1022.9088 8.7912e-02   259.9105    -0.0700     6.1681     97.583 3.1573e+03    36.0230    28.8041  0.000e+00
      2.491   5.855985  1022.9085 8.7912e-02   259.9105    -0.0700     6.1680     97.582 3.4448e+03    36.0229    28.8046  0.000e+00
      2.466   5.856023  1022.9080 8.7912e-02   259.9105    -0.0700     6.1718     97.643 2.8775e+03    36.0227    28.8052  0.000e+00
      2.557   5.856045  1022.9083 8.7912e-02   259.9105    -0.1005     6.1681     97.586 1.6307e+03    36.0227    28.8054  0.000e+00
      2.466   5.856075  1022.9083 8.7912e-02   259.9105    -0.0700     6.1719     97.645 1.3207e+03    36.0231    28.8052  0.000e+00
      2.557   5.856015  1022.9084 8.7912e-02   259.9752    -0.0700     6.1723     97.652 1.3660e+03    36.0227    28.8051  0.000e+00
      2.524   5.855985  1022.9080 8.6691e-02   259.9105    -0.1005     6.1726     97.657 1.5944e+03    36.0224    28.8052  0.000e+00
      2.590   5.855963  1022.9084 8.6691e-02   259.9105    -0.0700     6.1730     97.663 1.7057e+03    36.0224    28.8050  0.000e+00
      2.491   5.855978  1022.9084 8.6691e-02   259.9752    -0.0700     6.1733     97.668 1.7742e+03    36.0228    28.8047  0.000e+00
      2.589   5.855963  1022.9094 8.6691e-02   259.9105    -0.0700     6.1738     97.674 2.3634e+03    36.0233    28.8039  0.000e+00
      2.556   5.855911  1022.9086 8.6691e-02   259.9105    -0.1005     6.1782     97.744 2.7278e+03    36.0226    28.8043  0.000e+00
      2.589   5.855941  1022.9088 8.7912e-02   259.9105    -0.0700     6.1748     97.691 2.7278e+03    36.0227    28.8044  0.000e+00
      2.614   5.855941  1022.9089 8.6691e-02   259.9752    -0.1005     6.1754     97.700 2.1420e+03    36.0227    28.8044  0.000e+00
      2.589   5.856053  1022.9082 8.7912e-02   259.9105    -0.0700     6.1758     97.708 1.8611e+03    36.0225    28.8058  0.000e+00
      2.614   5.856232  1022.9081 8.7912e-02   259.9105    -0.0700     6.1760     97.714 1.8351e+03    36.0228    28.8070  0.000e+00
      2.589   5.856322  1022.9076 8.6691e-02   259.9105    -0.1005     6.1722     97.655 2.2155e+03    36.0226    28.8080  0.000e+00
      2.589   5.856396  1022.9075 8.6691e-02   259.9752    -0.1005     6.1723     97.658 2.5427e+03    36.0227    28.8085  0.000e+00
      2.614   5.856322  1022.9072 8.6691e-02   259.9752    -0.1005     6.1724     97.658 2.6005e+03    36.0223    28.8085  0.000e+00
      2.647   5.856381  1022.9076 8.6691e-02   259.9105    -0.0700     6.1726     97.661 2.4037e+03    36.0226    28.8085  0.000e+00
      2.614   5.856351  1022.9072 8.7912e-02   260.0399    -0.0700     6.1688     97.602 2.2279e+03    36.0223    28.8087  0.000e+00
      2.589   5.856322  1022.9071 8.7912e-02   259.9752    -0.0700     6.1725     97.661 2.1968e+03    36.0222    28.8085  0.000e+00
      2.680   5.856366  1022.9082 8.7912e-02   259.9752    -0.1005     6.1729     97.665 1.8716e+03    36.0230    28.8079  0.000e+00
      2.589   5.856336  1022.9073 8.7912e-02   259.9752    -0.0700     6.1728     97.664 1.5115e+03    36.0225    28.8083  0.000e+00
      2.614   5.856434  1022.9073 8.7912e-02   259.9752    -0.1005     6.1689     97.604 1.4288e+03    36.0226    28.8091  0.000e+00
      2.647   5.856501  1022.9069 8.6691e-02   259.9752    -0.0700     6.1727     97.666 1.4450e+03    36.0223    28.8100  0.000e+00
      2.556   5.856740  1022.9060 8.6691e-02   259.9752    -0.0700     6.1727     97.669 1.4737e+03    36.0225    28.8120  0.000e+00
      2.647   5.856904  1022.9058 9.1575e-02   241.9203    -0.0395     6.1688     97.609 1.4779e+03    36.0225    28.8135  0.000e+00
      2.589   5.856949  1022.9057 1.0989e-01    93.1449     0.0521     6.1686     97.606 1.5072e+03    36.0227    28.8137  0.000e+00
      2.614   5.857016  1022.9061 1.0867e-01    21.3134     0.0521     6.1723     97.666 1.5944e+03    36.0231    28.8137  0.000e+00
      2.589   5.857016  1022.9054 1.0867e-01    13.9362     0.0521     6.1682     97.602 1.6216e+03    36.0226    28.8144  0.000e+00
      2.614   5.857098  1022.9054 1.0867e-01    19.6309     0.0521     6.1718     97.659 1.7299e+03    36.0227    28.8150  0.000e+00
      2.589   5.857106  1022.9053 1.0867e-01    22.4136     0.0521     6.1679     97.598 2.1968e+03    36.0228    28.8150  0.000e+00
      2.556   5.857053  1022.9051 1.0867e-01    22.6724     0.0521     6.1676     97.593 2.4104e+03    36.0226    28.8147  0.000e+00
      2.589   5.857016  1022.9055 1.0867e-01    22.4783     0.0521     6.1674     97.588 2.3109e+03    36.0227    28.8143  0.000e+00
      2.614   5.857031  1022.9055 1.0867e-01    22.3489     0.0521     6.1669     97.581 1.6725e+03    36.0227    28.8144  0.000e+00
      2.523   5.857046  1022.9049 1.0867e-01    22.3489     0.0521     6.1664     97.574 1.4248e+03    36.0225    28.8148  0.000e+00
      2.523   5.857106  1022.9045 1.0867e-01    22.3489     0.0521     6.1699     97.631 1.4329e+03    36.0223    28.8156  0.000e+00
      2.614   5.857143  1022.9053 1.0867e-01    22.3489     0.0521     6.1697     97.626 1.7593e+03    36.0228    28.8154  0.000e+00
      2.523   5.857128  1022.9043 1.0867e-01    22.2194     0.0521     6.1653     97.558 1.9687e+03    36.0223    28.8159  0.000e+00
      2.556   5.857173  1022.9046 1.0989e-01   134.1083     0.0826     6.1650     97.553 1.9854e+03    36.0225    28.8160  0.000e+00
      2.523   5.857322  1022.9049 8.9133e-02   245.9325    -0.0700     6.1645     97.547 1.6125e+03    36.0232    28.8164  0.000e+00
      2.556   5.857307  1022.9046 8.6691e-02   264.3110    -0.1005     6.1642     97.542 1.3931e+03    36.0228    28.8168  0.000e+00
