WS23139_STN05_04CTD.cnv
* Sea-Bird SBE 9 Data File:
* FileName = C:\ctd\Cruise_Data\WS23139_Rosenheim\WS23139_Rosenheim_STN05.hex
* Software Version Seasave V 7.26.7.121
* Temperature SN = 4097 MTG 177
* Conductivity SN = 1851 MTG 053
* Number of Bytes Per Scan = 40
* Number of Voltage Words = 5
* Number of Scans Averaged by the Deck Unit = 1
* NMEA Latitude = 01 36.61 N
* NMEA Longitude = 049 35.71 W
* NMEA UTC (Time) = Jun 08 2023 19:21:18
** Ship:
** Station:
** Operator:
# nquan = 12
# nvalues = 8946                                  
# units = specified
# name 0 = depSM: Depth [salt water, m]
# name 1 = c0S/m: Conductivity [S/m]
# name 2 = density00: Density [density, kg/m^3]
# name 3 = flSP: Fluorescence, Seapoint
# name 4 = wetCDOM: Fluorescence, WET Labs CDOM [mg/m^3]
# name 5 = flECO-AFL: Fluorescence, WET Labs ECO-AFL/FL [mg/m^3]
# name 6 = sbeox0Mg/L: Oxygen, SBE 43 [mg/l]
# name 7 = sbeox0PS: Oxygen, SBE 43 [% saturation]
# name 8 = par: PAR/Irradiance, Biospherical/Licor [Watts/m^2]
# name 9 = sal00: Salinity, Practical [PSU]
# name 10 = t090C: Temperature [ITS-90, deg C]
# name 11 = flag:  0.000e+00
# span 0 =      1.598,      7.996                 
# span 1 =   0.286384,   0.406249                 
# span 2 =   996.7241,   997.2963                 
# span 3 = 1.1722e-01, 1.4652e-01                 
# span 4 =    17.0424,    26.5552                 
# span 5 =     1.2120,     1.9446                 
# span 6 =     3.9161,     5.7156                 
# span 7 =     51.917,     75.914                 
# span 8 = 9.8755e-02, 6.8789e+02                 
# span 9 =     1.3432,     1.9493                 
# span 10 =    29.4673,    29.8063                
# span 11 = 0.0000e+00, 0.0000e+00                
# interval = seconds: 0.0416667
# start_time = Jun 08 2023 19:21:18 [NMEA time, header]
# bad_flag = -9.990e-29
*END*
[from data line 6617]
      3.100   0.402040   997.2329 1.2576e-01    18.7249     1.2426     4.7864     63.539 9.9065e-02     1.9314    29.5844  0.000e+00
      3.067   0.402050   997.2335 1.2576e-01    18.6602     1.2426     4.7783     63.429 9.9065e-02     1.9315    29.5823  0.000e+00
      3.100   0.402063   997.2348 1.2454e-01    18.6602     1.2426     4.7662     63.265 9.9065e-02     1.9317    29.5790  0.000e+00
      3.133   0.402080   997.2361 1.2576e-01    18.6602     1.2426     4.7586     63.161 9.9065e-02     1.9319    29.5755  0.000e+00
      3.042   0.402107   997.2371 1.2576e-01    18.6602     1.2426     4.7513     63.059 9.9065e-02     1.9322    29.5718  0.000e+00
      3.133   0.402127   997.2385 1.2576e-01    18.6602     1.2426     4.7397     62.902 9.9065e-02     1.9324    29.5688  0.000e+00
      3.100   0.402157   997.2397 1.2576e-01    18.7249     1.2426     4.7329     62.808 9.9065e-02     1.9327    29.5651  0.000e+00
      3.067   0.402120   997.2410 1.2454e-01    18.6602     1.2426     4.7265     62.718 9.9065e-02     1.9327    29.5603  0.000e+00
      3.100   0.402053   997.2425 1.2454e-01    18.6602     1.2426     4.7206     62.635 9.9065e-02     1.9326    29.5555  0.000e+00
      3.067   0.401962   997.2435 1.2576e-01    18.5955     1.2426     4.7054     62.427 9.9065e-02     1.9323    29.5508  0.000e+00
      3.100   0.401858   997.2447 1.2576e-01    18.4014     1.2426     4.6992     62.340 9.9065e-02     1.9319    29.5464  0.000e+00
      3.009   0.401707   997.2452 1.2576e-01    18.3366     1.2426     4.6934     62.258 9.9065e-02     1.9314    29.5419  0.000e+00
      3.042   0.401562   997.2462 1.2698e-01    18.4661     1.2426     4.6877     62.177 9.9065e-02     1.9308    29.5377  0.000e+00
      3.067   0.401464   997.2472 1.2698e-01    18.3366     1.2426     4.6823     62.103 9.9065e-02     1.9304    29.5338  0.000e+00
      2.976   0.401390   997.2477 1.2698e-01    18.3366     1.2426     4.6769     62.027 9.9065e-02     1.9302    29.5303  0.000e+00
      3.009   0.401336   997.2484 1.2576e-01    18.3366     1.2426     4.6718     61.956 9.9065e-02     1.9300    29.5279  0.000e+00
      2.976   0.401336   997.2490 1.2576e-01    18.3366     1.2426     4.6669     61.889 9.9065e-02     1.9301    29.5258  0.000e+00
      3.009   0.401400   997.2499 1.2576e-01    18.3366     1.2426     4.6666     61.883 9.9065e-02     1.9305    29.5242  0.000e+00
      2.976   0.401478   997.2504 1.2576e-01    18.3366     1.2426     4.6618     61.820 9.9065e-02     1.9309    29.5231  0.000e+00
      2.951   0.401569   997.2512 1.2576e-01    18.3366     1.2426     4.6620     61.821 9.9065e-02     1.9314    29.5215  0.000e+00
      2.861   0.401676   997.2515 1.2454e-01    18.3366     1.2426     4.6626     61.828 9.9065e-02     1.9320    29.5205  0.000e+00
      2.951   0.401760   997.2525 1.2332e-01    18.3366     1.2426     4.6636     61.839 9.9065e-02     1.9325    29.5197  0.000e+00
      2.861   0.401838   997.2526 1.2332e-01    18.4661     1.2426     4.6600     61.792 9.9065e-02     1.9329    29.5189  0.000e+00
      2.885   0.401915   997.2532 1.2210e-01    18.4661     1.2426     4.6564     61.743 9.9065e-02     1.9333    29.5184  0.000e+00
      2.795   0.401972   997.2530 1.2210e-01    18.5955     1.2426     4.6574     61.757 9.9065e-02     1.9336    29.5185  0.000e+00
      2.828   0.401999   997.2531 1.2332e-01    18.5308     1.2426     4.6586     61.773 9.9065e-02     1.9337    29.5190  0.000e+00
      2.795   0.402009   997.2528 1.2332e-01    18.5308     1.2426     4.6555     61.733 9.9375e-02     1.9338    29.5196  0.000e+00
      2.762   0.402050   997.2524 1.2332e-01    18.5308     1.2426     4.6570     61.754 9.9375e-02     1.9339    29.5206  0.000e+00
      2.737   0.402104   997.2522 1.2332e-01    18.5308     1.2426     4.6539     61.714 9.9375e-02     1.9342    29.5216  0.000e+00
      2.646   0.402134   997.2517 1.2332e-01    18.5308     1.2426     4.6601     61.796 1.3406e-01     1.9343    29.5223  0.000e+00
      2.679   0.402161   997.2517 1.2454e-01    18.5308     1.2426     4.6618     61.821 1.9467e-01     1.9344    29.5232  0.000e+00
      2.646   0.402191   997.2515 1.2454e-01    18.5308     1.2426     4.6591     61.785 2.1343e-01     1.9345    29.5234  0.000e+00
      2.556   0.402208   997.2511 1.2332e-01    18.5308     1.2426     4.6703     61.933 2.7569e-01     1.9346    29.5238  0.000e+00
      2.646   0.402221   997.2515 1.2332e-01    18.5308     1.3036     4.6680     61.903 4.3241e-01     1.9347    29.5239  0.000e+00
      2.556   0.402235   997.2511 1.2210e-01    18.6602     1.3341     4.6701     61.932 4.9224e-01     1.9348    29.5240  0.000e+00
      2.523   0.402248   997.2510 1.2210e-01    18.8543     1.3647     4.6771     62.024 6.0175e-01     1.9348    29.5240  0.000e+00
      2.490   0.402255   997.2510 1.2088e-01    18.9191     1.3647     4.6844     62.121 1.0889e+00     1.9349    29.5235  0.000e+00
      2.457   0.402282   997.2510 1.2210e-01    18.9191     1.3647     4.6920     62.222 1.3509e+00     1.9350    29.5236  0.000e+00
      2.432   0.402268   997.2509 1.2210e-01    18.9191     1.3647     4.7046     62.388 1.5433e+00     1.9350    29.5233  0.000e+00
      2.457   0.402289   997.2512 1.2088e-01    18.9191     1.3647     4.7178     62.564 2.7865e+00     1.9351    29.5230  0.000e+00
      2.374   0.402305   997.2511 1.2088e-01    18.9191     1.3647     4.7267     62.680 3.5920e+00     1.9352    29.5225  0.000e+00
      2.341   0.402309   997.2510 1.2210e-01    18.9191     1.3647     4.7358     62.800 3.8653e+00     1.9352    29.5221  0.000e+00
      2.374   0.402305   997.2511 1.2210e-01    18.9838     1.3647     4.7497     62.985 6.5100e+00     1.9352    29.5222  0.000e+00
      2.341   0.402292   997.2510 1.2210e-01    18.9191     1.3647     4.7640     63.174 8.4587e+00     1.9351    29.5220  0.000e+00
      2.374   0.402279   997.2513 1.2210e-01    18.9838     1.3647     4.7789     63.371 8.7988e+00     1.9351    29.5216  0.000e+00
      2.275   0.402255   997.2508 1.2210e-01    18.8543     1.3647     4.7894     63.511 1.2866e+01     1.9350    29.5215  0.000e+00
      2.308   0.402231   997.2508 1.2332e-01    18.9838     1.3647     4.8045     63.711 1.6204e+01     1.9348    29.5214  0.000e+00
      2.275   0.402184   997.2506 1.2210e-01    19.9545     1.3647     4.8246     63.977 1.6761e+01     1.9346    29.5212  0.000e+00
      2.251   0.402114   997.2496 1.2210e-01    20.4075     1.3647     4.8356     64.125 2.0991e+01     1.9342    29.5230  0.000e+00
      2.275   0.402053   997.2472 1.2332e-01    20.4722     1.3647     4.8508     64.333 2.4920e+01     1.9336    29.5299  0.000e+00
      2.185   0.401993   997.2444 1.2332e-01    20.4722     1.3647     4.8614     64.481 2.5631e+01     1.9330    29.5366  0.000e+00
      2.275   0.401966   997.2430 1.2332e-01    20.4075     1.3647     4.8812     64.750 2.8603e+01     1.9327    29.5418  0.000e+00
      2.185   0.401915   997.2410 1.2210e-01    20.4075     1.3647     4.8922     64.900 3.1829e+01     1.9323    29.5459  0.000e+00
      2.275   0.401945   997.2404 1.2210e-01    20.4075     1.3647     4.9032     65.050 3.2553e+01     1.9323    29.5493  0.000e+00
      2.185   0.401962   997.2386 1.2210e-01    20.4075     1.3647     4.9137     65.194 3.4051e+01     1.9322    29.5538  0.000e+00
      2.218   0.401959   997.2373 1.2210e-01    20.4075     1.3647     4.9241     65.337 3.6123e+01     1.9320    29.5580  0.000e+00
      2.185   0.401949   997.2358 1.2332e-01    20.4075     1.3647     4.9344     65.478 3.6532e+01     1.9318    29.5621  0.000e+00
      2.251   0.401935   997.2353 1.2332e-01    20.4722     1.3647     4.9493     65.679 3.6532e+01     1.9317    29.5643  0.000e+00
      2.160   0.401918   997.2344 1.2332e-01    20.4075     1.3647     4.9592     65.811 3.6532e+01     1.9315    29.5656  0.000e+00
      2.251   0.401915   997.2346 1.2332e-01    20.2780     1.3647     4.9598     65.820 3.6635e+01     1.9315    29.5664  0.000e+00
      2.218   0.401942   997.2344 1.2332e-01    20.1486     1.3647     4.9689     65.941 3.5220e+01     1.9316    29.5668  0.000e+00
      2.251   0.401962   997.2346 1.2332e-01    20.0839     1.3647     4.9732     65.998 3.2189e+01     1.9317    29.5669  0.000e+00
      2.218   0.401945   997.2346 1.2210e-01    20.0839     1.3647     4.9817     66.110 3.1296e+01     1.9316    29.5662  0.000e+00
      2.308   0.401922   997.2354 1.2210e-01    20.0839     1.3647     4.9854     66.158 2.9751e+01     1.9316    29.5647  0.000e+00
      2.218   0.401875   997.2354 1.2210e-01    20.0839     1.3647     4.9886     66.198 2.4780e+01     1.9314    29.5631  0.000e+00
      2.251   0.401844   997.2359 1.2210e-01    20.0839     1.3647     4.9913     66.233 2.3098e+01     1.9313    29.5616  0.000e+00
      2.276   0.401780   997.2361 1.2210e-01    20.2780     1.3647     4.9891     66.202 2.2206e+01     1.9310    29.5607  0.000e+00
      2.374   0.401703   997.2364 1.2332e-01    20.0839     1.3647     4.9908     66.224 1.7532e+01     1.9306    29.5599  0.000e+00
      2.276   0.401626   997.2360 1.2332e-01    20.0839     1.3647     4.9921     66.240 1.5711e+01     1.9303    29.5590  0.000e+00
      2.309   0.401548   997.2364 1.2332e-01    20.0839     1.3647     4.9886     66.192 1.5275e+01     1.9300    29.5573  0.000e+00
      2.342   0.401471   997.2368 1.2332e-01    20.0839     1.3647     4.9893     66.199 1.1593e+01     1.9296    29.5557  0.000e+00
      2.374   0.401437   997.2373 1.2332e-01    20.4722     1.3647     4.9848     66.138 9.9309e+00     1.9295    29.5542  0.000e+00
      2.342   0.401404   997.2374 1.2332e-01    21.5723     1.3647     4.9796     66.067 9.7646e+00     1.9294    29.5531  0.000e+00
      2.375   0.401380   997.2377 1.2332e-01    22.0900     1.3647     4.9738     65.990 7.2046e+00     1.9293    29.5525  0.000e+00
      2.399   0.401400   997.2380 1.2332e-01    22.0900     1.3647     4.9722     65.967 5.8823e+00     1.9294    29.5521  0.000e+00
      2.432   0.401441   997.2385 1.2332e-01    22.0253     1.3647     4.9654     65.877 5.7028e+00     1.9296    29.5514  0.000e+00
      2.457   0.401471   997.2390 1.2332e-01    22.0900     1.3647     4.9582     65.781 4.1828e+00     1.9298    29.5507  0.000e+00
      2.432   0.401521   997.2395 1.2332e-01    22.0253     1.3647     4.9550     65.736 3.1907e+00     1.9301    29.5492  0.000e+00
      2.523   0.401609   997.2405 1.2210e-01    22.0253     1.3647     4.9424     65.569 3.0327e+00     1.9306    29.5484  0.000e+00
      2.490   0.401676   997.2409 1.2210e-01    22.0253     1.3647     4.9384     65.514 2.2167e+00     1.9310    29.5475  0.000e+00
      2.523   0.401750   997.2414 1.2210e-01    22.0253     1.3647     4.9292     65.393 1.5390e+00     1.9314    29.5475  0.000e+00
      2.556   0.401831   997.2418 1.2210e-01    22.0253     1.3647     4.9246     65.332 1.4136e+00     1.9318    29.5477  0.000e+00
      2.523   0.401922   997.2418 1.2210e-01    22.0253     1.3647     4.9149     65.204 1.0735e+00     1.9322    29.5482  0.000e+00
      2.614   0.401976   997.2424 1.2210e-01    22.0253     1.3647     4.9095     65.132 7.1644e-01     1.9325    29.5482  0.000e+00
      2.647   0.402016   997.2425 1.2210e-01    22.9960     1.3647     4.8993     64.998 6.4087e-01     1.9327    29.5488  0.000e+00
      2.614   0.402036   997.2421 1.2332e-01    23.7078     1.3647     4.8935     64.923 5.2890e-01     1.9327    29.5499  0.000e+00
      2.704   0.402070   997.2422 1.2210e-01    23.9020     1.4257     4.8832     64.787 3.6565e-01     1.9329    29.5510  0.000e+00
      2.680   0.402130   997.2420 1.2210e-01    23.8373     1.4562     4.8821     64.773 3.2746e-01     1.9331    29.5521  0.000e+00
      2.704   0.402164   997.2419 1.2210e-01    23.7725     1.4562     4.8769     64.705 2.9400e-01     1.9333    29.5531  0.000e+00
      2.737   0.402188   997.2420 1.2210e-01    23.7725     1.4562     4.8671     64.577 2.1789e-01     1.9334    29.5536  0.000e+00
      2.704   0.402194   997.2416 1.2332e-01    23.8373     1.4562     4.8572     64.446 1.9584e-01     1.9334    29.5543  0.000e+00
      2.795   0.402198   997.2418 1.2332e-01    23.7725     1.4562     4.8567     64.441 1.8506e-01     1.9333    29.5551  0.000e+00
      2.762   0.402191   997.2415 1.2332e-01    23.7725     1.4562     4.8475     64.318 1.4420e-01     1.9333    29.5555  0.000e+00
      2.795   0.402188   997.2418 1.2332e-01    23.7725     1.4562     4.8477     64.321 1.3043e-01     1.9333    29.5551  0.000e+00
      2.762   0.402191   997.2420 1.2332e-01    23.7725     1.4562     4.8391     64.206 1.1220e-01     1.9334    29.5540  0.000e+00
      2.795   0.402205   997.2427 1.2332e-01    23.7725     1.4562     4.8354     64.154 9.9687e-02     1.9335    29.5525  0.000e+00
      2.886   0.402191   997.2436 1.2210e-01    23.9020     1.4562     4.8276     64.050 9.8755e-02     1.9335    29.5508  0.000e+00
      2.795   0.402154   997.2437 1.2210e-01    24.0961     1.4562     4.8291     64.067 9.8755e-02     1.9334    29.5488  0.000e+00
      2.828   0.402110   997.2445 1.2210e-01    24.0961     1.4562     4.8220     63.970 9.8755e-02     1.9332    29.5462  0.000e+00
      2.861   0.402053   997.2454 1.2210e-01    24.1608     1.4562     4.8197     63.936 9.9065e-02     1.9331    29.5434  0.000e+00
      2.886   0.402006   997.2464 1.2210e-01    24.0961     1.4562     4.8227     63.972 9.9065e-02     1.9330    29.5401  0.000e+00
      2.795   0.401915   997.2466 1.2210e-01    24.0961     1.4562     4.8214     63.951 9.9065e-02     1.9326    29.5373  0.000e+00
      2.828   0.401807   997.2473 1.2210e-01    24.0961     1.4562     4.8205     63.936 9.9065e-02     1.9322    29.5344  0.000e+00
      2.861   0.401737   997.2480 1.2210e-01    24.0961     1.4562     4.8152     63.863 9.9065e-02     1.9319    29.5318  0.000e+00
      2.828   0.401636   997.2482 1.2210e-01    24.0961     1.4562     4.8192     63.913 9.9065e-02     1.9315    29.5295  0.000e+00
      2.861   0.401542   997.2489 1.2210e-01    24.0961     1.4562     4.8237     63.970 9.9065e-02     1.9311    29.5270  0.000e+00
      2.762   0.401454   997.2486 1.2210e-01    24.0961     1.4562     4.8242     63.975 9.8755e-02     1.9307    29.5253  0.000e+00
      2.861   0.401390   997.2495 1.2088e-01    24.1608     1.4562     4.8298     64.047 9.9065e-02     1.9305    29.5232  0.000e+00
      2.828   0.401353   997.2498 1.2210e-01    24.0961     1.4562     4.8354     64.119 9.9065e-02     1.9303    29.5216  0.000e+00
      2.795   0.401323   997.2497 1.2210e-01    23.8373     1.4562     4.8368     64.137 9.9065e-02     1.9302    29.5209  0.000e+00
      2.762   0.401350   997.2500 1.2332e-01    23.7078     1.4562     4.8429     64.217 9.9065e-02     1.9304    29.5198  0.000e+00
      2.795   0.401384   997.2505 1.2210e-01    23.7078     1.4562     4.8495     64.304 9.9065e-02     1.9306    29.5192  0.000e+00
      2.762   0.401444   997.2507 1.2210e-01    23.7078     1.4868     4.8610     64.456 9.9065e-02     1.9309    29.5188  0.000e+00
      2.795   0.401538   997.2513 1.2210e-01    23.7078     1.5173     4.8730     64.615 9.9375e-02     1.9314    29.5185  0.000e+00
      2.762   0.401616   997.2516 1.2210e-01    23.7078     1.5173     4.8762     64.657 1.0414e-01     1.9318    29.5181  0.000e+00
      2.738   0.401676   997.2517 1.2332e-01    23.7078     1.5173     4.8884     64.819 1.0710e-01     1.9321    29.5183  0.000e+00
      2.762   0.401750   997.2521 1.2210e-01    23.7078     1.5173     4.8965     64.926 1.0743e-01     1.9325    29.5182  0.000e+00
      2.738   0.401791   997.2522 1.2210e-01    23.7078     1.5173     4.9140     65.159 1.3244e-01     1.9327    29.5181  0.000e+00
      2.705   0.401851   997.2522 1.2332e-01    23.7078     1.5173     4.9227     65.274 1.5227e-01     1.9330    29.5182  0.000e+00
