WS23139_STN21_19CTD.cnv
* Sea-Bird SBE 9 Data File:
* FileName = C:\ctd\Cruise_Data\WS23139_Rosenheim\WS23139_Rosenheim_STN21.hex
* Software Version Seasave V 7.26.7.121
* Temperature SN = 4097 MTG 177
* Conductivity SN = 1851 MTG 053
* Number of Bytes Per Scan = 40
* Number of Voltage Words = 5
* Number of Scans Averaged by the Deck Unit = 1
* NMEA Latitude = 06 01.23 N
* NMEA Longitude = 054 01.33 W
* NMEA UTC (Time) = Jun 16 2023 21:59:06
** Ship:
** Station:
** Operator:
# nquan = 12
# nvalues = 10417                                 
# units = specified
# name 0 = depSM: Depth [salt water, m]
# name 1 = c0S/m: Conductivity [S/m]
# name 2 = density00: Density [density, kg/m^3]
# name 3 = flSP: Fluorescence, Seapoint
# name 4 = wetCDOM: Fluorescence, WET Labs CDOM [mg/m^3]
# name 5 = flECO-AFL: Fluorescence, WET Labs ECO-AFL/FL [mg/m^3]
# name 6 = sbeox0Mg/L: Oxygen, SBE 43 [mg/l]
# name 7 = sbeox0PS: Oxygen, SBE 43 [% saturation]
# name 8 = par: PAR/Irradiance, Biospherical/Licor [Watts/m^2]
# name 9 = sal00: Salinity, Practical [PSU]
# name 10 = t090C: Temperature [ITS-90, deg C]
# name 11 = flag:  0.000e+00
# span 0 =      1.044,     15.478                 
# span 1 =   5.367870,   5.706796                 
# span 2 =  1021.2236,  1023.4850                 
# span 3 = 7.6923e-02, 1.6484e-01                 
# span 4 =    -0.6890,   264.3110                 
# span 5 =     0.6015,     2.1583                 
# span 6 =     4.9966,     6.0744                 
# span 7 =     76.686,     93.241                 
# span 8 = 9.8755e-02, 1.0959e+01                 
# span 9 =    33.3505,    36.0810                 
# span 10 =    27.3499,    27.8144                
# span 11 = 0.0000e+00, 0.0000e+00                
# interval = seconds: 0.0416667
# start_time = Jun 16 2023 21:59:06 [NMEA time, header]
# bad_flag = -9.990e-29
*END*
[from data line 6737]
      9.584   5.704466  1023.4401 1.2943e-01     5.5235     0.7542     5.3261     82.321 9.9065e-02    36.0585    27.3619  0.000e+00
      9.493   5.704518  1023.4401 1.2943e-01     5.5882     0.7542     5.3256     82.313 9.9065e-02    36.0590    27.3618  0.000e+00
      9.526   5.704606  1023.4407 1.2943e-01     5.5235     0.7542     5.3252     82.306 9.9065e-02    36.0596    27.3617  0.000e+00
      9.551   5.704621  1023.4412 1.2943e-01    48.1694     0.7542     5.3247     82.300 9.9065e-02    36.0600    27.3614  0.000e+00
      9.469   5.704562  1023.4403 1.2088e-01   204.5808     0.7236     5.3242     82.292 9.9065e-02    36.0593    27.3617  0.000e+00
      9.493   5.704407  1023.4392 1.0501e-01   264.3110     0.8457     5.3155     82.158 9.9065e-02    36.0579    27.3621  0.000e+00
      9.493   5.704185  1023.4373 1.0501e-01   264.3110     0.8763     5.3147     82.144 9.9375e-02    36.0558    27.3628  0.000e+00
      9.403   5.704023  1023.4357 1.0379e-01   264.3110     0.8457     5.3140     82.133 9.9065e-02    36.0543    27.3632  0.000e+00
      9.427   5.703949  1023.4353 1.0501e-01   260.4282     0.8457     5.3091     82.058 9.9375e-02    36.0537    27.3633  0.000e+00
      9.469   5.703905  1023.4349 1.0379e-01   259.3928     0.8457     5.3041     81.981 9.9065e-02    36.0531    27.3637  0.000e+00
      9.370   5.703875  1023.4345 1.0379e-01   259.7164     0.8457     5.2989     81.900 9.9065e-02    36.0530    27.3635  0.000e+00
      9.403   5.703853  1023.4344 1.0256e-01   259.9752     0.8457     5.2975     81.879 9.9065e-02    36.0527    27.3637  0.000e+00
      9.370   5.703846  1023.4343 1.0256e-01   260.0399     0.8457     5.2884     81.737 9.9065e-02    36.0528    27.3636  0.000e+00
      9.345   5.703846  1023.4339 1.0256e-01   260.0399     0.8457     5.2828     81.652 9.9065e-02    36.0526    27.3639  0.000e+00
      9.370   5.703742  1023.4333 1.0256e-01   259.9752     0.8457     5.2773     81.566 9.9375e-02    36.0516    27.3641  0.000e+00
      9.370   5.703735  1023.4331 1.0379e-01   258.0985     0.8457     5.2715     81.477 9.9375e-02    36.0515    27.3643  0.000e+00
      9.279   5.703646  1023.4320 1.2943e-01   119.2243     0.6931     5.2656     81.386 9.9065e-02    36.0507    27.3645  0.000e+00
      9.312   5.703565  1023.4316 1.2821e-01    19.4368     0.7847     5.2597     81.294 9.9375e-02    36.0500    27.3646  0.000e+00
      9.279   5.703521  1023.4312 1.2698e-01     1.9642     0.8152     5.2538     81.203 9.9065e-02    36.0496    27.3647  0.000e+00
      9.312   5.703447  1023.4306 1.2698e-01     7.3354     0.7847     5.2519     81.174 9.9065e-02    36.0489    27.3650  0.000e+00
      9.279   5.703388  1023.4302 1.2821e-01    11.0888     0.7847     5.2423     81.025 9.9065e-02    36.0484    27.3650  0.000e+00
      9.246   5.703410  1023.4302 1.2698e-01    11.8006     0.7847     5.2364     80.934 9.9065e-02    36.0486    27.3650  0.000e+00
      9.221   5.703358  1023.4298 1.2698e-01    11.6065     0.7847     5.2305     80.842 9.9375e-02    36.0482    27.3650  0.000e+00
      9.312   5.703395  1023.4304 1.2698e-01    11.4771     0.8152     5.2323     80.871 9.9065e-02    36.0485    27.3650  0.000e+00
      9.188   5.703439  1023.4301 1.2821e-01    11.4123     0.8152     5.2264     80.780 9.9065e-02    36.0488    27.3650  0.000e+00
      9.221   5.703292  1023.4293 1.2698e-01    11.4123     0.8152     5.2248     80.754 9.9065e-02    36.0477    27.3652  0.000e+00
      9.188   5.703137  1023.4278 1.2698e-01    11.4123     0.7847     5.2232     80.731 9.9065e-02    36.0461    27.3658  0.000e+00
      9.221   5.703033  1023.4272 1.2698e-01    11.4123     0.7847     5.2179     80.648 9.9065e-02    36.0452    27.3659  0.000e+00
      9.188   5.703070  1023.4273 1.2698e-01    86.9972     0.7236     5.2165     80.626 9.9375e-02    36.0455    27.3659  0.000e+00
      9.221   5.703129  1023.4277 1.1233e-01   226.9716     0.8152     5.2153     80.608 9.9375e-02    36.0459    27.3659  0.000e+00
      9.188   5.703114  1023.4277 1.0379e-01   264.3110     0.9068     5.2140     80.588 9.9065e-02    36.0460    27.3657  0.000e+00
      9.163   5.703063  1023.4271 1.0256e-01   264.3110     0.8763     5.2129     80.571 9.9065e-02    36.0454    27.3659  0.000e+00
      9.188   5.703070  1023.4271 1.0256e-01   264.3110     0.9068     5.2119     80.556 9.9065e-02    36.0454    27.3661  0.000e+00
      9.163   5.703159  1023.4276 1.0379e-01   259.9105     0.8763     5.2111     80.544 9.9065e-02    36.0461    27.3659  0.000e+00
      9.188   5.703255  1023.4283 1.0379e-01   259.4575     0.8763     5.2145     80.596 9.9065e-02    36.0468    27.3659  0.000e+00
      9.188   5.703388  1023.4294 1.0379e-01   259.6517     0.8763     5.2142     80.592 9.9065e-02    36.0482    27.3654  0.000e+00
      9.221   5.703321  1023.4291 1.0256e-01   259.9752     0.8763     5.2141     80.590 9.9065e-02    36.0476    27.3655  0.000e+00
      9.188   5.703351  1023.4294 1.0256e-01   260.0399     0.8763     5.2183     80.655 9.9065e-02    36.0481    27.3652  0.000e+00
      9.163   5.703683  1023.4318 1.0379e-01   259.9752     0.8763     5.2189     80.664 9.9375e-02    36.0510    27.3644  0.000e+00
      9.188   5.703912  1023.4338 1.0379e-01   260.0399     0.8763     5.2234     80.734 9.9065e-02    36.0532    27.3637  0.000e+00
      9.163   5.703978  1023.4342 1.0256e-01   259.9752     0.8763     5.2245     80.750 9.9065e-02    36.0538    27.3635  0.000e+00
      9.188   5.703986  1023.4346 1.0256e-01   259.9752     0.8763     5.2255     80.766 9.9065e-02    36.0541    27.3632  0.000e+00
      9.221   5.703986  1023.4347 1.0379e-01   259.9752     0.8763     5.2307     80.846 9.9065e-02    36.0540    27.3633  0.000e+00
      9.188   5.703846  1023.4334 1.0379e-01   259.9752     0.9068     5.2321     80.868 9.9065e-02    36.0528    27.3637  0.000e+00
      9.188   5.703794  1023.4331 1.0379e-01   259.9752     0.9068     5.2335     80.889 9.9375e-02    36.0524    27.3637  0.000e+00
      9.163   5.703897  1023.4336 1.0379e-01   260.0399     0.9068     5.2352     80.916 9.9065e-02    36.0531    27.3637  0.000e+00
      9.246   5.703919  1023.4342 1.0256e-01   259.9752     0.9068     5.2411     81.006 9.9065e-02    36.0534    27.3636  0.000e+00
      9.163   5.703897  1023.4338 1.0256e-01   259.9752     0.9068     5.2469     81.097 9.9065e-02    36.0533    27.3635  0.000e+00
      9.246   5.703787  1023.4331 1.0256e-01   259.9752     0.9068     5.2532     81.195 9.9065e-02    36.0521    27.3640  0.000e+00
      9.163   5.703572  1023.4312 1.0256e-01   259.9752     0.9068     5.2557     81.233 9.9065e-02    36.0502    27.3644  0.000e+00
      9.246   5.703580  1023.4316 1.0256e-01   259.9752     0.9068     5.2584     81.274 9.9065e-02    36.0502    27.3645  0.000e+00
      9.221   5.703713  1023.4324 1.0379e-01   259.9752     0.9068     5.2651     81.378 9.9065e-02    36.0514    27.3643  0.000e+00
      9.188   5.703853  1023.4335 1.0379e-01   259.9752     0.9068     5.2681     81.424 9.9375e-02    36.0528    27.3637  0.000e+00
      9.278   5.703934  1023.4343 1.2943e-01   158.8934     0.7236     5.2712     81.473 9.9375e-02    36.0534    27.3637  0.000e+00
      9.245   5.704045  1023.4350 1.2698e-01    42.4746     0.8152     5.2780     81.577 9.9065e-02    36.0544    27.3634  0.000e+00
      9.188   5.704074  1023.4352 1.2698e-01    14.2597     0.8152     5.2849     81.685 9.9375e-02    36.0548    27.3632  0.000e+00
      9.278   5.704045  1023.4354 1.2698e-01    17.9484     0.8152     5.2883     81.736 9.9065e-02    36.0546    27.3632  0.000e+00
      9.188   5.704001  1023.4346 1.2698e-01    22.4136     0.8152     5.2953     81.845 9.9065e-02    36.0541    27.3634  0.000e+00
      9.278   5.703949  1023.4344 1.2821e-01    23.4490     0.8152     5.2985     81.894 9.9065e-02    36.0535    27.3637  0.000e+00
      9.188   5.704038  1023.4349 1.2943e-01    23.3195     0.8152     5.3014     81.939 9.9065e-02    36.0545    27.3632  0.000e+00
      9.344   5.704193  1023.4366 1.2943e-01    23.1254     0.8152     5.3084     82.048 9.9065e-02    36.0557    27.3630  0.000e+00
      9.245   5.704326  1023.4374 1.2821e-01    23.1254     0.8152     5.3111     82.090 9.9065e-02    36.0571    27.3625  0.000e+00
      9.278   5.704459  1023.4386 1.2821e-01    23.1254     0.8152     5.3177     82.191 9.9065e-02    36.0584    27.3621  0.000e+00
      9.245   5.704562  1023.4391 1.2821e-01    23.1901     0.8152     5.3202     82.230 9.9065e-02    36.0592    27.3619  0.000e+00
      9.311   5.704488  1023.4394 1.2821e-01    23.1254     0.8152     5.3265     82.327 9.9065e-02    36.0590    27.3615  0.000e+00
      9.221   5.704518  1023.4390 1.2698e-01    62.1474     0.8152     5.3286     82.360 9.9065e-02    36.0590    27.3618  0.000e+00
      9.311   5.704473  1023.4393 1.1844e-01   208.0753     0.7847     5.3267     82.329 9.9065e-02    36.0589    27.3615  0.000e+00
      9.344   5.704496  1023.4393 1.0379e-01   264.3110     0.9068     5.3321     82.414 9.9375e-02    36.0588    27.3618  0.000e+00
      9.311   5.704532  1023.4396 1.0379e-01   264.3110     0.9068     5.3337     82.438 9.9065e-02    36.0593    27.3615  0.000e+00
      9.278   5.704577  1023.4397 1.0379e-01   264.3110     0.9068     5.3388     82.516 9.9065e-02    36.0596    27.3615  0.000e+00
      9.369   5.704555  1023.4399 1.0379e-01   260.2988     0.9068     5.3438     82.594 9.9375e-02    36.0594    27.3616  0.000e+00
      9.278   5.704510  1023.4392 1.0379e-01   259.4575     0.9068     5.3406     82.545 9.9065e-02    36.0590    27.3617  0.000e+00
      9.369   5.704429  1023.4389 1.0379e-01   259.7164     0.9068     5.3454     82.619 9.9065e-02    36.0582    27.3619  0.000e+00
      9.369   5.704414  1023.4386 1.0256e-01   259.9752     0.9068     5.3460     82.629 9.9375e-02    36.0579    27.3622  0.000e+00
      9.344   5.704377  1023.4380 1.0256e-01   260.1047     0.9068     5.3465     82.637 9.9065e-02    36.0574    27.3625  0.000e+00
      9.369   5.704222  1023.4372 1.0256e-01   260.0399     0.9068     5.3469     82.643 9.9065e-02    36.0562    27.3626  0.000e+00
      9.402   5.704141  1023.4369 1.0256e-01   260.0399     0.9068     5.3470     82.644 9.9065e-02    36.0556    27.3627  0.000e+00
      9.427   5.704089  1023.4364 1.0256e-01   258.4868     0.9068     5.3509     82.704 9.9065e-02    36.0550    27.3630  0.000e+00
      9.402   5.704075  1023.4360 1.2821e-01   121.8128     0.7236     5.3548     82.765 9.9065e-02    36.0547    27.3632  0.000e+00
      9.427   5.703971  1023.4353 1.2698e-01    22.8666     0.8152     5.3549     82.766 9.9065e-02    36.0537    27.3635  0.000e+00
      9.402   5.703920  1023.4347 1.2698e-01     5.3293     0.8457     5.3587     82.825 9.9065e-02    36.0532    27.3637  0.000e+00
      9.427   5.703897  1023.4348 1.2698e-01    10.5711     0.8152     5.3547     82.762 9.9065e-02    36.0532    27.3636  0.000e+00
      9.427   5.703890  1023.4347 1.2698e-01    14.3891     0.8152     5.3502     82.694 9.9065e-02    36.0530    27.3637  0.000e+00
      9.526   5.703890  1023.4350 1.2698e-01    15.1010     0.8152     5.3537     82.747 9.9375e-02    36.0529    27.3637  0.000e+00
      9.427   5.703787  1023.4338 1.2698e-01    14.9068     0.8457     5.3571     82.800 9.9065e-02    36.0520    27.3641  0.000e+00
      9.526   5.703779  1023.4341 1.2698e-01    14.7127     0.8152     5.3527     82.732 9.9065e-02    36.0518    27.3641  0.000e+00
      9.493   5.703794  1023.4341 1.2698e-01    14.7774     0.8152     5.3521     82.722 9.9065e-02    36.0520    27.3641  0.000e+00
      9.468   5.703816  1023.4339 1.2821e-01    14.7127     0.8152     5.3513     82.711 9.9065e-02    36.0520    27.3643  0.000e+00
      9.492   5.703868  1023.4345 1.2821e-01    14.7127     0.8152     5.3546     82.762 9.9065e-02    36.0525    27.3641  0.000e+00
      9.583   5.704023  1023.4360 1.2821e-01    14.7127     0.8152     5.3501     82.692 9.9065e-02    36.0539    27.3637  0.000e+00
      9.492   5.704112  1023.4365 1.2821e-01    88.5503     0.7542     5.3531     82.739 9.9375e-02    36.0548    27.3633  0.000e+00
      9.550   5.704193  1023.4376 1.1233e-01   227.0363     0.8457     5.3525     82.729 9.9065e-02    36.0558    27.3628  0.000e+00
      9.525   5.704281  1023.4382 1.0379e-01   264.3110     0.9373     5.3517     82.717 9.9065e-02    36.0566    27.3626  0.000e+00
      9.550   5.704326  1023.4387 1.0379e-01   264.3110     0.9373     5.3509     82.704 9.9065e-02    36.0571    27.3624  0.000e+00
      9.583   5.704385  1023.4392 1.0501e-01   264.3110     0.9068     5.3499     82.688 9.9065e-02    36.0576    27.3623  0.000e+00
      9.550   5.704437  1023.4394 1.0501e-01   259.8458     0.9068     5.3489     82.673 9.9065e-02    36.0580    27.3622  0.000e+00
      9.583   5.704348  1023.4392 1.0501e-01   259.4575     0.9068     5.3481     82.661 9.9065e-02    36.0575    27.3621  0.000e+00
      9.550   5.704245  1023.4384 1.0501e-01   259.7811     0.9068     5.3473     82.649 9.9375e-02    36.0566    27.3622  0.000e+00
      9.583   5.704252  1023.4383 1.0501e-01   259.9752     0.9068     5.3465     82.636 9.9065e-02    36.0565    27.3625  0.000e+00
      9.608   5.704296  1023.4387 1.0501e-01   260.0399     0.9068     5.3456     82.622 9.9065e-02    36.0568    27.3624  0.000e+00
      9.608   5.704296  1023.4385 1.0501e-01   260.0399     0.9068     5.3447     82.609 9.9065e-02    36.0566    27.3627  0.000e+00
      9.583   5.704304  1023.4387 1.0501e-01   259.9752     0.9068     5.3438     82.594 9.9065e-02    36.0569    27.3624  0.000e+00
      9.550   5.704377  1023.4389 1.0867e-01   243.2793     0.8763     5.3467     82.640 9.9375e-02    36.0574    27.3625  0.000e+00
      9.649   5.704437  1023.4395 1.2821e-01    81.6907     0.7847     5.3460     82.630 9.9065e-02    36.0577    27.3626  0.000e+00
      9.608   5.704385  1023.4394 1.2698e-01     1.0583     0.8457     5.3414     82.558 9.9065e-02    36.0576    27.3622  0.000e+00
      9.583   5.704422  1023.4394 1.2698e-01    -0.6890     0.8457     5.3405     82.544 9.9065e-02    36.0578    27.3623  0.000e+00
      9.608   5.704496  1023.4400 1.2698e-01    -0.6890     0.8457     5.3398     82.533 9.9065e-02    36.0584    27.3622  0.000e+00
      9.583   5.704473  1023.4399 1.2698e-01    -0.0419     0.8457     5.3430     82.582 9.9375e-02    36.0583    27.3621  0.000e+00
      9.608   5.704451  1023.4397 1.2821e-01     1.1877     0.8457     5.3383     82.510 9.9065e-02    36.0581    27.3622  0.000e+00
      9.608   5.704422  1023.4397 1.2698e-01     1.4465     0.8457     5.3376     82.499 9.9065e-02    36.0580    27.3621  0.000e+00
      9.583   5.704370  1023.4390 1.2698e-01     1.3818     0.8457     5.3408     82.548 9.9375e-02    36.0574    27.3624  0.000e+00
      9.608   5.704392  1023.4394 1.2698e-01     1.3818     0.8457     5.3364     82.480 9.9375e-02    36.0576    27.3623  0.000e+00
      9.525   5.704437  1023.4393 1.2698e-01     1.3171     0.8457     5.3396     82.530 9.9375e-02    36.0580    27.3622  0.000e+00
      9.608   5.704496  1023.4401 1.2698e-01     1.3818     0.8457     5.3353     82.463 9.9375e-02    36.0585    27.3621  0.000e+00
      9.583   5.704503  1023.4401 1.2698e-01     1.3818     0.8457     5.3387     82.516 9.9375e-02    36.0586    27.3621  0.000e+00
      9.550   5.704496  1023.4400 1.2943e-01   117.5418     0.7236     5.3380     82.505 9.9375e-02    36.0587    27.3619  0.000e+00
      9.525   5.704496  1023.4400 1.0623e-01   242.5674     0.8763     5.3375     82.497 9.9065e-02    36.0587    27.3619  0.000e+00
      9.550   5.704562  1023.4406 1.0256e-01   264.3110     0.9373     5.3370     82.489 9.9065e-02    36.0593    27.3617  0.000e+00
      9.550   5.704555  1023.4405 1.0379e-01   264.3110     0.9373     5.3366     82.483 9.9065e-02    36.0592    27.3618  0.000e+00
      9.467   5.704592  1023.4404 1.0379e-01   264.3110     0.9068     5.3323     82.417 9.9065e-02    36.0595    27.3617  0.000e+00
