WS23139_STN17_16CTD.cnv
* Sea-Bird SBE 9 Data File:
* FileName = C:\ctd\Cruise_Data\WS23139_Rosenheim\WS23139_Rosenheim_STN17.hex
* Software Version Seasave V 7.26.7.121
* Temperature SN = 4097 MTG 177
* Conductivity SN = 1851 MTG 053
* Number of Bytes Per Scan = 40
* Number of Voltage Words = 5
* Number of Scans Averaged by the Deck Unit = 1
* NMEA Latitude = 05 51.91 N
* NMEA Longitude = 053 17.41 W
* NMEA UTC (Time) = Jun 15 2023 22:29:55
** Ship:
** Station:
** Operator:
# nquan = 12
# nvalues = 10454                                 
# units = specified
# name 0 = depSM: Depth [salt water, m]
# name 1 = c0S/m: Conductivity [S/m]
# name 2 = density00: Density [density, kg/m^3]
# name 3 = flSP: Fluorescence, Seapoint
# name 4 = wetCDOM: Fluorescence, WET Labs CDOM [mg/m^3]
# name 5 = flECO-AFL: Fluorescence, WET Labs ECO-AFL/FL [mg/m^3]
# name 6 = sbeox0Mg/L: Oxygen, SBE 43 [mg/l]
# name 7 = sbeox0PS: Oxygen, SBE 43 [% saturation]
# name 8 = par: PAR/Irradiance, Biospherical/Licor [Watts/m^2]
# name 9 = sal00: Salinity, Practical [PSU]
# name 10 = t090C: Temperature [ITS-90, deg C]
# name 11 = flag:  0.000e+00
# span 0 =      1.692,     31.385                 
# span 1 =   4.458548,   5.694370                 
# span 2 =  1016.6362,  1023.7389                 
# span 3 = 6.2271e-02, 1.4530e-01                 
# span 4 =    -0.6890,   264.3110                 
# span 5 =     0.4794,     1.0594                 
# span 6 =     4.4661,     6.0160                 
# span 7 =     68.797,     93.065                 
# span 8 = 9.8755e-02, 4.1476e+00                 
# span 9 =    27.1758,    36.2060                 
# span 10 =    27.0694,    27.6858                
# span 11 = 0.0000e+00, 0.0000e+00                
# interval = seconds: 0.0416667
# start_time = Jun 15 2023 22:29:55 [NMEA time, header]
# bad_flag = -9.990e-29
*END*
[from data line 1685]
      2.576   5.684909  1023.0239 1.2576e-01     7.4001     0.7542     5.9749     92.629 1.6271e-01    35.6810    27.6756  0.000e+00
      2.609   5.684842  1023.0238 1.2698e-01     7.4001     0.7847     5.9784     92.683 1.6717e-01    35.6807    27.6754  0.000e+00
      2.576   5.684827  1023.0235 1.2698e-01     7.5296     0.7847     5.9782     92.680 1.6868e-01    35.6805    27.6755  0.000e+00
      2.667   5.684827  1023.0241 1.2943e-01   144.5271     0.6626     5.9781     92.679 1.7071e-01    35.6807    27.6752  0.000e+00
      2.609   5.684768  1023.0238 1.0379e-01   251.4331     0.8152     5.9781     92.678 1.8070e-01    35.6804    27.6750  0.000e+00
      2.634   5.684746  1023.0239 1.0134e-01   264.3110     0.8457     5.9742     92.617 1.8562e-01    35.6804    27.6748  0.000e+00
      2.667   5.684739  1023.0242 1.0256e-01   264.3110     0.8457     5.9738     92.611 1.8451e-01    35.6805    27.6746  0.000e+00
      2.700   5.684768  1023.0245 1.0256e-01   263.2756     0.8457     5.9734     92.605 1.8070e-01    35.6807    27.6746  0.000e+00
      2.667   5.684761  1023.0243 1.0134e-01   259.5222     0.8457     5.9771     92.662 1.7855e-01    35.6806    27.6746  0.000e+00
      2.700   5.684746  1023.0245 1.0134e-01   259.6517     0.8457     5.9769     92.659 1.7908e-01    35.6807    27.6744  0.000e+00
      2.667   5.684709  1023.0242 1.0134e-01   259.9752     0.8457     5.9728     92.595 1.9009e-01    35.6804    27.6744  0.000e+00
      2.724   5.684732  1023.0244 1.0134e-01   260.1047     0.8457     5.9765     92.653 1.9759e-01    35.6804    27.6746  0.000e+00
      2.757   5.684710  1023.0246 1.0134e-01   260.1047     0.8457     5.9765     92.652 1.9759e-01    35.6804    27.6744  0.000e+00
      2.724   5.684695  1023.0244 1.0134e-01   260.0399     0.8457     5.9724     92.588 1.8953e-01    35.6803    27.6744  0.000e+00
      2.757   5.684724  1023.0249 1.0256e-01   260.1047     0.8457     5.9723     92.587 1.8396e-01    35.6807    27.6742  0.000e+00
      2.790   5.684710  1023.0249 1.0134e-01   259.9752     0.8152     5.9759     92.643 1.8396e-01    35.6805    27.6743  0.000e+00
      2.823   5.684658  1023.0247 1.0256e-01   260.0399     0.8152     5.9719     92.580 2.0415e-01    35.6801    27.6743  0.000e+00
      2.790   5.684710  1023.0249 1.0134e-01   260.0399     0.8152     5.9754     92.636 2.2443e-01    35.6805    27.6743  0.000e+00
      2.848   5.684739  1023.0251 1.0256e-01   260.0399     0.8152     5.9713     92.572 2.2844e-01    35.6806    27.6744  0.000e+00
      2.823   5.684710  1023.0250 1.0134e-01   260.0399     0.8152     5.9749     92.627 2.2709e-01    35.6805    27.6743  0.000e+00
      2.848   5.684658  1023.0248 1.0256e-01   260.1047     0.8152     5.9710     92.566 2.2509e-01    35.6801    27.6743  0.000e+00
      2.881   5.684680  1023.0251 1.0134e-01   260.1047     0.8152     5.9708     92.564 2.2443e-01    35.6803    27.6743  0.000e+00
      2.848   5.684665  1023.0247 1.0134e-01   260.0399     0.8152     5.9706     92.560 2.2844e-01    35.6800    27.6744  0.000e+00
      2.881   5.684680  1023.0252 1.0134e-01   260.1047     0.8152     5.9702     92.555 2.3251e-01    35.6804    27.6741  0.000e+00
      2.914   5.684658  1023.0251 1.0134e-01   260.1047     0.8152     5.9701     92.552 2.3458e-01    35.6801    27.6743  0.000e+00
      2.848   5.684643  1023.0250 1.0256e-01   260.0399     0.8152     5.9698     92.548 2.3596e-01    35.6802    27.6740  0.000e+00
      2.939   5.684643  1023.0253 1.0256e-01   260.0399     0.8152     5.9697     92.546 2.3876e-01    35.6801    27.6741  0.000e+00
      2.914   5.684651  1023.0252 1.0379e-01   249.3623     0.8152     5.9734     92.604 2.3946e-01    35.6802    27.6741  0.000e+00
      2.939   5.684680  1023.0253 1.2698e-01    94.6333     0.6626     5.9697     92.546 2.4017e-01    35.6803    27.6743  0.000e+00
      2.914   5.684695  1023.0253 1.2698e-01    11.3476     0.7236     5.9697     92.546 2.4088e-01    35.6804    27.6743  0.000e+00
      2.881   5.684695  1023.0252 1.2698e-01     1.1877     0.7542     5.9694     92.543 2.4230e-01    35.6804    27.6743  0.000e+00
      2.972   5.684658  1023.0253 1.2698e-01     7.0119     0.7236     5.9693     92.541 2.3527e-01    35.6801    27.6743  0.000e+00
      2.972   5.684643  1023.0254 1.2698e-01    10.1828     0.7236     5.9692     92.538 2.0354e-01    35.6801    27.6741  0.000e+00
      2.881   5.684680  1023.0256 1.2698e-01    10.6358     0.7236     5.9689     92.534 1.9066e-01    35.6807    27.6737  0.000e+00
      2.914   5.684658  1023.0254 1.2698e-01    10.4416     0.7236     5.9729     92.596 1.8840e-01    35.6804    27.6739  0.000e+00
      2.939   5.684680  1023.0260 1.2698e-01    10.2475     0.7236     5.9732     92.600 1.6969e-01    35.6808    27.6735  0.000e+00
      2.914   5.684665  1023.0257 1.2698e-01    10.2475     0.7236     5.9692     92.538 1.6028e-01    35.6806    27.6736  0.000e+00
      3.005   5.684614  1023.0257 1.2698e-01    10.2475     0.7236     5.9691     92.536 1.5980e-01    35.6802    27.6737  0.000e+00
      2.914   5.684629  1023.0254 1.2576e-01    10.2475     0.7236     5.9651     92.474 1.6868e-01    35.6803    27.6737  0.000e+00
      2.914   5.684643  1023.0253 1.2576e-01    10.2475     0.7236     5.9649     92.471 1.7485e-01    35.6803    27.6739  0.000e+00
      3.005   5.684680  1023.0259 1.2821e-01   114.1767     0.6321     5.9648     92.470 1.7590e-01    35.6805    27.6739  0.000e+00
      2.914   5.684695  1023.0256 1.0623e-01   239.7847     0.7847     5.9683     92.525 1.9818e-01    35.6806    27.6739  0.000e+00
      3.005   5.684724  1023.0260 1.0256e-01   264.3110     0.8457     5.9645     92.466 2.1789e-01    35.6807    27.6741  0.000e+00
      2.914   5.684710  1023.0255 1.0256e-01   264.3110     0.8457     5.9683     92.524 2.2245e-01    35.6806    27.6741  0.000e+00
      3.005   5.684695  1023.0257 1.0256e-01   264.3110     0.8457     5.9684     92.527 2.0720e-01    35.6803    27.6743  0.000e+00
      2.972   5.684761  1023.0259 1.0256e-01   259.7164     0.8457     5.9645     92.466 1.9180e-01    35.6808    27.6743  0.000e+00
      2.939   5.684717  1023.0255 1.0256e-01   259.5869     0.8457     5.9646     92.468 1.8896e-01    35.6805    27.6743  0.000e+00
      2.972   5.684695  1023.0254 1.0256e-01   259.9105     0.8457     5.9683     92.526 1.8506e-01    35.6802    27.6744  0.000e+00
      3.029   5.684658  1023.0256 1.0256e-01   260.0399     0.8457     5.9644     92.464 1.7749e-01    35.6801    27.6742  0.000e+00
      2.939   5.684680  1023.0256 1.0256e-01   259.9752     0.8457     5.9680     92.520 1.7538e-01    35.6805    27.6739  0.000e+00
      3.029   5.684658  1023.0259 1.0256e-01   259.9752     0.8457     5.9683     92.524 1.7122e-01    35.6803    27.6739  0.000e+00
      3.005   5.684621  1023.0256 1.0256e-01   259.9752     0.8457     5.9684     92.526 1.6320e-01    35.6801    27.6739  0.000e+00
      3.029   5.684673  1023.0260 1.1355e-01   222.1181     0.7847     5.9726     92.590 1.6076e-01    35.6804    27.6739  0.000e+00
      3.005   5.684658  1023.0260 1.2698e-01    67.1950     0.7542     5.9689     92.534 1.6076e-01    35.6805    27.6737  0.000e+00
      3.095   5.684643  1023.0261 1.2698e-01     4.6175     0.7542     5.9690     92.535 1.5980e-01    35.6802    27.6739  0.000e+00
      3.029   5.684651  1023.0260 1.2698e-01     0.9935     0.7847     5.9689     92.533 1.5932e-01    35.6804    27.6737  0.000e+00
      3.062   5.684614  1023.0260 1.2698e-01     6.8824     0.7542     5.9689     92.533 1.6125e-01    35.6802    27.6737  0.000e+00
      3.029   5.684599  1023.0259 1.2698e-01     9.2768     0.7542     5.9730     92.597 1.7277e-01    35.6802    27.6735  0.000e+00
      3.120   5.684570  1023.0260 1.2698e-01     9.4062     0.7542     5.9695     92.542 1.7749e-01    35.6798    27.6737  0.000e+00
      3.095   5.684621  1023.0262 1.2821e-01     9.2121     0.7542     5.9694     92.542 1.7696e-01    35.6803    27.6736  0.000e+00
      3.062   5.684577  1023.0258 1.2698e-01     9.1474     0.7542     5.9736     92.606 1.7122e-01    35.6799    27.6737  0.000e+00
      3.095   5.684592  1023.0260 1.2698e-01     9.0180     0.7542     5.9740     92.612 1.6868e-01    35.6800    27.6737  0.000e+00
      3.062   5.684606  1023.0259 1.2698e-01     9.0827     0.7542     5.9741     92.614 1.6817e-01    35.6801    27.6737  0.000e+00
      3.095   5.684599  1023.0260 1.2698e-01     9.0827     0.7542     5.9743     92.617 1.7485e-01    35.6801    27.6737  0.000e+00
      3.095   5.684629  1023.0262 1.2698e-01     9.0827     0.7542     5.9707     92.561 1.7908e-01    35.6803    27.6737  0.000e+00
      3.120   5.684680  1023.0266 1.2698e-01    13.4832     0.7847     5.9746     92.622 1.8016e-01    35.6806    27.6737  0.000e+00
      3.095   5.684629  1023.0262 1.2698e-01    16.6541     0.7542     5.9750     92.628 1.6468e-01    35.6803    27.6737  0.000e+00
      3.186   5.684629  1023.0264 1.2698e-01    17.3659     0.7542     5.9752     92.631 1.5320e-01    35.6801    27.6739  0.000e+00
      3.095   5.684577  1023.0257 1.2698e-01    17.1718     0.7542     5.9755     92.636 1.5181e-01    35.6797    27.6739  0.000e+00
      3.120   5.684584  1023.0260 1.2698e-01    17.0424     0.7542     5.9717     92.577 1.4774e-01    35.6799    27.6737  0.000e+00
      3.153   5.684533  1023.0258 1.2698e-01    17.0424     0.7542     5.9717     92.576 1.4377e-01    35.6795    27.6738  0.000e+00
      3.095   5.684540  1023.0257 1.2698e-01    17.0424     0.7542     5.9716     92.575 1.4247e-01    35.6796    27.6737  0.000e+00
      3.186   5.684555  1023.0262 1.2698e-01    17.0424     0.7542     5.9716     92.575 1.5090e-01    35.6797    27.6737  0.000e+00
      3.095   5.684555  1023.0258 1.2698e-01    17.0424     0.7542     5.9715     92.573 1.6173e-01    35.6797    27.6737  0.000e+00
      3.186   5.684555  1023.0262 1.2821e-01    17.0424     0.7542     5.9715     92.574 1.6517e-01    35.6797    27.6737  0.000e+00
      3.153   5.684555  1023.0258 1.2821e-01    17.0424     0.7542     5.9714     92.572 1.6468e-01    35.6796    27.6739  0.000e+00
      3.120   5.684592  1023.0259 1.2698e-01    17.0424     0.7542     5.9716     92.575 1.6517e-01    35.6798    27.6739  0.000e+00
      3.153   5.684570  1023.0261 1.2698e-01    85.5088     0.6931     5.9676     92.513 1.6468e-01    35.6798    27.6737  0.000e+00
      3.186   5.684555  1023.0262 1.1233e-01   224.8360     0.7847     5.9674     92.509 1.6969e-01    35.6797    27.6737  0.000e+00
      3.153   5.684525  1023.0259 1.0256e-01   264.3110     0.8763     5.9632     92.444 1.8070e-01    35.6795    27.6737  0.000e+00
      3.211   5.684540  1023.0263 1.0379e-01   264.3110     0.8763     5.9668     92.500 1.8506e-01    35.6797    27.6735  0.000e+00
      3.186   5.684584  1023.0264 1.0256e-01   264.3110     0.8457     5.9666     92.497 1.8728e-01    35.6800    27.6736  0.000e+00
      3.153   5.684533  1023.0261 1.0379e-01   259.9752     0.8457     5.9624     92.432 1.9352e-01    35.6797    27.6735  0.000e+00
      3.186   5.684503  1023.0260 1.0256e-01   259.4575     0.8457     5.9662     92.491 1.9584e-01    35.6795    27.6735  0.000e+00
      3.211   5.684540  1023.0263 1.0256e-01   259.8458     0.8457     5.9663     92.492 1.9467e-01    35.6797    27.6735  0.000e+00
      3.186   5.684584  1023.0265 1.0256e-01   260.1047     0.8457     5.9621     92.428 1.8232e-01    35.6801    27.6735  0.000e+00
      3.211   5.684599  1023.0265 1.0256e-01   260.1047     0.8457     5.9658     92.485 1.7749e-01    35.6800    27.6737  0.000e+00
      3.211   5.684570  1023.0263 1.0256e-01   260.1047     0.8457     5.9655     92.480 1.7749e-01    35.6798    27.6737  0.000e+00
      3.244   5.684555  1023.0264 1.0256e-01   260.1047     0.8457     5.9652     92.476 1.7855e-01    35.6797    27.6737  0.000e+00
      3.211   5.684584  1023.0264 1.0379e-01   248.1974     0.8152     5.9648     92.470 1.7962e-01    35.6799    27.6737  0.000e+00
      3.244   5.684570  1023.0266 1.2698e-01    95.6688     0.6931     5.9687     92.530 1.8016e-01    35.6799    27.6735  0.000e+00
      3.211   5.684555  1023.0264 1.2698e-01    15.4246     0.7542     5.9646     92.467 1.7962e-01    35.6798    27.6735  0.000e+00
      3.244   5.684555  1023.0268 1.2698e-01     5.6529     0.7847     5.9646     92.465 1.7908e-01    35.6800    27.6733  0.000e+00
      3.277   5.684555  1023.0267 1.2698e-01    11.4771     0.7542     5.9645     92.464 1.8016e-01    35.6798    27.6735  0.000e+00
      3.244   5.684518  1023.0263 1.2698e-01    14.5833     0.7847     5.9641     92.459 1.7071e-01    35.6796    27.6735  0.000e+00
      3.277   5.684540  1023.0266 1.2698e-01    14.9068     0.7847     5.9638     92.454 1.6271e-01    35.6797    27.6735  0.000e+00
      3.277   5.684584  1023.0268 1.2821e-01    14.7127     0.7847     5.9637     92.453 1.6125e-01    35.6800    27.6735  0.000e+00
      3.310   5.684570  1023.0267 1.2821e-01    14.5833     0.7847     5.9674     92.510 1.5694e-01    35.6798    27.6737  0.000e+00
      3.277   5.684555  1023.0270 1.2698e-01    14.5833     0.7847     5.9636     92.450 1.5090e-01    35.6801    27.6732  0.000e+00
      3.310   5.684518  1023.0268 1.2821e-01    14.5833     0.7847     5.9675     92.510 1.4954e-01    35.6797    27.6734  0.000e+00
      3.334   5.684577  1023.0270 1.2821e-01    14.5833     0.7847     5.9636     92.451 1.4819e-01    35.6800    27.6735  0.000e+00
      3.310   5.684607  1023.0272 1.2821e-01    14.5833     0.7847     5.9637     92.452 1.4552e-01    35.6803    27.6734  0.000e+00
      3.400   5.684570  1023.0274 1.2821e-01   119.6773     0.6931     5.9637     92.452 1.4508e-01    35.6800    27.6734  0.000e+00
      3.277   5.684555  1023.0266 1.0623e-01   241.4026     0.8457     5.9636     92.450 1.4909e-01    35.6797    27.6736  0.000e+00
      3.425   5.684555  1023.0274 1.0256e-01   264.3110     0.9068     5.9676     92.513 1.5789e-01    35.6799    27.6734  0.000e+00
      3.400   5.684555  1023.0273 1.0256e-01   264.3110     0.8763     5.9638     92.453 1.6076e-01    35.6799    27.6734  0.000e+00
      3.425   5.684555  1023.0274 1.0256e-01   264.3110     0.8763     5.9639     92.456 1.6517e-01    35.6799    27.6734  0.000e+00
      3.400   5.684592  1023.0274 1.0379e-01   259.7164     0.8763     5.9679     92.517 1.8124e-01    35.6800    27.6735  0.000e+00
      3.425   5.684570  1023.0274 1.0256e-01   259.5222     0.8763     5.9681     92.520 1.8840e-01    35.6799    27.6735  0.000e+00
      3.458   5.684555  1023.0274 1.0256e-01   259.9105     0.8763     5.9685     92.526 1.8396e-01    35.6798    27.6735  0.000e+00
      3.491   5.684555  1023.0276 1.0256e-01   260.1047     0.8763     5.9689     92.532 1.6418e-01    35.6798    27.6735  0.000e+00
      3.516   5.684555  1023.0280 1.0256e-01   260.1047     0.8763     5.9693     92.539 1.5599e-01    35.6800    27.6732  0.000e+00
      3.639   5.684489  1023.0285 1.0256e-01   260.1047     0.8763     5.9698     92.546 1.5599e-01    35.6798    27.6728  0.000e+00
      3.491   5.684562  1023.0277 1.0379e-01   260.1047     0.8763     5.9739     92.609 1.5646e-01    35.6799    27.6734  0.000e+00
      3.639   5.684806  1023.0277 1.1477e-01   217.1999     0.7847     5.9744     92.620 1.5694e-01    35.6800    27.6755  0.000e+00
      3.615   5.684916  1023.0282 1.2576e-01    59.6236     0.7847     5.9789     92.691 1.5741e-01    35.6807    27.6756  0.000e+00
      3.639   5.684791  1023.0289 1.2576e-01    -0.6890     0.8152     5.9758     92.642 1.8016e-01    35.6810    27.6741  0.000e+00
      3.730   5.684607  1023.0295 1.2576e-01    -0.6890     0.8152     5.9766     92.652 1.9525e-01    35.6806    27.6728  0.000e+00
      3.705   5.684658  1023.0283 1.2576e-01    -0.1713     0.8152     5.9769     92.658 1.9759e-01    35.6799    27.6743  0.000e+00
