WS23139_Mystery_STN1.cnv
* Sea-Bird SBE 9 Data File:
* FileName = C:\ctd\Cruise_Data\WS23139_Rosenheim\WS23139_Rosenheim_STN1.hex
* Software Version Seasave V 7.26.7.121
* Temperature SN = 4097 MTG 177
* Conductivity SN = 1851 MTG 053
* Number of Bytes Per Scan = 40
* Number of Voltage Words = 5
* Number of Scans Averaged by the Deck Unit = 1
* NMEA Latitude = 02 40.39 N
* NMEA Longitude = 048 15.75 W
* NMEA UTC (Time) = Oct 22 2003  13:25:02
** Ship:
** Station:
** Operator:
# nquan = 12
# nvalues = 927                                   
# units = specified
# name 0 = depSM: Depth [salt water, m]
# name 1 = c0S/m: Conductivity [S/m]
# name 2 = density00: Density [density, kg/m^3]
# name 3 = flSP: Fluorescence, Seapoint
# name 4 = wetCDOM: Fluorescence, WET Labs CDOM [mg/m^3]
# name 5 = flECO-AFL: Fluorescence, WET Labs ECO-AFL/FL [mg/m^3]
# name 6 = sbeox0Mg/L: Oxygen, SBE 43 [mg/l]
# name 7 = sbeox0PS: Oxygen, SBE 43 [% saturation]
# name 8 = par: PAR/Irradiance, Biospherical/Licor [Watts/m^2]
# name 9 = sal00: Salinity, Practical [PSU]
# name 10 = t090C: Temperature [ITS-90, deg C]
# name 11 = flag:  0.000e+00
# span 0 =      2.310,      2.898                 
# span 1 =   5.854067,   5.860601                 
# span 2 =  1022.8902,  1022.9158                 
# span 3 = 8.5470e-02, 1.1477e-01                 
# span 4 =    -0.6890,   264.3110                 
# span 5 =    -0.1311,     0.0826                 
# span 6 =     5.4028,     6.1843                 
# span 7 =     85.522,     97.829                 
# span 8 = 7.2973e+02, 4.9368e+03                 
# span 9 =    36.0158,    36.0286                 
# span 10 =    28.7867,    28.8501                
# span 11 = 0.0000e+00, 0.0000e+00                
# interval = seconds: 0.0416667
# start_time = Oct 22 2003 13:25:02 [NMEA time, header]
# bad_flag = -9.990e-29
*END*
[from data line 241]
      2.605   5.858868  1022.8972 1.0867e-01    12.7713     0.0216     5.9804     94.659 2.2092e+03    36.0205    28.8342  0.000e+00
      2.605   5.858779  1022.8966 1.0989e-01   101.9459     0.0216     5.9808     94.665 1.2697e+03    36.0197    28.8344  0.000e+00
      2.506   5.858801  1022.8965 9.2796e-02   233.9606    -0.0700     5.9848     94.729 9.1636e+02    36.0200    28.8342  0.000e+00
      2.605   5.858659  1022.8960 8.6691e-02   264.3110    -0.1311     5.9855     94.739 8.8347e+02    36.0189    28.8344  0.000e+00
      2.572   5.858622  1022.8956 8.6691e-02   264.3110    -0.1311     5.9898     94.806 1.2555e+03    36.0186    28.8344  0.000e+00
      2.539   5.858577  1022.8954 8.7912e-02   264.3110    -0.1311     5.9866     94.756 1.5900e+03    36.0185    28.8342  0.000e+00
      2.630   5.858592  1022.8959 8.7912e-02   259.6517    -0.1311     5.9870     94.763 1.6491e+03    36.0185    28.8342  0.000e+00
      2.539   5.858584  1022.8957 8.7912e-02   259.3928    -0.1311     5.9910     94.826 1.8197e+03    36.0187    28.8340  0.000e+00
      2.630   5.858562  1022.8959 8.7912e-02   259.7811    -0.1311     5.9916     94.834 1.9966e+03    36.0185    28.8340  0.000e+00
      2.605   5.858540  1022.8958 8.7912e-02   259.9105    -0.1311     5.9957     94.900 2.0363e+03    36.0184    28.8339  0.000e+00
      2.630   5.858584  1022.8967 8.7912e-02   259.9105    -0.1311     5.9962     94.907 2.3768e+03    36.0192    28.8333  0.000e+00
      2.605   5.858554  1022.8963 8.7912e-02   259.9105    -0.1311     6.0002     94.971 2.8533e+03    36.0189    28.8335  0.000e+00
      2.605   5.858584  1022.8967 8.7912e-02   259.9105    -0.1311     5.9969     94.918 2.9679e+03    36.0193    28.8331  0.000e+00
      2.696   5.858555  1022.8971 9.2796e-02   237.4551    -0.1005     5.9969     94.917 2.8533e+03    36.0192    28.8329  0.000e+00
      2.605   5.858517  1022.8979 1.0989e-01    86.1559     0.0216     6.0008     94.978 2.7125e+03    36.0201    28.8315  0.000e+00
      2.572   5.858457  1022.9003 1.0989e-01    16.3305     0.0216     6.0049     95.039 2.6672e+03    36.0221    28.8283  0.000e+00
      2.663   5.858457  1022.9012 1.0989e-01     9.9239     0.0216     6.0053     95.045 2.2979e+03    36.0225    28.8277  0.000e+00
      2.630   5.858405  1022.8997 1.0989e-01    15.7481     0.0216     6.0016     94.987 1.6079e+03    36.0213    28.8289  0.000e+00
      2.605   5.858263  1022.8982 1.0867e-01    18.3366     0.0216     6.0054     95.048 1.4248e+03    36.0198    28.8296  0.000e+00
      2.630   5.858203  1022.8972 1.0989e-01    18.5955     0.0216     6.0055     95.050 1.4208e+03    36.0186    28.8305  0.000e+00
      2.663   5.858144  1022.8962 1.0989e-01    18.4014     0.0216     6.0055     95.051 1.3814e+03    36.0175    28.8315  0.000e+00
      2.605   5.858129  1022.8974 1.0867e-01    18.3366     0.0216     6.0097     95.114 1.3660e+03    36.0187    28.8297  0.000e+00
      2.630   5.858181  1022.9024 1.0745e-01    18.2719     0.0216     6.0102     95.117 1.4862e+03    36.0229    28.8246  0.000e+00
      2.605   5.858219  1022.9035 1.0867e-01    18.2719     0.0216     6.0143     95.182 2.5072e+03    36.0240    28.8235  0.000e+00
      2.630   5.858278  1022.9014 1.0867e-01    18.2719     0.0216     6.0106     95.126 3.1751e+03    36.0224    28.8263  0.000e+00
      2.605   5.858278  1022.8990 1.0989e-01    18.2719     0.0216     6.0144     95.189 3.2382e+03    36.0204    28.8289  0.000e+00
      2.630   5.858293  1022.8976 1.1233e-01   136.4380     0.0216     6.0147     95.195 3.4545e+03    36.0192    28.8305  0.000e+00
      2.605   5.858278  1022.8967 9.0354e-02   247.3562    -0.1005     6.0111     95.139 3.5730e+03    36.0185    28.8314  0.000e+00
      2.572   5.858293  1022.8963 8.7912e-02   264.3110    -0.1311     6.0150     95.202 3.6134e+03    36.0183    28.8318  0.000e+00
      2.662   5.858345  1022.8969 8.7912e-02   264.3110    -0.1311     6.0153     95.207 4.2415e+03    36.0186    28.8318  0.000e+00
      2.572   5.858383  1022.8964 8.7912e-02   263.4697    -0.1311     6.0195     95.273 4.7330e+03    36.0186    28.8322  0.000e+00
      2.539   5.858413  1022.8967 8.7912e-02   259.4575    -0.1311     6.0197     95.277 4.8135e+03    36.0191    28.8318  0.000e+00
      2.662   5.858435  1022.8974 8.7912e-02   259.4575    -0.1311     6.0201     95.282 4.0208e+03    36.0193    28.8318  0.000e+00
      2.506   5.858420  1022.8968 8.6691e-02   259.7811    -0.1311     6.0164     95.225 3.4740e+03    36.0194    28.8316  0.000e+00
      2.605   5.858465  1022.8978 8.6691e-02   259.9105    -0.1311     6.0164     95.225 3.3776e+03    36.0199    28.8313  0.000e+00
      2.572   5.858502  1022.8977 8.6691e-02   259.9105    -0.1311     6.0165     95.225 2.2595e+03    36.0200    28.8314  0.000e+00
      2.605   5.858487  1022.8976 8.6691e-02   259.9105    -0.1311     6.0165     95.226 1.4409e+03    36.0198    28.8316  0.000e+00
      2.572   5.858502  1022.8973 8.6691e-02   259.9105    -0.1311     6.0162     95.221 1.3022e+03    36.0197    28.8318  0.000e+00
      2.539   5.858547  1022.8974 1.0012e-01   209.4990    -0.0395     6.0201     95.284 1.6261e+03    36.0201    28.8318  0.000e+00
      2.572   5.858540  1022.8975 1.0867e-01    62.4710     0.0216     6.0163     95.223 2.1845e+03    36.0200    28.8318  0.000e+00
      2.539   5.858554  1022.8973 1.0989e-01     9.1474     0.0216     6.0123     95.161 2.3634e+03    36.0200    28.8320  0.000e+00
      2.604   5.858502  1022.8973 1.0989e-01     7.6590     0.0216     6.0119     95.154 2.1359e+03    36.0196    28.8320  0.000e+00
      2.571   5.858540  1022.8975 1.0989e-01    13.3537     0.0216     6.0114     95.146 1.7943e+03    36.0200    28.8318  0.000e+00
      2.538   5.858577  1022.8974 1.0989e-01    15.4246     0.0216     6.0108     95.137 1.7057e+03    36.0201    28.8320  0.000e+00
      2.505   5.858599  1022.8974 1.1111e-01    15.4893     0.0216     6.0065     95.069 1.9249e+03    36.0203    28.8320  0.000e+00
      2.538   5.858554  1022.8973 1.1111e-01    15.2951     0.0216     6.0060     95.060 2.6747e+03    36.0200    28.8320  0.000e+00
      2.571   5.858554  1022.8970 1.0989e-01    15.2304     0.0216     6.0015     94.989 3.0015e+03    36.0196    28.8325  0.000e+00
      2.538   5.858539  1022.8964 1.0989e-01    15.2304     0.0216     5.9967     94.914 2.8856e+03    36.0192    28.8329  0.000e+00
      2.505   5.858554  1022.8960 1.0989e-01    15.1657     0.0216     5.9876     94.771 2.3969e+03    36.0190    28.8333  0.000e+00
      2.538   5.858577  1022.8959 1.0989e-01    15.1010     0.0216     5.9822     94.685 2.2279e+03    36.0189    28.8337  0.000e+00
      2.571   5.858599  1022.8955 1.0989e-01    19.1779     0.0216     5.9726     94.534 2.2279e+03    36.0184    28.8344  0.000e+00
      2.538   5.858554  1022.8943 1.0989e-01   164.2646     0.0216     5.9667     94.442 2.3174e+03    36.0175    28.8353  0.000e+00
      2.481   5.858554  1022.8934 8.7912e-02   256.5454    -0.1311     5.9606     94.346 2.3568e+03    36.0169    28.8361  0.000e+00
      2.571   5.858562  1022.8935 8.7912e-02   264.3110    -0.1311     5.9508     94.192 2.3768e+03    36.0167    28.8364  0.000e+00
      2.538   5.858539  1022.8927 8.6691e-02   264.3110    -0.1311     5.9327     93.906 2.7432e+03    36.0161    28.8370  0.000e+00
      2.505   5.858554  1022.8925 8.6691e-02   261.9813    -0.1311     5.9217     93.732 2.9930e+03    36.0161    28.8372  0.000e+00
      2.604   5.858607  1022.8930 8.7912e-02   259.3928    -0.1311     5.9107     93.559 3.0184e+03    36.0163    28.8374  0.000e+00
      2.505   5.858577  1022.8926 8.6691e-02   259.5869    -0.1311     5.8994     93.379 2.9019e+03    36.0162    28.8372  0.000e+00
      2.538   5.858577  1022.8927 8.7912e-02   259.8458    -0.1311     5.8842     93.139 2.8214e+03    36.0162    28.8372  0.000e+00
      2.571   5.858637  1022.8939 8.7912e-02   259.9105    -0.1311     5.8726     92.954 2.8056e+03    36.0172    28.8364  0.000e+00
      2.538   5.858674  1022.8943 8.7912e-02   259.9752    -0.1311     5.8570     92.707 2.7820e+03    36.0177    28.8361  0.000e+00
      2.538   5.858696  1022.8947 8.7912e-02   259.9105    -0.1311     5.8409     92.453 2.7587e+03    36.0182    28.8357  0.000e+00
      2.571   5.858681  1022.8946 8.6691e-02   259.9105    -0.1311     5.8245     92.193 2.7587e+03    36.0179    28.8359  0.000e+00
      2.604   5.858622  1022.8944 1.0623e-01   180.1193    -0.0090     5.8081     91.932 2.0651e+03    36.0175    28.8359  0.000e+00
      2.505   5.858696  1022.8946 1.0867e-01    50.2402     0.0216     5.7914     91.668 1.4129e+03    36.0182    28.8357  0.000e+00
      2.604   5.858741  1022.8954 1.0989e-01    12.8360     0.0216     5.7785     91.464 1.2877e+03    36.0186    28.8355  0.000e+00
      2.571   5.858749  1022.8959 1.0989e-01    14.9068     0.0216     5.7615     91.194 1.5634e+03    36.0192    28.8348  0.000e+00
      2.538   5.858726  1022.8957 1.0989e-01    19.8898     0.0216     5.7405     90.862 2.1662e+03    36.0191    28.8348  0.000e+00
      2.629   5.858741  1022.8966 1.0867e-01    21.3134     0.0216     5.7270     90.648 2.3768e+03    36.0195    28.8342  0.000e+00
      2.538   5.858801  1022.8968 1.0867e-01    21.2487     0.0216     5.7096     90.372 2.1968e+03    36.0202    28.8340  0.000e+00
      2.604   5.858734  1022.8970 1.0867e-01    21.0546     0.0216     5.6962     90.159 1.8351e+03    36.0199    28.8337  0.000e+00
      2.571   5.858756  1022.8972 1.0867e-01    20.9252     0.0216     5.6867     90.009 1.7347e+03    36.0202    28.8335  0.000e+00
      2.662   5.858719  1022.8972 1.0989e-01    21.0546     0.0216     5.6738     89.805 1.7396e+03    36.0198    28.8337  0.000e+00
      2.571   5.858719  1022.8968 1.0989e-01    20.9899     0.0216     5.6607     89.598 1.7643e+03    36.0198    28.8337  0.000e+00
      2.604   5.858704  1022.8968 1.0867e-01    20.9899     0.0216     5.6519     89.459 1.7742e+03    36.0197    28.8337  0.000e+00
      2.629   5.858719  1022.8969 1.0867e-01    42.4099     0.0216     5.6434     89.324 1.8716e+03    36.0197    28.8338  0.000e+00
      2.604   5.858741  1022.8967 1.0501e-01   191.8971    -0.0090     5.6389     89.253 2.5642e+03    36.0197    28.8340  0.000e+00
      2.629   5.858696  1022.8963 8.7912e-02   264.3110    -0.1311     5.6351     89.193 2.9512e+03    36.0191    28.8344  0.000e+00
      2.604   5.858696  1022.8958 8.7912e-02   264.3110    -0.1311     5.6240     89.017 2.9430e+03    36.0189    28.8348  0.000e+00
      2.694   5.858681  1022.8958 8.7912e-02   264.3110    -0.1311     5.6249     89.033 2.6005e+03    36.0184    28.8351  0.000e+00
      2.604   5.858622  1022.8948 8.7912e-02   260.7518    -0.1311     5.6226     88.996 2.4377e+03    36.0178    28.8355  0.000e+00
      2.661   5.858644  1022.8949 8.7912e-02   259.3281    -0.1311     5.6170     88.908 2.4172e+03    36.0177    28.8357  0.000e+00
      2.628   5.858599  1022.8951 8.6691e-02   259.6517    -0.1311     5.6154     88.882 2.1907e+03    36.0179    28.8351  0.000e+00
      2.661   5.858637  1022.8966 8.6691e-02   259.8458    -0.1311     5.6144     88.865 2.0363e+03    36.0191    28.8338  0.000e+00
      2.628   5.858674  1022.8976 8.6691e-02   259.9752    -0.1311     5.6178     88.917 2.0192e+03    36.0202    28.8328  0.000e+00
      2.661   5.858726  1022.8985 8.6691e-02   259.9105    -0.1311     5.6180     88.920 1.4168e+03    36.0210    28.8322  0.000e+00
      2.628   5.858771  1022.8988 8.7912e-02   259.9752    -0.1311     5.6186     88.930 1.0254e+03    36.0215    28.8320  0.000e+00
      2.661   5.858794  1022.8990 8.7912e-02   259.9105    -0.1311     5.6238     89.013 9.6664e+02    36.0216    28.8320  0.000e+00
      2.628   5.858816  1022.8975 1.1233e-01   149.1217     0.0216     5.6217     88.981 1.4409e+03    36.0205    28.8337  0.000e+00
      2.604   5.858801  1022.8960 1.0989e-01    37.1034     0.0216     5.6275     89.073 2.2342e+03    36.0193    28.8351  0.000e+00
      2.604   5.858741  1022.8956 1.0989e-01    11.8653     0.0216     5.6301     89.116 2.4583e+03    36.0187    28.8353  0.000e+00
      2.752   5.858704  1022.8960 1.0989e-01    16.1364     0.0216     5.6373     89.229 2.0767e+03    36.0184    28.8353  0.000e+00
      2.661   5.858756  1022.8960 1.0989e-01    20.4075     0.0216     5.6411     89.289 1.6353e+03    36.0190    28.8351  0.000e+00
      2.628   5.858793  1022.8961 1.0989e-01    21.3782     0.0216     5.6490     89.415 1.5372e+03    36.0192    28.8351  0.000e+00
      2.604   5.858831  1022.8959 1.0989e-01    21.1840     0.0216     5.6538     89.491 1.5502e+03    36.0192    28.8355  0.000e+00
      2.628   5.858861  1022.8961 1.0989e-01    21.0546     0.0216     5.6589     89.571 1.5590e+03    36.0194    28.8355  0.000e+00
      2.661   5.858816  1022.8955 1.0989e-01    20.9899     0.0216     5.6681     89.718 1.5634e+03    36.0187    28.8361  0.000e+00
      2.628   5.858779  1022.8945 1.0989e-01    20.9899     0.0216     5.6775     89.867 1.7842e+03    36.0179    28.8368  0.000e+00
      2.603   5.858756  1022.8938 1.0989e-01    21.0546     0.0216     5.6835     89.962 2.6373e+03    36.0173    28.8374  0.000e+00
      2.628   5.858726  1022.8936 1.0989e-01    21.0546     0.0216     5.6934     90.120 3.0525e+03    36.0170    28.8375  0.000e+00
      2.661   5.858741  1022.8936 1.0989e-01    68.8128     0.0216     5.7038     90.284 3.1132e+03    36.0169    28.8377  0.000e+00
      2.603   5.858726  1022.8931 9.8901e-02   213.5760    -0.0395     5.7144     90.452 3.4642e+03    36.0167    28.8379  0.000e+00
      2.628   5.858741  1022.8938 8.7912e-02   264.3110    -0.1311     5.7215     90.563 3.6440e+03    36.0172    28.8374  0.000e+00
      2.603   5.858771  1022.8936 8.6691e-02   264.3110    -0.1311     5.7319     90.729 3.5231e+03    36.0171    28.8377  0.000e+00
      2.628   5.858793  1022.8936 8.7912e-02   264.3110    -0.1311     5.7424     90.896 2.4308e+03    36.0171    28.8379  0.000e+00
      2.603   5.858711  1022.8926 8.7912e-02   260.1047    -0.1311     5.7569     91.126 2.0135e+03    36.0162    28.8385  0.000e+00
      2.570   5.858696  1022.8924 8.7912e-02   259.3928    -0.1311     5.7678     91.298 1.9632e+03    36.0161    28.8385  0.000e+00
      2.603   5.858704  1022.8922 8.7912e-02   259.7164    -0.1311     5.7786     91.469 1.4049e+03    36.0158    28.8388  0.000e+00
      2.628   5.858719  1022.8924 8.7912e-02   259.9105    -0.1311     5.7893     91.639 1.1283e+03    36.0159    28.8388  0.000e+00
      2.603   5.858778  1022.8928 8.7912e-02   259.9752    -0.1311     5.8038     91.868 1.1001e+03    36.0165    28.8386  0.000e+00
      2.570   5.858816  1022.8930 8.7912e-02   259.9752    -0.1311     5.8142     92.033 1.6170e+03    36.0169    28.8385  0.000e+00
      2.603   5.858734  1022.8935 8.7912e-02   259.9105    -0.1311     5.8284     92.257 2.1723e+03    36.0170    28.8375  0.000e+00
      2.603   5.858681  1022.8937 8.9133e-02   257.3867    -0.1311     5.8386     92.417 2.2722e+03    36.0171    28.8370  0.000e+00
      2.570   5.858696  1022.8937 1.1233e-01   112.1059     0.0216     5.8522     92.632 1.7299e+03    36.0172    28.8370  0.000e+00
      2.537   5.858577  1022.8929 1.1111e-01    18.4014     0.0216     5.8619     92.786 1.3022e+03    36.0164    28.8370  0.000e+00
      2.570   5.858554  1022.8939 1.0989e-01     3.3879     0.0216     5.8675     92.872 1.2276e+03    36.0170    28.8359  0.000e+00
      2.537   5.858502  1022.8937 1.0989e-01     8.9532     0.0216     5.8760     93.007 1.3737e+03    36.0168    28.8357  0.000e+00
      2.504   5.858502  1022.8935 1.0867e-01    12.5125     0.0216     5.8804     93.076 1.5766e+03    36.0168    28.8357  0.000e+00
      2.537   5.858487  1022.8933 1.0867e-01    13.0949     0.0216     5.8918     93.258 1.6307e+03    36.0164    28.8361  0.000e+00
