WS23139_STN07_06CTD.cnv
* Sea-Bird SBE 9 Data File:
* FileName = C:\ctd\Cruise_Data\WS23139_Rosenheim\WS23139_Rosenheim_STN07.hex
* Software Version Seasave V 7.26.7.121
* Temperature SN = 4097 MTG 177
* Conductivity SN = 1851 MTG 053
* Number of Bytes Per Scan = 40
* Number of Voltage Words = 5
* Number of Scans Averaged by the Deck Unit = 1
* NMEA Latitude = 01 02.54 N
* NMEA Longitude = 049 25.36 W
* NMEA UTC (Time) = Jun 09 2023 17:46:24
** Ship:
** Station:
** Operator:
# nquan = 12
# nvalues = 10385                                 
# units = specified
# name 0 = depSM: Depth [salt water, m]
# name 1 = c0S/m: Conductivity [S/m]
# name 2 = density00: Density [density, kg/m^3]
# name 3 = flSP: Fluorescence, Seapoint
# name 4 = wetCDOM: Fluorescence, WET Labs CDOM [mg/m^3]
# name 5 = flECO-AFL: Fluorescence, WET Labs ECO-AFL/FL [mg/m^3]
# name 6 = sbeox0Mg/L: Oxygen, SBE 43 [mg/l]
# name 7 = sbeox0PS: Oxygen, SBE 43 [% saturation]
# name 8 = par: PAR/Irradiance, Biospherical/Licor [Watts/m^2]
# name 9 = sal00: Salinity, Practical [PSU]
# name 10 = t090C: Temperature [ITS-90, deg C]
# name 11 = flag:  0.000e+00
# span 0 =      2.474,     14.182                 
# span 1 =   0.009135,   0.016392                 
# span 2 =   995.8073,   995.9283                 
# span 3 = 1.1966e-01, 1.3919e-01                 
# span 4 =    20.2133,    23.2548                 
# span 5 =     1.3647,     1.5478                 
# span 6 =     4.3493,     6.1310                 
# span 7 =     57.097,     80.714                 
# span 8 = 9.8755e-02, 1.0476e+01                 
# span 9 =     0.0453,     0.0749                 
# span 10 =    29.4476,    29.6959                
# span 11 = 0.0000e+00, 0.0000e+00                
# interval = seconds: 0.0416667
# start_time = Jun 09 2023 17:46:24 [NMEA time, header]
# bad_flag = -9.990e-29
*END*
[from data line 4813]
     11.717   0.012672   995.8843 1.3309e-01    22.5430     1.4562     5.0983     66.935 9.9065e-02     0.0597    29.5402  0.000e+00
     11.692   0.012680   995.8841 1.3309e-01    22.5430     1.4562     5.1270     67.312 9.9065e-02     0.0597    29.5407  0.000e+00
     11.659   0.012695   995.8839 1.3309e-01    22.4136     1.4562     5.1421     67.511 9.9065e-02     0.0598    29.5410  0.000e+00
     11.659   0.012700   995.8837 1.3187e-01    22.5430     1.4562     5.1661     67.827 9.9065e-02     0.0598    29.5416  0.000e+00
     11.635   0.012700   995.8836 1.3187e-01    22.5430     1.4868     5.1906     68.148 9.9065e-02     0.0598    29.5417  0.000e+00
     11.659   0.012709   995.8837 1.3187e-01    22.5430     1.4562     5.2102     68.407 9.9065e-02     0.0598    29.5419  0.000e+00
     11.593   0.012709   995.8832 1.3187e-01    22.5430     1.4562     5.2295     68.660 9.9065e-02     0.0598    29.5423  0.000e+00
     11.635   0.012703   995.8833 1.3187e-01    22.5430     1.4562     5.2533     68.973 9.9065e-02     0.0598    29.5427  0.000e+00
     11.593   0.012703   995.8830 1.3187e-01    22.6077     1.4562     5.2724     69.225 9.9065e-02     0.0598    29.5430  0.000e+00
     11.593   0.012703   995.8830 1.3309e-01    22.6077     1.4562     5.2914     69.473 9.9065e-02     0.0598    29.5431  0.000e+00
     11.635   0.012692   995.8832 1.3187e-01    22.6077     1.4562     5.3054     69.658 9.9065e-02     0.0597    29.5431  0.000e+00
     11.593   0.012692   995.8829 1.3187e-01    22.6077     1.4562     5.3283     69.958 9.9065e-02     0.0597    29.5434  0.000e+00
     11.593   0.012695   995.8829 1.3187e-01    22.6077     1.4562     5.3420     70.138 9.9065e-02     0.0598    29.5434  0.000e+00
     11.635   0.012689   995.8831 1.3065e-01    22.6077     1.4562     5.3599     70.373 9.9065e-02     0.0597    29.5432  0.000e+00
     11.593   0.012683   995.8829 1.3065e-01    22.6077     1.4562     5.3775     70.605 9.9065e-02     0.0597    29.5432  0.000e+00
     11.593   0.012680   995.8828 1.3187e-01    22.6077     1.4562     5.3904     70.774 9.9065e-02     0.0597    29.5434  0.000e+00
     11.577   0.012672   995.8827 1.3187e-01    22.6077     1.4562     5.4077     71.000 9.9065e-02     0.0597    29.5434  0.000e+00
     11.593   0.012669   995.8828 1.3187e-01    22.6077     1.4562     5.4154     71.102 9.9065e-02     0.0597    29.5432  0.000e+00
     11.659   0.012678   995.8832 1.3187e-01    22.6077     1.4562     5.4273     71.258 9.9065e-02     0.0597    29.5432  0.000e+00
     11.635   0.012663   995.8830 1.3309e-01    22.5430     1.4562     5.4389     71.410 9.9065e-02     0.0596    29.5434  0.000e+00
     11.593   0.012666   995.8828 1.3309e-01    22.6077     1.4562     5.4501     71.558 9.9065e-02     0.0596    29.5432  0.000e+00
     11.659   0.012663   995.8831 1.3187e-01    22.6077     1.4562     5.4566     71.643 9.9065e-02     0.0596    29.5432  0.000e+00
     11.635   0.012638   995.8829 1.3187e-01    22.6077     1.4562     5.4673     71.783 9.9065e-02     0.0595    29.5432  0.000e+00
     11.659   0.012635   995.8830 1.3187e-01    22.6077     1.4562     5.4729     71.857 9.9065e-02     0.0595    29.5432  0.000e+00
     11.717   0.012640   995.8833 1.3309e-01    22.6077     1.4562     5.4783     71.927 9.9065e-02     0.0595    29.5432  0.000e+00
     11.635   0.012629   995.8829 1.3309e-01    22.6077     1.4562     5.4829     71.988 9.9065e-02     0.0595    29.5432  0.000e+00
     11.717   0.012623   995.8833 1.3187e-01    22.6077     1.4562     5.4922     72.110 9.9065e-02     0.0595    29.5432  0.000e+00
     11.717   0.012623   995.8833 1.3187e-01    22.6077     1.4562     5.4964     72.165 9.9065e-02     0.0595    29.5431  0.000e+00
     11.692   0.012620   995.8831 1.3187e-01    22.6077     1.4562     5.5002     72.215 9.9065e-02     0.0595    29.5432  0.000e+00
     11.717   0.012626   995.8833 1.3187e-01    22.6077     1.4562     5.5082     72.319 9.9065e-02     0.0595    29.5430  0.000e+00
     11.783   0.012626   995.8836 1.3187e-01    22.6077     1.4562     5.5019     72.238 9.9065e-02     0.0595    29.5432  0.000e+00
     11.692   0.012632   995.8832 1.3187e-01    22.6077     1.4562     5.5089     72.330 9.9065e-02     0.0595    29.5431  0.000e+00
     11.783   0.012638   995.8837 1.3187e-01    22.3489     1.4562     5.5066     72.299 9.9065e-02     0.0595    29.5431  0.000e+00
     11.783   0.012629   995.8836 1.3187e-01    22.2194     1.4562     5.5080     72.318 9.9065e-02     0.0595    29.5432  0.000e+00
     11.758   0.012626   995.8835 1.3187e-01    22.0900     1.4562     5.5090     72.330 9.9065e-02     0.0595    29.5431  0.000e+00
     11.783   0.012638   995.8837 1.3187e-01    22.2194     1.4562     5.5050     72.278 9.9065e-02     0.0595    29.5431  0.000e+00
     11.783   0.012643   995.8836 1.3187e-01    22.2194     1.4562     5.5051     72.279 9.9065e-02     0.0595    29.5432  0.000e+00
     11.816   0.012649   995.8839 1.3187e-01    22.2194     1.4562     5.5003     72.216 9.9065e-02     0.0596    29.5429  0.000e+00
     11.783   0.012652   995.8836 1.3187e-01    22.2194     1.4562     5.4996     72.208 9.9065e-02     0.0596    29.5432  0.000e+00
     11.841   0.012655   995.8840 1.3187e-01    22.2194     1.4562     5.4986     72.194 9.9065e-02     0.0596    29.5431  0.000e+00
     11.758   0.012655   995.8835 1.3187e-01    22.2194     1.4562     5.4927     72.116 9.9065e-02     0.0596    29.5432  0.000e+00
     11.841   0.012646   995.8839 1.3187e-01    22.0900     1.4562     5.4865     72.035 9.9065e-02     0.0596    29.5431  0.000e+00
     11.841   0.012643   995.8839 1.3187e-01    22.2194     1.4562     5.4800     71.950 9.9065e-02     0.0595    29.5432  0.000e+00
     11.816   0.012643   995.8839 1.3187e-01    22.1547     1.4562     5.4731     71.859 9.9065e-02     0.0595    29.5429  0.000e+00
     11.783   0.012643   995.8837 1.3309e-01    22.2194     1.4562     5.4660     71.766 9.9065e-02     0.0595    29.5429  0.000e+00
     11.841   0.012649   995.8840 1.3309e-01    22.2194     1.4562     5.4589     71.673 9.9065e-02     0.0596    29.5429  0.000e+00
     11.816   0.012652   995.8839 1.3187e-01    22.0900     1.4562     5.4516     71.577 9.9065e-02     0.0596    29.5429  0.000e+00
     11.841   0.012646   995.8840 1.3187e-01    22.2841     1.4562     5.4443     71.480 9.9065e-02     0.0596    29.5427  0.000e+00
     11.783   0.012660   995.8838 1.3187e-01    22.2841     1.4562     5.4368     71.382 9.9065e-02     0.0596    29.5429  0.000e+00
     11.816   0.012666   995.8840 1.3187e-01    22.2841     1.4562     5.4294     71.285 9.9065e-02     0.0596    29.5427  0.000e+00
     11.841   0.012660   995.8841 1.3187e-01    22.2841     1.4562     5.4224     71.193 9.9065e-02     0.0596    29.5427  0.000e+00
     11.783   0.012649   995.8839 1.3187e-01    22.2841     1.4562     5.4105     71.037 9.9065e-02     0.0596    29.5425  0.000e+00
     11.816   0.012652   995.8840 1.3065e-01    22.2841     1.4562     5.4035     70.944 9.9065e-02     0.0596    29.5425  0.000e+00
     11.783   0.012658   995.8839 1.3065e-01    22.2841     1.4562     5.3967     70.855 9.9065e-02     0.0596    29.5425  0.000e+00
     11.783   0.012649   995.8840 1.3065e-01    22.2841     1.4562     5.3901     70.768 9.9065e-02     0.0596    29.5421  0.000e+00
     11.816   0.012663   995.8842 1.2943e-01    22.2841     1.4562     5.3883     70.745 9.9065e-02     0.0596    29.5422  0.000e+00
     11.717   0.012663   995.8838 1.2943e-01    22.2841     1.4562     5.3825     70.668 9.9065e-02     0.0596    29.5419  0.000e+00
     11.783   0.012649   995.8840 1.3065e-01    22.1547     1.4562     5.3676     70.472 9.9065e-02     0.0596    29.5419  0.000e+00
     11.692   0.012660   995.8838 1.3065e-01    22.0900     1.4562     5.3618     70.396 9.9065e-02     0.0596    29.5416  0.000e+00
     11.841   0.012646   995.8844 1.3065e-01    22.0900     1.4562     5.3562     70.322 9.9065e-02     0.0596    29.5416  0.000e+00
     11.717   0.012640   995.8839 1.3065e-01    21.8959     1.4562     5.3510     70.253 9.9065e-02     0.0595    29.5412  0.000e+00
     11.783   0.012649   995.8842 1.3065e-01    22.0900     1.4562     5.3460     70.188 9.9065e-02     0.0596    29.5412  0.000e+00
     11.692   0.012646   995.8839 1.3187e-01    22.0900     1.4562     5.3459     70.187 9.9065e-02     0.0596    29.5410  0.000e+00
     11.717   0.012643   995.8840 1.3187e-01    22.0900     1.4562     5.3419     70.134 9.9065e-02     0.0595    29.5410  0.000e+00
     11.717   0.012643   995.8841 1.3309e-01    22.0900     1.4562     5.3334     70.022 9.9065e-02     0.0595    29.5407  0.000e+00
     11.692   0.012643   995.8840 1.3309e-01    22.0900     1.4562     5.3344     70.035 9.9065e-02     0.0595    29.5407  0.000e+00
     11.717   0.012649   995.8842 1.3187e-01    22.0900     1.4562     5.3310     69.990 9.9065e-02     0.0596    29.5405  0.000e+00
     11.660   0.012646   995.8839 1.3187e-01    22.0900     1.4562     5.3324     70.009 9.9065e-02     0.0596    29.5405  0.000e+00
     11.692   0.012649   995.8841 1.3187e-01    22.0900     1.4562     5.3344     70.035 9.9065e-02     0.0596    29.5403  0.000e+00
     11.660   0.012646   995.8840 1.3065e-01    22.2194     1.4562     5.3321     70.005 9.9065e-02     0.0596    29.5403  0.000e+00
     11.660   0.012635   995.8839 1.3065e-01    22.3489     1.4868     5.3299     69.976 9.9065e-02     0.0595    29.5402  0.000e+00
     11.635   0.012620   995.8838 1.3065e-01    22.4136     1.4562     5.3327     70.012 9.9065e-02     0.0595    29.5401  0.000e+00
     11.660   0.012620   995.8840 1.3065e-01    22.4136     1.4562     5.3357     70.052 9.9065e-02     0.0595    29.5399  0.000e+00
     11.660   0.012615   995.8839 1.3065e-01    22.4136     1.4562     5.3390     70.096 9.9065e-02     0.0594    29.5401  0.000e+00
     11.635   0.012606   995.8838 1.3187e-01    22.4136     1.4562     5.3427     70.143 9.9065e-02     0.0594    29.5399  0.000e+00
     11.594   0.012612   995.8837 1.3187e-01    22.4136     1.4562     5.3468     70.197 9.9065e-02     0.0594    29.5397  0.000e+00
     11.594   0.012609   995.8837 1.3187e-01    22.4136     1.4562     5.3512     70.255 9.9065e-02     0.0594    29.5397  0.000e+00
     11.577   0.012586   995.8836 1.3187e-01    22.4136     1.4562     5.3559     70.316 9.9065e-02     0.0593    29.5395  0.000e+00
     11.594   0.012600   995.8837 1.3187e-01    22.4136     1.4562     5.3612     70.385 9.9065e-02     0.0594    29.5395  0.000e+00
     11.594   0.012609   995.8837 1.3187e-01    22.4136     1.4562     5.3662     70.452 9.9065e-02     0.0594    29.5397  0.000e+00
     11.577   0.012600   995.8837 1.3187e-01    22.4136     1.4868     5.3672     70.464 9.9065e-02     0.0594    29.5394  0.000e+00
     11.536   0.012595   995.8835 1.3187e-01    22.4783     1.4562     5.3726     70.535 9.9065e-02     0.0594    29.5394  0.000e+00
     11.536   0.012592   995.8835 1.3187e-01    22.0900     1.4562     5.3784     70.611 9.9065e-02     0.0593    29.5393  0.000e+00
     11.577   0.012589   995.8837 1.3187e-01    21.9606     1.4868     5.3798     70.629 9.9065e-02     0.0593    29.5392  0.000e+00
     11.478   0.012592   995.8833 1.3187e-01    21.9606     1.4562     5.3903     70.767 9.9065e-02     0.0593    29.5392  0.000e+00
     11.536   0.012595   995.8835 1.3187e-01    21.9606     1.4562     5.3921     70.791 9.9065e-02     0.0594    29.5394  0.000e+00
     11.511   0.012586   995.8834 1.3187e-01    21.9606     1.4562     5.3983     70.873 9.9065e-02     0.0593    29.5392  0.000e+00
     11.478   0.012580   995.8832 1.3187e-01    21.9606     1.4562     5.4002     70.897 9.9065e-02     0.0593    29.5394  0.000e+00
     11.478   0.012586   995.8833 1.3187e-01    21.9606     1.4562     5.4069     70.984 9.9065e-02     0.0593    29.5390  0.000e+00
     11.453   0.012580   995.8832 1.3187e-01    21.9606     1.4562     5.4135     71.072 9.9065e-02     0.0593    29.5392  0.000e+00
     11.478   0.012577   995.8833 1.3187e-01    21.8959     1.4562     5.4157     71.100 9.9065e-02     0.0593    29.5392  0.000e+00
     11.478   0.012572   995.8833 1.3309e-01    21.9606     1.4562     5.4223     71.187 9.9065e-02     0.0593    29.5390  0.000e+00
     11.396   0.012575   995.8829 1.3431e-01    21.9606     1.4562     5.4242     71.213 9.9065e-02     0.0593    29.5392  0.000e+00
     11.412   0.012580   995.8830 1.3431e-01    21.9606     1.4562     5.4307     71.298 9.9065e-02     0.0593    29.5392  0.000e+00
     11.396   0.012580   995.8829 1.3431e-01    21.9606     1.4562     5.4373     71.384 9.9065e-02     0.0593    29.5392  0.000e+00
     11.412   0.012580   995.8830 1.3431e-01    22.0253     1.4562     5.4439     71.471 9.9065e-02     0.0593    29.5390  0.000e+00
     11.412   0.012589   995.8831 1.3553e-01    22.0253     1.4562     5.4412     71.435 9.9065e-02     0.0593    29.5390  0.000e+00
     11.396   0.012592   995.8829 1.3553e-01    22.0253     1.4562     5.4427     71.455 9.9065e-02     0.0593    29.5392  0.000e+00
     11.289   0.012589   995.8825 1.3431e-01    22.0253     1.4562     5.4487     71.534 9.9065e-02     0.0593    29.5390  0.000e+00
     11.354   0.012603   995.8828 1.3309e-01    22.0900     1.4562     5.4501     71.553 9.9065e-02     0.0594    29.5390  0.000e+00
     11.330   0.012606   995.8828 1.3309e-01    22.0253     1.4562     5.4511     71.566 9.9065e-02     0.0594    29.5388  0.000e+00
     11.289   0.012597   995.8825 1.3309e-01    22.0253     1.4562     5.4519     71.576 9.9065e-02     0.0594    29.5390  0.000e+00
     11.289   0.012603   995.8826 1.3309e-01    22.0253     1.4562     5.4525     71.583 9.9065e-02     0.0594    29.5388  0.000e+00
     11.330   0.012606   995.8827 1.3309e-01    22.0253     1.4562     5.4529     71.589 9.9065e-02     0.0594    29.5390  0.000e+00
     11.289   0.012603   995.8825 1.3431e-01    22.0253     1.4562     5.4533     71.594 9.9065e-02     0.0594    29.5390  0.000e+00
     11.231   0.012603   995.8823 1.3431e-01    22.0253     1.4562     5.4535     71.597 9.9065e-02     0.0594    29.5390  0.000e+00
     11.272   0.012603   995.8825 1.3309e-01    21.9606     1.4562     5.4485     71.531 9.9065e-02     0.0594    29.5390  0.000e+00
     11.231   0.012597   995.8823 1.3309e-01    21.9606     1.4562     5.4523     71.581 9.9065e-02     0.0594    29.5390  0.000e+00
     11.231   0.012592   995.8823 1.3309e-01    21.8959     1.4562     5.4515     71.571 9.9065e-02     0.0593    29.5388  0.000e+00
     11.206   0.012592   995.8822 1.3309e-01    21.8959     1.4562     5.4458     71.496 9.9065e-02     0.0593    29.5390  0.000e+00
     11.173   0.012592   995.8821 1.3309e-01    21.8959     1.4562     5.4444     71.477 9.9065e-02     0.0593    29.5388  0.000e+00
     11.173   0.012597   995.8820 1.3431e-01    21.8959     1.4562     5.4383     71.398 9.9065e-02     0.0594    29.5390  0.000e+00
     11.206   0.012603   995.8822 1.3309e-01    21.8959     1.4868     5.4366     71.375 9.9065e-02     0.0594    29.5388  0.000e+00
     11.173   0.012606   995.8820 1.3309e-01    21.8959     1.4562     5.4297     71.285 9.9065e-02     0.0594    29.5390  0.000e+00
     11.107   0.012606   995.8818 1.3309e-01    21.8959     1.4562     5.4273     71.253 9.9065e-02     0.0594    29.5388  0.000e+00
     11.148   0.012597   995.8820 1.3309e-01    21.8959     1.4562     5.4202     71.159 9.9065e-02     0.0594    29.5388  0.000e+00
     11.173   0.012603   995.8820 1.3187e-01    21.8959     1.4562     5.4222     71.186 9.9065e-02     0.0594    29.5390  0.000e+00
     11.107   0.012609   995.8818 1.3187e-01    21.8959     1.4868     5.4104     71.031 9.9065e-02     0.0594    29.5390  0.000e+00
     11.091   0.012595   995.8816 1.3187e-01    21.8959     1.4562     5.4074     70.992 9.9065e-02     0.0594    29.5392  0.000e+00
