WS23139_STN16_14CTD.cnv
* Sea-Bird SBE 9 Data File:
* FileName = C:\ctd\Cruise_Data\WS23139_Rosenheim\WS23139_Rosenheim_STN16.hex
* Software Version Seasave V 7.26.7.121
* Temperature SN = 4097 MTG 177
* Conductivity SN = 1851 MTG 053
* Number of Bytes Per Scan = 40
* Number of Voltage Words = 5
* Number of Scans Averaged by the Deck Unit = 1
* NMEA Latitude = 05 44.83 N
* NMEA Longitude = 053 19.27 W
* NMEA UTC (Time) = Jun 15 2023 20:03:07
** Ship:
** Station:
** Operator:
# nquan = 12
# nvalues = 13136                                 
# units = specified
# name 0 = depSM: Depth [salt water, m]
# name 1 = c0S/m: Conductivity [S/m]
# name 2 = density00: Density [density, kg/m^3]
# name 3 = flSP: Fluorescence, Seapoint
# name 4 = wetCDOM: Fluorescence, WET Labs CDOM [mg/m^3]
# name 5 = flECO-AFL: Fluorescence, WET Labs ECO-AFL/FL [mg/m^3]
# name 6 = sbeox0Mg/L: Oxygen, SBE 43 [mg/l]
# name 7 = sbeox0PS: Oxygen, SBE 43 [% saturation]
# name 8 = par: PAR/Irradiance, Biospherical/Licor [Watts/m^2]
# name 9 = sal00: Salinity, Practical [PSU]
# name 10 = t090C: Temperature [ITS-90, deg C]
# name 11 = flag:  0.000e+00
# span 0 =      1.226,     18.290                 
# span 1 =   5.571731,   5.697246                 
# span 2 =  1022.2135,  1023.6097                 
# span 3 = 4.8840e-02, 1.8926e-01                 
# span 4 =    -0.6890,   264.3110                 
# span 5 =     0.4489,     3.9593                 
# span 6 =     5.1378,     6.2609                 
# span 7 =     79.200,     97.242                 
# span 8 = 9.8755e-02, 8.5176e+02                 
# span 9 =    34.7083,    36.1542                 
# span 10 =    27.1681,    27.9187                
# span 11 = 0.0000e+00, 0.0000e+00                
# interval = seconds: 0.0416667
# start_time = Jun 15 2023 20:03:07 [NMEA time, header]
# bad_flag = -9.990e-29
*END*
[from data line 1083]
      2.168   5.665724  1022.7478 1.5751e-01    12.5125     2.1888     6.1564     95.594 2.0362e+02    35.3999    27.8681  0.000e+00
      2.201   5.665857  1022.7498 1.5629e-01    12.5772     2.1888     6.1559     95.585 2.0419e+02    35.4017    27.8668  0.000e+00
      2.168   5.665894  1022.7489 1.5751e-01    12.5772     2.1888     6.1513     95.516 2.0534e+02    35.4012    27.8679  0.000e+00
      2.201   5.665872  1022.7486 1.5873e-01    12.5772     2.1888     6.1508     95.508 2.0766e+02    35.4007    27.8682  0.000e+00
      2.201   5.665990  1022.7527 1.5873e-01    12.5772     2.1888     6.1507     95.502 2.0883e+02    35.4045    27.8644  0.000e+00
      2.234   5.666063  1022.7533 1.5995e-01    12.5772     2.1888     6.1500     95.492 2.0883e+02    35.4051    27.8642  0.000e+00
      2.143   5.666012  1022.7509 1.6117e-01    12.6419     2.1888     6.1495     95.485 2.1179e+02    35.4033    27.8662  0.000e+00
      2.234   5.666063  1022.7537 1.6361e-01    12.5125     2.1888     6.1492     95.479 2.1358e+02    35.4054    27.8638  0.000e+00
      2.143   5.666218  1022.7594 1.6728e-01    12.5772     2.1888     6.1534     95.538 2.1419e+02    35.4109    27.8580  0.000e+00
      2.234   5.666402  1022.7631 1.7094e-01    10.5711     2.1888     6.1538     95.542 2.1661e+02    35.4142    27.8553  0.000e+00
      2.201   5.666564  1022.7657 1.6972e-01     3.4526     2.1888     6.1502     95.485 2.1783e+02    35.4170    27.8532  0.000e+00
      2.201   5.666733  1022.7668 1.6606e-01     0.5405     2.2194     6.1502     95.485 2.1783e+02    35.4183    27.8530  0.000e+00
      2.234   5.666807  1022.7652 1.6239e-01     0.4111     2.2194     6.1504     95.491 2.2154e+02    35.4170    27.8554  0.000e+00
      2.201   5.666932  1022.7657 1.5873e-01     0.6700     2.2194     6.1504     95.491 2.2341e+02    35.4179    27.8553  0.000e+00
      2.168   5.666991  1022.7695 1.5873e-01     0.7347     2.2194     6.1550     95.558 2.2404e+02    35.4214    27.8514  0.000e+00
      2.201   5.667109  1022.7717 1.5995e-01     0.7347     2.2194     6.1556     95.566 2.2657e+02    35.4234    27.8497  0.000e+00
      2.234   5.667087  1022.7704 1.6117e-01     0.7994     2.2194     6.1600     95.636 2.3108e+02    35.4221    27.8512  0.000e+00
      2.201   5.666851  1022.7658 1.6484e-01     0.7347     2.2194     6.1607     95.649 2.3173e+02    35.4178    27.8548  0.000e+00
      2.201   5.666571  1022.7618 1.6728e-01     0.7347     2.2194     6.1577     95.605 2.3369e+02    35.4137    27.8576  0.000e+00
      2.168   5.666402  1022.7588 1.6484e-01     0.7347     2.2194     6.1584     95.618 2.3834e+02    35.4108    27.8598  0.000e+00
      2.201   5.666188  1022.7555 1.6239e-01     0.7347     2.2194     6.1594     95.636 2.3968e+02    35.4074    27.8624  0.000e+00
      2.168   5.666019  1022.7526 1.6117e-01     0.7994     2.2194     6.1601     95.649 2.4171e+02    35.4046    27.8645  0.000e+00
      2.201   5.665960  1022.7510 1.6117e-01     7.4648     2.1888     6.1610     95.664 2.4721e+02    35.4030    27.8660  0.000e+00
      2.168   5.665908  1022.7506 1.6117e-01    12.0595     2.1888     6.1660     95.741 2.4930e+02    35.4027    27.8660  0.000e+00
      2.143   5.665894  1022.7500 1.6361e-01    12.9007     2.1888     6.1672     95.761 2.5071e+02    35.4022    27.8666  0.000e+00
      2.143   5.665894  1022.7506 1.6606e-01    12.6419     2.1888     6.1647     95.721 2.5713e+02    35.4027    27.8659  0.000e+00
      2.168   5.665938  1022.7525 1.6606e-01    12.4478     2.1888     6.1661     95.741 2.5786e+02    35.4043    27.8642  0.000e+00
      2.077   5.666078  1022.7538 1.6606e-01    12.4478     2.1888     6.1674     95.761 2.5931e+02    35.4061    27.8631  0.000e+00
      2.168   5.666159  1022.7551 1.6484e-01    12.4478     2.1888     6.1688     95.782 2.6447e+02    35.4071    27.8626  0.000e+00
      2.077   5.666210  1022.7550 1.6361e-01    12.4478     2.1888     6.1661     95.740 2.6671e+02    35.4075    27.8626  0.000e+00
      2.143   5.666188  1022.7551 1.6361e-01    12.5125     2.3109     6.1674     95.760 2.6746e+02    35.4073    27.8626  0.000e+00
      2.110   5.666137  1022.7539 1.6361e-01    12.4478     2.6772     6.1644     95.715 2.7124e+02    35.4063    27.8634  0.000e+00
      2.077   5.666034  1022.7522 1.6361e-01    12.4478     2.8604     6.1693     95.792 2.7354e+02    35.4047    27.8646  0.000e+00
      2.052   5.665850  1022.7502 1.6239e-01    12.4478     2.8604     6.1666     95.750 2.7431e+02    35.4026    27.8657  0.000e+00
      2.077   5.665665  1022.7473 1.5995e-01    11.4771     2.8299     6.1675     95.765 2.7976e+02    35.3996    27.8679  0.000e+00
      2.052   5.665415  1022.7439 1.5751e-01     9.9239     2.8299     6.1642     95.717 2.8372e+02    35.3962    27.8701  0.000e+00
      2.019   5.665238  1022.7427 1.5751e-01     9.4062     2.8299     6.1648     95.725 2.8372e+02    35.3948    27.8703  0.000e+00
      2.077   5.665194  1022.7432 1.5873e-01     9.4062     2.8299     6.1613     95.670 2.9018e+02    35.3949    27.8697  0.000e+00
      1.986   5.665297  1022.7435 1.5873e-01     9.4710     2.8299     6.1615     95.674 2.9678e+02    35.3958    27.8695  0.000e+00
      2.019   5.665312  1022.7436 1.5873e-01     9.5357     2.8299     6.1617     95.676 2.9845e+02    35.3958    27.8697  0.000e+00
      1.986   5.665223  1022.7410 1.5995e-01     9.5357     2.8299     6.1576     95.615 3.0438e+02    35.3935    27.8719  0.000e+00
      2.019   5.664782  1022.7344 1.6239e-01     9.4710     2.8299     6.1532     95.552 3.1218e+02    35.3866    27.8769  0.000e+00
      1.986   5.664480  1022.7294 1.6361e-01     9.4062     2.8299     6.1526     95.545 3.1483e+02    35.3818    27.8805  0.000e+00
      1.953   5.664273  1022.7260 1.6361e-01     9.3415     2.8299     6.1520     95.538 3.2109e+02    35.3785    27.8829  0.000e+00
      1.953   5.664156  1022.7239 1.6239e-01     9.5357     2.8299     6.1475     95.469 3.3024e+02    35.3764    27.8846  0.000e+00
      1.928   5.664126  1022.7219 1.5995e-01     9.4710     2.8299     6.1463     95.452 3.3304e+02    35.3747    27.8866  0.000e+00
      1.953   5.664075  1022.7209 1.5751e-01     9.2768     2.8299     6.1415     95.379 3.3775e+02    35.3737    27.8875  0.000e+00
      1.928   5.664141  1022.7213 1.5629e-01     7.6590     2.8299     6.1445     95.426 3.4934e+02    35.3743    27.8873  0.000e+00
      1.953   5.664273  1022.7236 1.5385e-01     6.8177     2.8299     6.1360     95.292 3.5330e+02    35.3764    27.8857  0.000e+00
      1.862   5.664347  1022.7256 1.5385e-01     6.7530     2.8299     6.1351     95.276 3.5529e+02    35.3787    27.8834  0.000e+00
      1.953   5.664509  1022.7284 1.5263e-01     6.8177     2.8299     6.1304     95.201 3.6032e+02    35.3811    27.8816  0.000e+00
      1.895   5.664759  1022.7325 1.5507e-01     6.8177     2.8299     6.1253     95.120 3.6337e+02    35.3854    27.8783  0.000e+00
      1.862   5.664958  1022.7355 1.5629e-01     6.8824     2.8299     6.1241     95.098 3.6235e+02    35.3886    27.8760  0.000e+00
      1.895   5.665194  1022.7380 1.5873e-01     6.8824     2.8299     6.1229     95.079 3.6337e+02    35.3912    27.8747  0.000e+00
      1.862   5.665253  1022.7392 1.6239e-01     6.8824     2.8299     6.1177     94.999 3.6235e+02    35.3925    27.8736  0.000e+00
      1.895   5.665378  1022.7421 1.6606e-01     6.8824     2.8299     6.1166     94.979 3.6235e+02    35.3952    27.8712  0.000e+00
      1.862   5.665430  1022.7439 1.6850e-01     6.8177     2.7993     6.1116     94.898 3.6337e+02    35.3969    27.8694  0.000e+00
      1.838   5.665165  1022.7417 1.7094e-01     6.8177     2.5857     6.1105     94.881 3.6337e+02    35.3945    27.8701  0.000e+00
      1.895   5.664818  1022.7377 1.7094e-01     6.8824     2.4941     6.1054     94.805 3.6337e+02    35.3900    27.8728  0.000e+00
      1.862   5.664701  1022.7326 1.7216e-01   123.4954     2.4025     6.1038     94.785 3.7059e+02    35.3855    27.8776  0.000e+00
      1.838   5.664487  1022.7285 1.4774e-01   244.0558     2.4636     6.1024     94.766 3.7584e+02    35.3816    27.8809  0.000e+00
      1.862   5.664546  1022.7299 1.4530e-01   264.3110     2.5857     6.0975     94.688 3.7584e+02    35.3828    27.8798  0.000e+00
      1.895   5.665356  1022.7415 1.4652e-01   264.3110     2.6162     6.0968     94.671 3.7163e+02    35.3946    27.8717  0.000e+00
      1.838   5.666277  1022.7569 1.4652e-01   264.0521     2.5857     6.0926     94.596 3.6851e+02    35.4102    27.8596  0.000e+00
      1.862   5.667124  1022.7722 1.4408e-01   259.5222     2.5551     6.0924     94.582 3.6645e+02    35.4252    27.8477  0.000e+00
      1.838   5.667750  1022.7831 1.4164e-01   259.4575     2.5551     6.0962     94.634 3.5529e+02    35.4360    27.8392  0.000e+00
      1.862   5.668273  1022.7912 1.3919e-01   259.7811     2.5551     6.0923     94.569 3.4254e+02    35.4442    27.8332  0.000e+00
      1.837   5.668752  1022.8010 1.3675e-01   259.9105     2.5551     6.0923     94.561 3.3871e+02    35.4538    27.8250  0.000e+00
      1.862   5.669628  1022.8182 1.3797e-01   259.9752     2.5551     6.0928     94.555 3.3492e+02    35.4705    27.8111  0.000e+00
      1.837   5.670505  1022.8316 1.3919e-01   259.9105     2.5551     6.0930     94.551 3.2932e+02    35.4841    27.8012  0.000e+00
      1.895   5.670999  1022.8409 1.3919e-01   259.9105     2.5551     6.0894     94.488 3.2747e+02    35.4930    27.7941  0.000e+00
      1.862   5.671264  1022.8444 1.3553e-01   259.8458     2.5551     6.0933     94.547 3.2655e+02    35.4968    27.7915  0.000e+00
      1.895   5.671433  1022.8466 1.3187e-01   259.9105     2.5551     6.0937     94.553 3.2381e+02    35.4989    27.7902  0.000e+00
      1.928   5.671190  1022.8405 1.3187e-01   259.9105     2.5857     6.0939     94.561 3.2199e+02    35.4930    27.7957  0.000e+00
      1.895   5.670505  1022.8284 1.3065e-01   259.9105     2.5551     6.0899     94.507 3.2109e+02    35.4812    27.8050  0.000e+00
      1.928   5.669820  1022.8148 1.3065e-01   259.9105     2.5551     6.0896     94.513 3.1839e+02    35.4678    27.8164  0.000e+00
      1.895   5.669105  1022.8002 1.3187e-01   259.9105     2.5551     6.0894     94.521 3.1750e+02    35.4538    27.8283  0.000e+00
      1.953   5.667904  1022.7846 1.3309e-01   259.9105     2.5551     6.0936     94.594 3.1660e+02    35.4373    27.8389  0.000e+00
      1.928   5.666873  1022.7729 1.3187e-01   259.9105     2.5551     6.0941     94.606 3.1395e+02    35.4249    27.8457  0.000e+00
      1.895   5.666542  1022.7694 1.3065e-01   259.9752     2.5857     6.0949     94.619 3.1306e+02    35.4211    27.8476  0.000e+00
      1.928   5.666262  1022.7628 1.3309e-01   259.9752     2.5551     6.0915     94.571 3.1043e+02    35.4148    27.8534  0.000e+00
      2.019   5.665724  1022.7525 1.3797e-01   259.9105     2.5551     6.0959     94.648 3.0353e+02    35.4043    27.8622  0.000e+00
      1.895   5.665393  1022.7510 1.4286e-01   259.9105     2.5551     6.0970     94.664 3.0014e+02    35.4027    27.8613  0.000e+00
      1.986   5.665658  1022.7571 1.4530e-01   259.9105     2.6772     6.0986     94.683 2.9929e+02    35.4082    27.8564  0.000e+00
      1.953   5.666034  1022.7621 1.4652e-01   259.9105     2.7688     6.0998     94.699 2.9181e+02    35.4134    27.8530  0.000e+00
      1.928   5.666328  1022.7656 1.4896e-01   259.9105     2.7688     6.1011     94.718 2.8693e+02    35.4173    27.8506  0.000e+00
      1.953   5.666380  1022.7652 1.4896e-01   259.9105     2.7688     6.0982     94.673 2.8532e+02    35.4170    27.8516  0.000e+00
      1.986   5.666291  1022.7625 1.4774e-01   259.9105     2.7688     6.1030     94.751 2.8213e+02    35.4143    27.8542  0.000e+00
      1.953   5.666129  1022.7588 1.4530e-01   259.9105     2.7383     6.1001     94.709 2.7819e+02    35.4109    27.8572  0.000e+00
      1.953   5.665879  1022.7550 1.4042e-01   259.9105     2.7383     6.1010     94.725 2.7741e+02    35.4071    27.8600  0.000e+00
      1.986   5.665562  1022.7482 1.3675e-01   259.9105     2.7383     6.1055     94.801 2.7741e+02    35.4004    27.8659  0.000e+00
      1.895   5.665054  1022.7393 1.3553e-01   259.9752     2.7688     6.1063     94.818 2.7741e+02    35.3919    27.8724  0.000e+00
      1.986   5.664671  1022.7356 1.3553e-01   259.9105     2.7688     6.1075     94.839 2.7741e+02    35.3875    27.8747  0.000e+00
      1.895   5.664745  1022.7355 1.3675e-01   259.9105     2.7688     6.1086     94.856 2.7898e+02    35.3879    27.8748  0.000e+00
      1.986   5.664752  1022.7349 1.3675e-01   259.9105     2.7688     6.1058     94.814 2.8134e+02    35.3871    27.8760  0.000e+00
      1.953   5.664598  1022.7322 1.3797e-01   259.9752     2.7383     6.1066     94.828 2.8213e+02    35.3845    27.8780  0.000e+00
      1.895   5.664553  1022.7314 1.4164e-01   259.9105     2.7688     6.1077     94.845 2.8372e+02    35.3840    27.8783  0.000e+00
      1.986   5.664760  1022.7354 1.4652e-01   259.9105     2.7383     6.1048     94.798 2.8452e+02    35.3876    27.8754  0.000e+00
      1.953   5.664995  1022.7379 1.5018e-01   259.9105     2.7688     6.1055     94.809 2.8532e+02    35.3904    27.8739  0.000e+00
      1.986   5.664988  1022.7378 1.5018e-01   259.9105     2.7688     6.1061     94.818 2.8452e+02    35.3902    27.8741  0.000e+00
      1.895   5.665076  1022.7405 1.4896e-01   259.9105     2.7688     6.1067     94.824 2.8372e+02    35.3930    27.8712  0.000e+00
      1.986   5.665386  1022.7463 1.4774e-01   259.9105     2.7383     6.1075     94.833 2.8293e+02    35.3984    27.8670  0.000e+00
      1.953   5.665651  1022.7490 1.4774e-01   259.9105     2.7383     6.1042     94.780 2.8372e+02    35.4015    27.8653  0.000e+00
      2.019   5.665850  1022.7556 1.4896e-01   259.9105     2.7383     6.1009     94.723 2.8693e+02    35.4073    27.8594  0.000e+00
      1.928   5.666277  1022.7613 1.4408e-01   259.9105     2.7688     6.1011     94.724 2.8855e+02    35.4135    27.8552  0.000e+00
      1.953   5.666682  1022.7669 1.3919e-01   259.9105     2.7383     6.0974     94.662 2.8936e+02    35.4192    27.8514  0.000e+00
      1.986   5.666917  1022.7701 1.3431e-01   259.9105     2.7688     6.0973     94.660 3.0014e+02    35.4224    27.8494  0.000e+00
      2.019   5.666991  1022.7720 1.3187e-01   259.9105     2.7688     6.0932     94.594 3.0438e+02    35.4240    27.8479  0.000e+00
      1.953   5.667006  1022.7724 1.3431e-01   259.9105     2.7383     6.0888     94.525 3.0524e+02    35.4246    27.8472  0.000e+00
      1.986   5.666984  1022.7721 1.3797e-01   259.9105     2.6162     6.0882     94.517 3.1750e+02    35.4243    27.8475  0.000e+00
      1.953   5.666859  1022.7703 1.4164e-01   259.9105     2.4941     6.0835     94.444 3.2563e+02    35.4226    27.8486  0.000e+00
      1.986   5.666645  1022.7672 1.4408e-01   259.9105     2.4941     6.0826     94.432 3.2747e+02    35.4193    27.8510  0.000e+00
      2.018   5.666527  1022.7645 1.4652e-01   259.9105     2.4941     6.0776     94.356 3.3586e+02    35.4165    27.8535  0.000e+00
      1.928   5.666667  1022.7651 1.4774e-01   259.9105     2.4941     6.0764     94.339 3.4254e+02    35.4178    27.8532  0.000e+00
      2.018   5.666763  1022.7675 1.4652e-01   259.9105     2.4941     6.0758     94.328 3.4350e+02    35.4197    27.8516  0.000e+00
      1.952   5.666844  1022.7691 1.4652e-01   259.9105     2.4941     6.0710     94.251 3.4836e+02    35.4215    27.8499  0.000e+00
      1.985   5.666940  1022.7710 1.4774e-01   259.9105     2.4941     6.0701     94.236 3.5330e+02    35.4232    27.8485  0.000e+00
      2.018   5.667028  1022.7726 1.4774e-01   259.9105     2.4941     6.0653     94.160 3.5330e+02    35.4247    27.8474  0.000e+00
      1.985   5.667161  1022.7741 1.4774e-01   259.9105     2.4941     6.0642     94.144 3.5230e+02    35.4264    27.8464  0.000e+00
      1.952   5.667367  1022.7764 1.4408e-01   259.9105     2.4941     6.0591     94.064 3.5033e+02    35.4290    27.8449  0.000e+00
