WS23139_STN04_03CTD.cnv
* Sea-Bird SBE 9 Data File:
* FileName = C:\ctd\Cruise_Data\WS23139_Rosenheim\WS23139_Rosenheim_STN04.hex
* Software Version Seasave V 7.26.7.121
* Temperature SN = 4097 MTG 177
* Conductivity SN = 1851 MTG 053
* Number of Bytes Per Scan = 40
* Number of Voltage Words = 5
* Number of Scans Averaged by the Deck Unit = 1
* NMEA Latitude = 01 43.89 N
* NMEA Longitude = 049 23.02 W
* NMEA UTC (Time) = Jun 08 2023  09:59:18
* NMEA baud rate = 4800
** Ship:
** Station:
** Operator:
# nquan = 12
# nvalues = 7849                                  
# units = specified
# name 0 = depSM: Depth [salt water, m]
# name 1 = c0S/m: Conductivity [S/m]
# name 2 = density00: Density [density, kg/m^3]
# name 3 = flSP: Fluorescence, Seapoint
# name 4 = wetCDOM: Fluorescence, WET Labs CDOM [mg/m^3]
# name 5 = flECO-AFL: Fluorescence, WET Labs ECO-AFL/FL [mg/m^3]
# name 6 = sbeox0Mg/L: Oxygen, SBE 43 [mg/l]
# name 7 = sbeox0PS: Oxygen, SBE 43 [% saturation]
# name 8 = par: PAR/Irradiance, Biospherical/Licor [Watts/m^2]
# name 9 = sal00: Salinity, Practical [PSU]
# name 10 = t090C: Temperature [ITS-90, deg C]
# name 11 = flag:  0.000e+00
# span 0 =      0.687,      6.249                 
# span 1 =   0.063064,   0.074947                 
# span 2 =   996.0925,   996.1455                 
# span 3 = 6.7155e-02, 9.7680e-02                 
# span 4 =    20.6016,    29.4026                 
# span 5 =     1.7310,     2.1583                 
# span 6 =     4.1006,     6.3858                 
# span 7 =     53.678,     83.489                 
# span 8 = 9.8755e-02, 1.3583e+03                 
# span 9 =     0.2816,     0.3357                 
# span 10 =    29.2228,    29.2986                
# span 11 = 0.0000e+00, 0.0000e+00                
# interval = seconds: 0.0416667
# start_time = Jun 08 2023 09:59:18 [NMEA time, header]
# bad_flag = -9.990e-29
*END*
[from data line 1444]
      1.395   0.063477   996.0956 9.5238e-02    27.9142     1.7920     5.9185     77.393 4.0891e+02     0.2835    29.2385  0.000e+00
      1.452   0.063480   996.0958 9.4017e-02    28.2377     1.7920     5.9108     77.292 4.1007e+02     0.2835    29.2387  0.000e+00
      1.419   0.063471   996.0956 9.4017e-02    28.3672     1.7920     5.8982     77.127 4.1122e+02     0.2835    29.2388  0.000e+00
      1.452   0.063474   996.0958 9.4017e-02    28.3672     1.7920     5.8901     77.022 4.1007e+02     0.2835    29.2389  0.000e+00
      1.485   0.063477   996.0961 9.5238e-02    28.3672     1.7920     5.8773     76.853 4.1122e+02     0.2835    29.2384  0.000e+00
      1.452   0.063471   996.0961 9.5238e-02    28.3672     1.7920     5.8644     76.684 4.1238e+02     0.2835    29.2378  0.000e+00
      1.543   0.063477   996.0966 9.5238e-02    28.3672     1.7920     5.8516     76.516 4.1238e+02     0.2835    29.2375  0.000e+00
      1.452   0.063489   996.0964 9.5238e-02    28.3672     1.7920     5.8433     76.407 4.1470e+02     0.2835    29.2369  0.000e+00
      1.510   0.063477   996.0970 9.5238e-02    28.3672     1.7920     5.8307     76.240 4.1354e+02     0.2835    29.2358  0.000e+00
      1.543   0.063489   996.0974 9.5238e-02    28.3672     1.7920     5.8227     76.135 4.1470e+02     0.2836    29.2350  0.000e+00
      1.510   0.063483   996.0975 9.5238e-02    28.3672     1.7920     5.8103     75.971 4.1587e+02     0.2835    29.2343  0.000e+00
      1.543   0.063483   996.0978 9.5238e-02    28.3672     1.7920     5.7933     75.748 4.1587e+02     0.2835    29.2336  0.000e+00
      1.576   0.063474   996.0980 9.5238e-02    28.3672     1.7920     5.7810     75.588 4.1704e+02     0.2835    29.2332  0.000e+00
      1.634   0.063480   996.0984 9.5238e-02    28.3672     1.7920     5.7690     75.430 4.1704e+02     0.2835    29.2329  0.000e+00
      1.543   0.063486   996.0982 9.5238e-02    28.3672     1.7920     5.7521     75.209 4.1470e+02     0.2836    29.2324  0.000e+00
      1.576   0.063480   996.0983 9.4017e-02    28.3672     1.7920     5.7448     75.112 4.1587e+02     0.2835    29.2324  0.000e+00
      1.600   0.063477   996.0984 9.5238e-02    28.3672     1.7920     5.7332     74.961 4.1470e+02     0.2835    29.2324  0.000e+00
      1.633   0.063477   996.0986 9.5238e-02    28.3672     1.7920     5.7172     74.752 4.1354e+02     0.2835    29.2323  0.000e+00
      1.600   0.063471   996.0984 9.5238e-02    28.3672     1.7920     5.7058     74.603 4.1238e+02     0.2835    29.2323  0.000e+00
      1.633   0.063477   996.0985 9.5238e-02    28.3672     1.7920     5.6901     74.397 4.1354e+02     0.2835    29.2324  0.000e+00
      1.633   0.063471   996.0985 9.5238e-02    28.3672     1.7920     5.6744     74.192 4.1007e+02     0.2835    29.2324  0.000e+00
      1.600   0.063480   996.0985 9.4017e-02    28.3672     1.7920     5.6589     73.989 4.0777e+02     0.2835    29.2321  0.000e+00
      1.691   0.063486   996.0989 9.5238e-02    28.3672     1.7920     5.6480     73.847 4.0777e+02     0.2836    29.2323  0.000e+00
      1.600   0.063480   996.0984 9.5238e-02    28.3672     1.7920     5.6375     73.709 4.0207e+02     0.2835    29.2324  0.000e+00
      1.691   0.063483   996.0988 9.5238e-02    28.3672     1.8225     5.6180     73.456 3.9982e+02     0.2835    29.2324  0.000e+00
      1.666   0.063474   996.0985 9.5238e-02    28.3025     1.8225     5.6078     73.323 3.9870e+02     0.2835    29.2330  0.000e+00
      1.633   0.063480   996.0983 9.5238e-02    27.9142     1.8225     5.5931     73.131 3.9535e+02     0.2835    29.2332  0.000e+00
      1.633   0.063474   996.0983 9.5238e-02    27.7200     1.8225     5.5784     72.939 3.9313e+02     0.2835    29.2333  0.000e+00
      1.666   0.063480   996.0983 9.5238e-02    27.7200     1.8225     5.5642     72.754 3.9313e+02     0.2835    29.2337  0.000e+00
      1.691   0.063474   996.0983 9.5238e-02    27.7200     1.8225     5.5548     72.630 3.8983e+02     0.2835    29.2339  0.000e+00
      1.666   0.063462   996.0981 9.6459e-02    27.7200     1.8225     5.5409     72.449 3.8873e+02     0.2834    29.2343  0.000e+00
      1.633   0.063480   996.0979 9.6459e-02    27.7200     1.8225     5.5316     72.328 3.8764e+02     0.2835    29.2346  0.000e+00
      1.666   0.063474   996.0981 9.6459e-02    27.7847     1.8225     5.5180     72.150 3.8655e+02     0.2835    29.2345  0.000e+00
      1.633   0.063477   996.0979 9.5238e-02    27.7200     1.8225     5.5045     71.974 3.8547e+02     0.2835    29.2347  0.000e+00
      1.633   0.063480   996.0979 9.6459e-02    27.7200     1.8225     5.4910     71.797 3.8655e+02     0.2835    29.2346  0.000e+00
      1.666   0.063480   996.0981 9.5238e-02    27.7200     1.8225     5.4824     71.684 3.8655e+02     0.2835    29.2345  0.000e+00
      1.633   0.063480   996.0980 9.5238e-02    27.7847     1.8225     5.4692     71.512 3.8764e+02     0.2835    29.2343  0.000e+00
      1.600   0.063489   996.0979 9.5238e-02    27.7200     1.8225     5.4610     71.405 3.8873e+02     0.2836    29.2341  0.000e+00
      1.691   0.063486   996.0984 9.4017e-02    28.0436     1.8225     5.4576     71.359 3.8983e+02     0.2835    29.2338  0.000e+00
      1.666   0.063486   996.0983 9.4017e-02    28.2377     1.8225     5.4500     71.261 3.9313e+02     0.2835    29.2337  0.000e+00
      1.633   0.063480   996.0983 9.4017e-02    28.3025     1.8225     5.4430     71.168 3.9535e+02     0.2835    29.2334  0.000e+00
      1.633   0.063489   996.0983 9.4017e-02    28.2377     1.8225     5.4409     71.140 3.9646e+02     0.2836    29.2333  0.000e+00
      1.666   0.063483   996.0985 9.4017e-02    28.2377     1.8225     5.4344     71.055 3.9982e+02     0.2835    29.2332  0.000e+00
      1.633   0.063471   996.0983 9.5238e-02    28.2377     1.8225     5.4327     71.034 4.0094e+02     0.2835    29.2332  0.000e+00
      1.666   0.063480   996.0985 9.5238e-02    28.2377     1.8225     5.4270     70.958 4.0207e+02     0.2835    29.2330  0.000e+00
      1.633   0.063486   996.0984 9.5238e-02    28.2377     1.8225     5.4308     71.008 4.0662e+02     0.2835    29.2331  0.000e+00
      1.666   0.063480   996.0983 9.6459e-02    28.2377     1.8225     5.4210     70.881 4.0777e+02     0.2835    29.2337  0.000e+00
      1.633   0.063480   996.0981 9.5238e-02    28.2377     1.8225     5.4209     70.880 4.0891e+02     0.2835    29.2339  0.000e+00
      1.691   0.063480   996.0983 9.5238e-02    28.2377     1.8225     5.4211     70.882 4.1122e+02     0.2835    29.2342  0.000e+00
      1.600   0.063483   996.0978 9.4017e-02    28.2377     1.7920     5.4261     70.949 4.1470e+02     0.2835    29.2345  0.000e+00
      1.691   0.063480   996.0981 9.4017e-02    28.2377     1.7920     5.4226     70.903 4.1354e+02     0.2835    29.2347  0.000e+00
      1.666   0.063483   996.0979 9.5238e-02    28.1730     1.7920     5.4284     70.979 4.1470e+02     0.2835    29.2350  0.000e+00
      1.633   0.063480   996.0976 9.5238e-02    28.1730     1.7920     5.4302     71.003 4.1587e+02     0.2835    29.2355  0.000e+00
      1.666   0.063465   996.0978 9.4017e-02    28.1730     1.7920     5.4370     71.092 4.1470e+02     0.2834    29.2354  0.000e+00
      1.757   0.063462   996.0982 9.4017e-02    28.1730     1.7920     5.4443     71.187 4.1587e+02     0.2834    29.2354  0.000e+00
      1.633   0.063468   996.0976 9.4017e-02    28.1730     1.7920     5.4518     71.286 4.1470e+02     0.2835    29.2355  0.000e+00
      1.724   0.063471   996.0981 9.4017e-02    28.1730     1.7920     5.4602     71.395 4.1470e+02     0.2835    29.2352  0.000e+00
      1.757   0.063477   996.0983 9.5238e-02    28.1730     1.7920     5.4641     71.447 4.1238e+02     0.2835    29.2352  0.000e+00
      1.724   0.063483   996.0982 9.5238e-02    28.1730     1.7920     5.4732     71.564 4.1122e+02     0.2835    29.2350  0.000e+00
      1.757   0.063486   996.0983 9.4017e-02    28.1730     1.7920     5.4873     71.749 4.1238e+02     0.2835    29.2351  0.000e+00
      1.790   0.063486   996.0985 9.2796e-02    28.1730     1.7920     5.4923     71.815 4.0891e+02     0.2835    29.2350  0.000e+00
      1.757   0.063474   996.0983 9.2796e-02    28.1730     1.7920     5.5022     71.944 4.0548e+02     0.2835    29.2352  0.000e+00
      1.757   0.063477   996.0983 9.4017e-02    28.1730     1.7920     5.5123     72.077 4.0434e+02     0.2835    29.2351  0.000e+00
      1.724   0.063480   996.0981 9.4017e-02    28.1083     1.7920     5.5225     72.210 4.0207e+02     0.2835    29.2354  0.000e+00
      1.814   0.063480   996.0985 9.4017e-02    28.0436     1.7920     5.5379     72.412 3.9758e+02     0.2835    29.2354  0.000e+00
      1.724   0.063465   996.0980 9.4017e-02    28.0436     1.7920     5.5443     72.496 3.9646e+02     0.2834    29.2356  0.000e+00
      1.814   0.063474   996.0984 9.4017e-02    28.0436     1.7920     5.5554     72.640 3.9313e+02     0.2835    29.2355  0.000e+00
      1.789   0.063465   996.0982 9.4017e-02    28.0436     1.7920     5.5618     72.725 3.8331e+02     0.2834    29.2358  0.000e+00
      1.880   0.063468   996.0987 9.4017e-02    28.0436     1.7920     5.5728     72.868 3.8009e+02     0.2835    29.2354  0.000e+00
      1.814   0.063471   996.0984 9.4017e-02    28.0436     1.7920     5.5836     73.010 3.6851e+02     0.2835    29.2357  0.000e+00
      1.847   0.063477   996.0986 9.4017e-02    28.0436     1.7920     5.5898     73.090 3.1660e+02     0.2835    29.2356  0.000e+00
      1.814   0.063471   996.0984 9.4017e-02    28.0436     1.7920     5.6004     73.229 2.9761e+02     0.2835    29.2356  0.000e+00
      1.905   0.063480   996.0989 9.4017e-02    28.0436     1.7920     5.6066     73.310 2.3700e+02     0.2835    29.2354  0.000e+00
      1.880   0.063474   996.0988 9.4017e-02    28.0436     1.7920     5.6122     73.383 3.5419e+01     0.2835    29.2351  0.000e+00
      1.905   0.063477   996.0989 9.4017e-02    28.0436     1.7920     5.6223     73.515 1.3726e+01     0.2835    29.2352  0.000e+00
      1.938   0.063489   996.0992 9.4017e-02    28.2377     1.7920     5.6276     73.583 1.1924e+01     0.2836    29.2350  0.000e+00
      1.880   0.063483   996.0990 9.4017e-02    28.4319     1.8225     5.6324     73.646 3.0499e+00     0.2835    29.2348  0.000e+00
      1.971   0.063480   996.0993 9.4017e-02    28.4966     1.8225     5.6462     73.827 1.3471e+00     0.2835    29.2349  0.000e+00
      1.995   0.063483   996.0994 9.4017e-02    28.4966     1.8225     5.6508     73.887 1.1690e+00     0.2835    29.2350  0.000e+00
      1.971   0.063483   996.0993 9.2796e-02    28.4966     1.8225     5.6549     73.941 2.8889e-01     0.2835    29.2350  0.000e+00
      1.995   0.063492   996.0994 9.4017e-02    28.4966     1.8225     5.6635     74.053 1.0710e-01     0.2836    29.2351  0.000e+00
      2.028   0.063486   996.0996 9.4017e-02    28.4966     1.8225     5.6718     74.161 9.8755e-02     0.2835    29.2350  0.000e+00
      2.061   0.063480   996.0997 9.4017e-02    28.4966     1.8225     5.6797     74.265 9.8755e-02     0.2835    29.2350  0.000e+00
      2.028   0.063480   996.0996 9.2796e-02    28.4966     1.8225     5.6873     74.365 9.8755e-02     0.2835    29.2348  0.000e+00
      2.061   0.063465   996.0999 9.2796e-02    28.4966     1.8225     5.6949     74.462 9.8755e-02     0.2834    29.2343  0.000e+00
      2.119   0.063486   996.1002 9.4017e-02    28.4966     1.8225     5.6973     74.494 9.9065e-02     0.2835    29.2341  0.000e+00
      2.152   0.063468   996.1004 9.5238e-02    28.6260     1.8225     5.7040     74.581 9.9065e-02     0.2835    29.2339  0.000e+00
      2.119   0.063486   996.1003 9.5238e-02    28.4966     1.8225     5.7060     74.607 9.9065e-02     0.2835    29.2338  0.000e+00
      2.152   0.063497   996.1007 9.5238e-02    28.2377     1.8225     5.7123     74.690 9.9065e-02     0.2836    29.2334  0.000e+00
      2.185   0.063489   996.1008 9.5238e-02    28.1730     1.8225     5.7184     74.769 9.9065e-02     0.2836    29.2332  0.000e+00
      2.152   0.063474   996.1006 9.4017e-02    28.1730     1.8225     5.7198     74.787 9.9065e-02     0.2835    29.2333  0.000e+00
      2.185   0.063477   996.1007 9.4017e-02    28.3025     1.8225     5.7207     74.799 9.9065e-02     0.2835    29.2334  0.000e+00
      2.185   0.063480   996.1007 9.4017e-02    28.1083     1.8225     5.7213     74.808 9.9065e-02     0.2835    29.2336  0.000e+00
      2.276   0.063474   996.1010 9.5238e-02    28.1083     1.8225     5.7216     74.811 9.9065e-02     0.2835    29.2339  0.000e+00
      2.185   0.063489   996.1007 9.5238e-02    28.1083     1.8225     5.7217     74.813 9.9065e-02     0.2836    29.2337  0.000e+00
      2.276   0.063468   996.1008 9.6459e-02    28.1083     1.8225     5.7165     74.746 9.9065e-02     0.2835    29.2343  0.000e+00
      2.243   0.063480   996.1007 9.5238e-02    28.1083     1.8225     5.7202     74.794 9.9065e-02     0.2835    29.2345  0.000e+00
      2.210   0.063480   996.1005 9.5238e-02    28.1083     1.8225     5.7098     74.658 9.9065e-02     0.2835    29.2346  0.000e+00
      2.242   0.063489   996.1006 9.5238e-02    28.1083     1.8225     5.7084     74.640 9.9065e-02     0.2836    29.2347  0.000e+00
      2.275   0.063497   996.1009 9.5238e-02    28.1083     1.8225     5.7018     74.554 9.9065e-02     0.2836    29.2345  0.000e+00
      2.300   0.063500   996.1009 9.5238e-02    27.9142     1.8225     5.6950     74.465 9.9065e-02     0.2836    29.2347  0.000e+00
      2.242   0.063500   996.1007 9.6459e-02    27.7847     1.8225     5.6878     74.370 9.9065e-02     0.2836    29.2348  0.000e+00
      2.275   0.063495   996.1008 9.6459e-02    27.7200     1.7920     5.6804     74.273 9.9065e-02     0.2836    29.2347  0.000e+00
      2.242   0.063497   996.1006 9.5238e-02    27.7200     1.7920     5.6774     74.235 9.9065e-02     0.2836    29.2349  0.000e+00
      2.275   0.063500   996.1008 9.5238e-02    27.7847     1.7920     5.6699     74.137 9.9065e-02     0.2836    29.2348  0.000e+00
      2.242   0.063492   996.1007 9.5238e-02    27.7200     1.7920     5.6575     73.975 9.9065e-02     0.2836    29.2345  0.000e+00
      2.275   0.063497   996.1008 9.5238e-02    27.7200     1.7920     5.6493     73.867 9.9065e-02     0.2836    29.2347  0.000e+00
      2.242   0.063495   996.1007 9.5238e-02    27.7200     1.7920     5.6409     73.758 9.9065e-02     0.2836    29.2347  0.000e+00
      2.242   0.063497   996.1007 9.5238e-02    27.7200     1.7920     5.6280     73.589 9.9065e-02     0.2836    29.2344  0.000e+00
      2.275   0.063506   996.1010 9.5238e-02    27.7200     1.7920     5.6194     73.475 9.9065e-02     0.2836    29.2341  0.000e+00
      2.185   0.063509   996.1007 9.5238e-02    27.7200     1.7920     5.6106     73.360 9.9065e-02     0.2836    29.2339  0.000e+00
      2.275   0.063500   996.1011 9.5238e-02    27.7200     1.7920     5.6066     73.307 9.9065e-02     0.2836    29.2337  0.000e+00
      2.242   0.063500   996.1010 9.5238e-02    27.7200     1.7920     5.5933     73.133 9.9065e-02     0.2836    29.2336  0.000e+00
      2.209   0.063509   996.1010 9.5238e-02    27.7847     1.7920     5.5847     73.021 9.9065e-02     0.2837    29.2332  0.000e+00
      2.242   0.063515   996.1012 9.4017e-02    27.7847     1.7920     5.5760     72.907 9.9065e-02     0.2837    29.2332  0.000e+00
      2.209   0.063515   996.1012 9.4017e-02    27.7847     1.7920     5.5673     72.792 9.9065e-02     0.2837    29.2327  0.000e+00
      2.242   0.063509   996.1013 9.4017e-02    27.7847     1.7920     5.5631     72.738 9.9065e-02     0.2837    29.2326  0.000e+00
      2.242   0.063518   996.1014 9.4017e-02    27.7847     1.7920     5.5545     72.625 9.9065e-02     0.2837    29.2324  0.000e+00
      2.209   0.063527   996.1013 9.4017e-02    27.7847     1.7920     5.5554     72.636 9.9065e-02     0.2837    29.2324  0.000e+00
