WS23139_STN04_03CTD.cnv
* Sea-Bird SBE 9 Data File:
* FileName = C:\ctd\Cruise_Data\WS23139_Rosenheim\WS23139_Rosenheim_STN04.hex
* Software Version Seasave V 7.26.7.121
* Temperature SN = 4097 MTG 177
* Conductivity SN = 1851 MTG 053
* Number of Bytes Per Scan = 40
* Number of Voltage Words = 5
* Number of Scans Averaged by the Deck Unit = 1
* NMEA Latitude = 01 43.89 N
* NMEA Longitude = 049 23.02 W
* NMEA UTC (Time) = Jun 08 2023  09:59:18
* NMEA baud rate = 4800
** Ship:
** Station:
** Operator:
# nquan = 12
# nvalues = 7849                                  
# units = specified
# name 0 = depSM: Depth [salt water, m]
# name 1 = c0S/m: Conductivity [S/m]
# name 2 = density00: Density [density, kg/m^3]
# name 3 = flSP: Fluorescence, Seapoint
# name 4 = wetCDOM: Fluorescence, WET Labs CDOM [mg/m^3]
# name 5 = flECO-AFL: Fluorescence, WET Labs ECO-AFL/FL [mg/m^3]
# name 6 = sbeox0Mg/L: Oxygen, SBE 43 [mg/l]
# name 7 = sbeox0PS: Oxygen, SBE 43 [% saturation]
# name 8 = par: PAR/Irradiance, Biospherical/Licor [Watts/m^2]
# name 9 = sal00: Salinity, Practical [PSU]
# name 10 = t090C: Temperature [ITS-90, deg C]
# name 11 = flag:  0.000e+00
# span 0 =      0.687,      6.249                 
# span 1 =   0.063064,   0.074947                 
# span 2 =   996.0925,   996.1455                 
# span 3 = 6.7155e-02, 9.7680e-02                 
# span 4 =    20.6016,    29.4026                 
# span 5 =     1.7310,     2.1583                 
# span 6 =     4.1006,     6.3858                 
# span 7 =     53.678,     83.489                 
# span 8 = 9.8755e-02, 1.3583e+03                 
# span 9 =     0.2816,     0.3357                 
# span 10 =    29.2228,    29.2986                
# span 11 = 0.0000e+00, 0.0000e+00                
# interval = seconds: 0.0416667
# start_time = Jun 08 2023 09:59:18 [NMEA time, header]
# bad_flag = -9.990e-29
*END*
[from data line 4331]
      5.150   0.074611   996.1376 7.0818e-02    23.8373     2.0667     4.9454     64.734 9.9065e-02     0.3342    29.2822  0.000e+00
      5.174   0.074620   996.1377 7.0818e-02    23.9020     2.0667     4.9466     64.751 9.9065e-02     0.3342    29.2825  0.000e+00
      5.150   0.074617   996.1376 7.0818e-02    23.8373     2.0667     4.9477     64.766 9.9065e-02     0.3342    29.2824  0.000e+00
      5.240   0.074611   996.1379 7.0818e-02    23.9020     2.0667     4.9441     64.718 9.9065e-02     0.3341    29.2827  0.000e+00
      5.150   0.074620   996.1375 7.2039e-02    23.9020     2.0667     4.9447     64.726 9.9065e-02     0.3342    29.2826  0.000e+00
      5.174   0.074608   996.1372 7.0818e-02    24.0961     2.0667     4.9450     64.731 9.9065e-02     0.3341    29.2838  0.000e+00
      5.150   0.074588   996.1367 7.0818e-02    24.1608     2.0667     4.9404     64.673 9.9065e-02     0.3340    29.2850  0.000e+00
      5.174   0.074594   996.1365 7.0818e-02    24.1608     2.0667     4.9402     64.672 9.9065e-02     0.3340    29.2862  0.000e+00
      5.150   0.074588   996.1360 7.0818e-02    24.1608     2.0667     4.9397     64.666 9.9065e-02     0.3340    29.2874  0.000e+00
      5.174   0.074582   996.1356 7.2039e-02    24.1608     2.0667     4.9346     64.601 9.9065e-02     0.3340    29.2888  0.000e+00
      5.150   0.074576   996.1352 7.2039e-02    24.1608     2.0667     4.9289     64.528 9.9065e-02     0.3339    29.2896  0.000e+00
      5.174   0.074576   996.1351 7.2039e-02    24.1608     2.0667     4.9277     64.513 9.9065e-02     0.3339    29.2903  0.000e+00
      5.150   0.074579   996.1348 7.2039e-02    24.1608     2.0667     4.9217     64.434 9.9065e-02     0.3339    29.2912  0.000e+00
      5.174   0.074579   996.1348 7.2039e-02    24.1608     2.0667     4.9152     64.349 9.9065e-02     0.3339    29.2914  0.000e+00
      5.207   0.074564   996.1348 7.2039e-02    24.0961     2.0667     4.9083     64.261 9.9065e-02     0.3339    29.2919  0.000e+00
      5.174   0.074567   996.1345 7.2039e-02    24.1608     2.0667     4.9014     64.170 9.9065e-02     0.3339    29.2924  0.000e+00
      5.207   0.074579   996.1346 7.3260e-02    24.0961     2.0667     4.8940     64.074 9.9065e-02     0.3339    29.2927  0.000e+00
      5.174   0.074591   996.1343 7.2039e-02    23.9667     2.1278     4.8912     64.038 9.9065e-02     0.3340    29.2933  0.000e+00
      5.207   0.074585   996.1343 7.2039e-02    23.8373     2.1278     4.8835     63.937 9.9065e-02     0.3340    29.2936  0.000e+00
      5.174   0.074606   996.1342 7.2039e-02    23.8373     2.1278     4.8710     63.774 9.9065e-02     0.3340    29.2937  0.000e+00
      5.150   0.074611   996.1341 7.0818e-02    23.8373     2.1278     4.8625     63.663 9.9065e-02     0.3341    29.2938  0.000e+00
      5.174   0.074620   996.1342 7.2039e-02    23.8373     2.1278     4.8541     63.552 9.9065e-02     0.3341    29.2938  0.000e+00
      5.207   0.074623   996.1343 7.2039e-02    23.8373     2.1278     4.8454     63.439 9.9065e-02     0.3341    29.2940  0.000e+00
      5.240   0.074635   996.1344 7.3260e-02    23.8373     2.1278     4.8367     63.325 9.9065e-02     0.3342    29.2943  0.000e+00
      5.149   0.074632   996.1340 7.3260e-02    23.8373     2.1278     4.8278     63.209 9.9065e-02     0.3342    29.2944  0.000e+00
      5.240   0.074626   996.1344 7.3260e-02    23.8373     2.1278     4.8143     63.032 9.9065e-02     0.3341    29.2943  0.000e+00
      5.207   0.074626   996.1342 7.3260e-02    23.8373     2.1278     4.8053     62.914 9.9065e-02     0.3341    29.2944  0.000e+00
      5.174   0.074632   996.1340 7.3260e-02    23.8373     2.1278     4.7916     62.736 9.9065e-02     0.3342    29.2946  0.000e+00
      5.207   0.074635   996.1343 7.3260e-02    23.9020     2.1278     4.7824     62.615 9.9065e-02     0.3342    29.2943  0.000e+00
      5.240   0.074638   996.1345 7.3260e-02    23.9020     2.1278     4.7733     62.496 9.9065e-02     0.3342    29.2942  0.000e+00
      5.207   0.074659   996.1345 7.3260e-02    23.9667     2.1278     4.7596     62.316 9.9065e-02     0.3343    29.2940  0.000e+00
      5.174   0.074659   996.1345 7.3260e-02    24.0314     2.1278     4.7506     62.197 9.9065e-02     0.3343    29.2933  0.000e+00
      5.207   0.074656   996.1350 7.3260e-02    24.0314     2.1278     4.7372     62.020 9.9065e-02     0.3343    29.2921  0.000e+00
      5.174   0.074662   996.1352 7.4481e-02    24.0314     2.1278     4.7286     61.907 9.9065e-02     0.3343    29.2911  0.000e+00
      5.207   0.074664   996.1357 7.4481e-02    24.0314     2.1278     4.7201     61.794 9.9065e-02     0.3343    29.2899  0.000e+00
      5.174   0.074676   996.1358 7.4481e-02    24.0314     2.1278     4.7117     61.683 9.9065e-02     0.3344    29.2891  0.000e+00
      5.207   0.074688   996.1363 7.3260e-02    24.0314     2.1278     4.7034     61.574 9.9065e-02     0.3345    29.2883  0.000e+00
      5.174   0.074703   996.1364 7.3260e-02    24.0314     2.1278     4.6954     61.468 9.9065e-02     0.3345    29.2877  0.000e+00
      5.149   0.074706   996.1365 7.2039e-02    24.0314     2.1278     4.6827     61.301 9.9065e-02     0.3346    29.2868  0.000e+00
      5.174   0.074717   996.1368 7.2039e-02    24.0314     2.1278     4.6701     61.136 9.9065e-02     0.3346    29.2864  0.000e+00
      5.149   0.074715   996.1369 7.2039e-02    24.0314     2.1278     4.6621     61.030 9.9065e-02     0.3346    29.2857  0.000e+00
      5.174   0.074729   996.1372 7.2039e-02    24.0314     2.1278     4.6591     60.991 9.9065e-02     0.3347    29.2851  0.000e+00
      5.149   0.074735   996.1372 7.2039e-02    24.4844     2.1278     4.6471     60.833 9.9065e-02     0.3347    29.2850  0.000e+00
      5.174   0.074747   996.1375 7.2039e-02    24.7432     2.0973     4.6397     60.736 9.9065e-02     0.3348    29.2843  0.000e+00
      5.149   0.074759   996.1375 7.2039e-02    24.7432     2.0973     4.6324     60.640 9.9065e-02     0.3348    29.2842  0.000e+00
      5.116   0.074762   996.1374 7.2039e-02    24.7432     2.0973     4.6302     60.611 9.9065e-02     0.3348    29.2839  0.000e+00
      5.149   0.074762   996.1376 7.2039e-02    24.7432     2.0973     4.6237     60.526 9.9065e-02     0.3348    29.2839  0.000e+00
      5.050   0.074770   996.1372 7.2039e-02    24.7432     2.0973     4.6176     60.446 9.9065e-02     0.3349    29.2838  0.000e+00
      5.149   0.074776   996.1377 7.0818e-02    24.7432     2.0973     4.6162     60.428 9.9065e-02     0.3349    29.2837  0.000e+00
      5.116   0.074776   996.1376 7.0818e-02    24.7432     2.0973     4.6152     60.414 9.9065e-02     0.3349    29.2836  0.000e+00
      5.026   0.074776   996.1372 7.2039e-02    24.7432     2.0973     4.6098     60.344 9.9065e-02     0.3349    29.2837  0.000e+00
      5.116   0.074770   996.1376 7.2039e-02    24.7432     2.0973     4.6094     60.339 9.9065e-02     0.3349    29.2834  0.000e+00
      5.083   0.074776   996.1375 7.2039e-02    24.8079     2.0973     4.6092     60.335 9.9065e-02     0.3349    29.2833  0.000e+00
      5.050   0.074779   996.1374 7.2039e-02    24.7432     2.0973     4.6094     60.337 9.9065e-02     0.3349    29.2833  0.000e+00
      5.083   0.074773   996.1376 7.3260e-02    24.7432     2.0973     4.6100     60.345 9.9065e-02     0.3349    29.2832  0.000e+00
      4.993   0.074768   996.1371 7.3260e-02    24.8079     2.0973     4.6107     60.355 9.9065e-02     0.3349    29.2831  0.000e+00
      5.083   0.074765   996.1376 7.3260e-02    24.8079     2.0973     4.6166     60.432 9.9065e-02     0.3348    29.2830  0.000e+00
      4.993   0.074776   996.1372 7.2039e-02    24.8079     2.0973     4.6136     60.393 9.9065e-02     0.3349    29.2830  0.000e+00
      5.026   0.074770   996.1373 7.3260e-02    24.7432     2.0973     4.6200     60.477 9.9065e-02     0.3349    29.2830  0.000e+00
      4.993   0.074782   996.1372 7.3260e-02    24.8079     2.0973     4.6221     60.504 9.9065e-02     0.3349    29.2830  0.000e+00
      5.026   0.074770   996.1374 7.2039e-02    24.8079     2.0973     4.6293     60.598 9.9065e-02     0.3349    29.2828  0.000e+00
      4.993   0.074782   996.1373 7.2039e-02    24.8079     2.0973     4.6368     60.696 9.9065e-02     0.3349    29.2828  0.000e+00
      4.968   0.074779   996.1372 7.3260e-02    24.8079     2.0973     4.6399     60.737 9.9065e-02     0.3349    29.2827  0.000e+00
      4.935   0.074773   996.1371 7.3260e-02    24.8079     2.0973     4.6478     60.840 9.9065e-02     0.3349    29.2826  0.000e+00
      5.025   0.074765   996.1375 7.3260e-02    24.6785     2.0973     4.6515     60.888 9.9065e-02     0.3349    29.2825  0.000e+00
      4.935   0.074756   996.1370 7.2039e-02    24.8079     2.0973     4.6597     60.996 9.9065e-02     0.3348    29.2826  0.000e+00
      4.902   0.074765   996.1369 7.2039e-02    24.8079     2.0973     4.6639     61.050 9.9065e-02     0.3349    29.2825  0.000e+00
      4.935   0.074776   996.1371 7.3260e-02    25.0021     2.0973     4.6728     61.167 9.9065e-02     0.3349    29.2824  0.000e+00
      4.968   0.074765   996.1373 7.2039e-02    25.0668     2.0973     4.6771     61.223 9.9065e-02     0.3349    29.2821  0.000e+00
      4.935   0.074762   996.1371 7.2039e-02    25.0668     2.0973     4.6860     61.340 9.9065e-02     0.3348    29.2824  0.000e+00
      4.902   0.074770   996.1371 7.2039e-02    25.0668     2.0973     4.6905     61.399 9.9065e-02     0.3349    29.2821  0.000e+00
      4.935   0.074773   996.1372 7.2039e-02    25.0668     2.0973     4.6950     61.458 9.9065e-02     0.3349    29.2822  0.000e+00
      4.844   0.074776   996.1368 7.2039e-02    25.0668     2.0973     4.6995     61.516 9.9065e-02     0.3349    29.2821  0.000e+00
      4.869   0.074779   996.1370 7.2039e-02    25.0668     2.0973     4.7087     61.636 9.9065e-02     0.3349    29.2820  0.000e+00
      4.902   0.074779   996.1371 7.2039e-02    25.1315     2.0973     4.7178     61.756 9.9065e-02     0.3349    29.2821  0.000e+00
      4.869   0.074788   996.1370 7.2039e-02    25.1315     2.0973     4.7177     61.754 9.9065e-02     0.3350    29.2820  0.000e+00
      4.844   0.074791   996.1369 7.2039e-02    25.0668     2.0973     4.7217     61.807 9.9065e-02     0.3350    29.2821  0.000e+00
      4.811   0.074785   996.1367 7.2039e-02    25.0668     2.0973     4.7257     61.859 9.9065e-02     0.3349    29.2822  0.000e+00
      4.844   0.074770   996.1367 7.2039e-02    25.0021     2.0973     4.7296     61.911 9.9065e-02     0.3349    29.2823  0.000e+00
      4.811   0.074782   996.1367 7.2039e-02    25.1962     2.0973     4.7285     61.896 9.9065e-02     0.3349    29.2820  0.000e+00
      4.844   0.074788   996.1367 7.2039e-02    25.3257     2.0973     4.7317     61.939 9.9065e-02     0.3350    29.2825  0.000e+00
      4.811   0.074782   996.1366 7.0818e-02    25.3904     2.0973     4.7393     62.038 9.9065e-02     0.3349    29.2824  0.000e+00
      4.720   0.074765   996.1362 7.2039e-02    25.3904     2.0973     4.7329     61.954 9.9065e-02     0.3349    29.2823  0.000e+00
      4.811   0.074773   996.1366 7.2039e-02    25.3904     2.0973     4.7400     62.047 9.9065e-02     0.3349    29.2824  0.000e+00
      4.778   0.074776   996.1364 7.2039e-02    25.3257     2.0973     4.7378     62.018 9.9065e-02     0.3349    29.2825  0.000e+00
      4.753   0.074785   996.1364 7.0818e-02    25.2609     2.0973     4.7399     62.046 9.9065e-02     0.3349    29.2824  0.000e+00
      4.778   0.074768   996.1363 7.0818e-02    25.3904     2.0973     4.7372     62.010 9.9065e-02     0.3349    29.2826  0.000e+00
      4.778   0.074773   996.1364 7.0818e-02    25.3904     2.0973     4.7432     62.089 9.9065e-02     0.3349    29.2825  0.000e+00
      4.687   0.074779   996.1360 7.0818e-02    25.3904     2.0973     4.7443     62.103 9.9065e-02     0.3349    29.2826  0.000e+00
      4.720   0.074782   996.1361 7.0818e-02    25.3904     2.0973     4.7358     61.993 9.9065e-02     0.3349    29.2827  0.000e+00
      4.687   0.074791   996.1360 7.0818e-02    25.3904     2.0973     4.7364     61.999 9.9065e-02     0.3350    29.2826  0.000e+00
      4.720   0.074785   996.1361 7.0818e-02    25.3257     2.0973     4.7365     62.001 9.9065e-02     0.3349    29.2827  0.000e+00
      4.687   0.074809   996.1361 7.0818e-02    25.3904     2.0973     4.7363     61.999 9.9065e-02     0.3351    29.2826  0.000e+00
      4.720   0.074797   996.1362 7.2039e-02    25.3904     2.0973     4.7360     61.995 9.9065e-02     0.3350    29.2827  0.000e+00
      4.687   0.074803   996.1360 7.0818e-02    25.3904     2.0973     4.7356     61.990 9.9065e-02     0.3350    29.2828  0.000e+00
      4.662   0.074794   996.1359 7.2039e-02    25.3257     2.0973     4.7303     61.921 9.9065e-02     0.3350    29.2827  0.000e+00
      4.629   0.074803   996.1358 7.2039e-02    25.4551     2.1278     4.7293     61.907 9.9065e-02     0.3350    29.2828  0.000e+00
      4.662   0.074809   996.1360 7.2039e-02    25.3257     2.1278     4.7236     61.832 9.9065e-02     0.3351    29.2827  0.000e+00
      4.629   0.074803   996.1358 7.2039e-02    25.3257     2.1278     4.7176     61.753 9.9065e-02     0.3350    29.2828  0.000e+00
      4.662   0.074803   996.1359 7.2039e-02    25.3904     2.1278     4.7158     61.731 9.9065e-02     0.3350    29.2828  0.000e+00
      4.629   0.074815   996.1358 7.2039e-02    25.3257     2.1278     4.7141     61.708 9.9065e-02     0.3351    29.2828  0.000e+00
      4.596   0.074818   996.1356 7.2039e-02    25.3904     2.1278     4.7123     61.685 9.9065e-02     0.3351    29.2828  0.000e+00
      4.563   0.074824   996.1355 7.0818e-02    25.3257     2.1278     4.7012     61.539 9.9065e-02     0.3351    29.2828  0.000e+00
      4.662   0.074809   996.1359 7.0818e-02    25.3257     2.1278     4.6991     61.511 9.9065e-02     0.3351    29.2828  0.000e+00
      4.563   0.074815   996.1354 7.0818e-02    25.2609     2.1278     4.6921     61.421 9.9065e-02     0.3351    29.2830  0.000e+00
      4.596   0.074818   996.1356 7.0818e-02    25.1962     2.1278     4.6900     61.393 9.9065e-02     0.3351    29.2830  0.000e+00
      4.563   0.074824   996.1355 7.0818e-02    25.2609     2.1278     4.6876     61.362 9.9065e-02     0.3351    29.2830  0.000e+00
      4.596   0.074824   996.1357 7.0818e-02    25.2609     2.1278     4.6809     61.274 9.9065e-02     0.3351    29.2828  0.000e+00
      4.563   0.074824   996.1354 7.0818e-02    25.2609     2.1278     4.6739     61.182 9.9065e-02     0.3351    29.2831  0.000e+00
      4.539   0.074826   996.1354 7.0818e-02    25.2609     2.1278     4.6717     61.153 9.9065e-02     0.3351    29.2828  0.000e+00
      4.563   0.074829   996.1355 7.0818e-02    25.1962     2.1278     4.6650     61.066 9.9065e-02     0.3351    29.2830  0.000e+00
      4.596   0.074832   996.1356 7.0818e-02    25.2609     2.1278     4.6583     60.978 9.9065e-02     0.3352    29.2830  0.000e+00
      4.506   0.074832   996.1352 7.0818e-02    25.2609     2.0973     4.6562     60.951 9.9065e-02     0.3352    29.2831  0.000e+00
      4.539   0.074838   996.1354 7.0818e-02    25.2609     2.1278     4.6497     60.865 9.9065e-02     0.3352    29.2830  0.000e+00
      4.563   0.074838   996.1355 7.0818e-02    25.1962     2.1278     4.6432     60.780 9.9065e-02     0.3352    29.2830  0.000e+00
      4.539   0.074829   996.1354 7.0818e-02    25.0668     2.1278     4.6413     60.755 9.9065e-02     0.3351    29.2828  0.000e+00
      4.506   0.074841   996.1353 7.0818e-02    25.0668     2.1278     4.6350     60.673 9.9065e-02     0.3352    29.2830  0.000e+00
      4.596   0.074829   996.1356 7.2039e-02    24.9374     2.1278     4.6287     60.591 9.9065e-02     0.3351    29.2831  0.000e+00
      4.506   0.074829   996.1352 7.2039e-02    24.8727     2.1278     4.6272     60.571 9.9065e-02     0.3351    29.2832  0.000e+00
      4.539   0.074826   996.1354 7.2039e-02    24.9374     2.1278     4.6212     60.492 9.9065e-02     0.3351    29.2830  0.000e+00
