WS23139_STN21_CTD20.cnv
* Sea-Bird SBE 9 Data File:
* FileName = C:\ctd\Cruise_Data\WS23139_Rosenheim\WS23139_Rosenheim_STN21_02.hex
* Software Version Seasave V 7.26.7.121
* Temperature SN = 4097 MTG 177
* Conductivity SN = 1851 MTG 053
* Number of Bytes Per Scan = 40
* Number of Voltage Words = 5
* Number of Scans Averaged by the Deck Unit = 1
* NMEA Latitude = 06 01.18 N
* NMEA Longitude = 054 01.52 W
* NMEA UTC (Time) = Jun 16 2023 22:46:53
** Ship:
** Station:
** Operator:
# nquan = 12
# nvalues = 5838                                  
# units = specified
# name 0 = depSM: Depth [salt water, m]
# name 1 = c0S/m: Conductivity [S/m]
# name 2 = density00: Density [density, kg/m^3]
# name 3 = flSP: Fluorescence, Seapoint
# name 4 = wetCDOM: Fluorescence, WET Labs CDOM [mg/m^3]
# name 5 = flECO-AFL: Fluorescence, WET Labs ECO-AFL/FL [mg/m^3]
# name 6 = sbeox0Mg/L: Oxygen, SBE 43 [mg/l]
# name 7 = sbeox0PS: Oxygen, SBE 43 [% saturation]
# name 8 = par: PAR/Irradiance, Biospherical/Licor [Watts/m^2]
# name 9 = sal00: Salinity, Practical [PSU]
# name 10 = t090C: Temperature [ITS-90, deg C]
# name 11 = flag:  0.000e+00
# span 0 =      0.446,     15.008                 
# span 1 =  -0.174244,   5.704735                 
# span 2 =   996.9247,  1023.4689                 
# span 3 = 9.2796e-02, 1.7216e-01                 
# span 4 =    -0.6890,   264.3110                 
# span 5 =    -0.2226,     1.7310                 
# span 6 =     4.0530,    10.5127                 
# span 7 =     61.963,    104.101                 
# span 8 = 9.8755e-02, 1.4643e+01                 
# span 9 =     0.0000,    36.0641                 
# span 10 =    10.0412,    27.6627                
# span 11 = 0.0000e+00, 0.0000e+00                
# interval = seconds: 0.0416667
# start_time = Jun 16 2023 22:46:53 [NMEA time, header]
# bad_flag = -9.990e-29
*END*
[from data line 1564]
      3.062   5.352723  1021.3284 1.6484e-01     3.5821     1.5478     4.9797     76.128 2.6384e-01    33.3935    27.6040  0.000e+00
      3.095   5.352709  1021.3259 1.6484e-01     3.5821     1.5783     4.9751     76.060 2.6931e-01    33.3912    27.6069  0.000e+00
      3.119   5.352694  1021.3241 1.6606e-01     3.5821     1.5783     4.9693     75.974 2.7168e-01    33.3896    27.6091  0.000e+00
      3.095   5.352694  1021.3221 1.6606e-01     6.7530     1.5478     4.9666     75.934 2.7168e-01    33.3880    27.6113  0.000e+00
      3.185   5.352723  1021.3210 1.6606e-01    14.5833     1.5478     4.9591     75.822 2.6307e-01    33.3869    27.6131  0.000e+00
      3.152   5.352773  1021.3199 1.6606e-01    17.3012     1.5478     4.9543     75.749 2.6076e-01    33.3862    27.6146  0.000e+00
      3.119   5.352881  1021.3171 1.6361e-01    17.3659     1.5478     4.9446     75.606 2.6076e-01    33.3843    27.6183  0.000e+00
      3.152   5.352981  1021.3157 1.6239e-01    17.0424     1.5478     4.9341     75.448 2.6617e-01    33.3833    27.6208  0.000e+00
      3.185   5.352974  1021.3145 1.5995e-01    16.9130     1.5478     4.9230     75.279 2.6931e-01    33.3822    27.6223  0.000e+00
      3.185   5.353025  1021.3139 1.5873e-01    16.9777     1.5478     4.9113     75.102 2.6931e-01    33.3818    27.6233  0.000e+00
      3.210   5.353147  1021.3140 1.5629e-01    16.9777     1.5173     4.8950     74.853 2.7893e-01    33.3821    27.6241  0.000e+00
      3.185   5.353154  1021.3131 1.5507e-01    16.9777     1.4562     4.8817     74.651 2.8637e-01    33.3815    27.6250  0.000e+00
      3.210   5.353140  1021.3126 1.5385e-01    16.9130     1.4257     4.8642     74.384 2.8637e-01    33.3809    27.6257  0.000e+00
      3.243   5.353168  1021.3130 1.5263e-01    16.9777     1.4257     4.8502     74.169 2.9486e-01    33.3812    27.6256  0.000e+00
      3.210   5.353118  1021.3135 1.5263e-01    16.9130     1.4257     4.8358     73.948 3.0094e-01    33.3816    27.6245  0.000e+00
      3.243   5.352867  1021.3149 1.5140e-01    23.1901     1.4257     4.8217     73.729 3.0358e-01    33.3820    27.6214  0.000e+00
      3.243   5.352788  1021.3279 1.5018e-01   169.9594     1.2731     4.8040     73.443 3.1347e-01    33.3926    27.6058  0.000e+00
      3.276   5.352724  1021.3535 1.2576e-01   257.6456     1.4868     4.7952     73.281 3.2746e-01    33.4135    27.5757  0.000e+00
      3.301   5.352538  1021.3952 1.2454e-01   264.3110     1.5478     4.7799     73.001 3.3129e-01    33.4476    27.5261  0.000e+00
      3.210   5.352510  1021.4287 1.2454e-01   264.3110     1.5478     4.7636     72.716 3.2367e-01    33.4758    27.4865  0.000e+00
      3.301   5.352488  1021.4518 1.2576e-01   261.6578     1.5173     4.7506     72.494 3.1256e-01    33.4946    27.4599  0.000e+00
      3.276   5.352316  1021.4708 1.2454e-01   259.3281     1.5173     4.7377     72.275 3.0894e-01    33.5101    27.4366  0.000e+00
      3.301   5.352231  1021.4900 1.2576e-01   259.5222     1.5173     4.7250     72.061 3.1165e-01    33.5258    27.4138  0.000e+00
      3.301   5.352245  1021.5115 1.2576e-01   259.8458     1.4868     4.7126     71.849 3.1715e-01    33.5437    27.3890  0.000e+00
      3.276   5.352196  1021.5365 1.2698e-01   259.9105     1.4868     4.7048     71.705 3.1993e-01    33.5645    27.3595  0.000e+00
      3.301   5.352203  1021.5641 1.2698e-01   259.9105     1.5173     4.6938     71.508 3.2179e-01    33.5875    27.3276  0.000e+00
      3.276   5.352348  1021.5922 1.2698e-01   259.9752     1.5173     4.6830     71.316 3.3129e-01    33.6115    27.2957  0.000e+00
      3.301   5.352363  1021.6225 1.2698e-01   259.9105     1.4868     4.6770     71.193 3.3517e-01    33.6368    27.2607  0.000e+00
      3.276   5.352349  1021.6498 1.5263e-01   166.2060     1.2731     4.6753     71.139 3.3517e-01    33.6597    27.2288  0.000e+00
      3.243   5.352414  1021.6749 1.5263e-01    33.9325     1.4257     4.6704     71.039 3.3226e-01    33.6810    27.2000  0.000e+00
      3.243   5.352436  1021.7042 1.5263e-01    -0.6890     1.4562     4.6583     70.824 3.3033e-01    33.7055    27.1662  0.000e+00
      3.334   5.352473  1021.7387 1.5263e-01     1.1230     1.4562     4.6589     70.798 3.3129e-01    33.7342    27.1269  0.000e+00
      3.243   5.352516  1021.7708 1.5385e-01     6.1706     1.4257     4.6560     70.723 3.3908e-01    33.7616    27.0896  0.000e+00
      3.276   5.352625  1021.7982 1.5385e-01     7.6590     1.4562     4.6574     70.717 3.4404e-01    33.7848    27.0587  0.000e+00
      3.301   5.352726  1021.8229 1.5507e-01     7.5943     1.4257     4.6596     70.725 3.4504e-01    33.8057    27.0310  0.000e+00
      3.276   5.352719  1021.8398 1.5629e-01     7.4001     1.4562     4.6579     70.682 3.5831e-01    33.8199    27.0113  0.000e+00
      3.243   5.352806  1021.8570 1.5629e-01     7.3354     1.4257     4.6567     70.647 3.6778e-01    33.8348    26.9918  0.000e+00
      3.276   5.352906  1021.8716 1.5751e-01     7.3354     1.5173     4.6599     70.682 3.6991e-01    33.8471    26.9757  0.000e+00
      3.243   5.352928  1021.8823 1.5751e-01     7.3354     1.5478     4.6637     70.729 3.6671e-01    33.8563    26.9633  0.000e+00
      3.243   5.352957  1021.8907 1.5629e-01     7.1413     1.5478     4.6639     70.723 3.6459e-01    33.8635    26.9538  0.000e+00
      3.276   5.353101  1021.8976 1.5629e-01     6.3000     1.5478     4.6687     70.790 3.6565e-01    33.8695    26.9469  0.000e+00
      3.243   5.353087  1021.9011 1.5629e-01     1.7054     1.5478     4.6738     70.863 3.6884e-01    33.8726    26.9426  0.000e+00
      3.276   5.353065  1021.9042 1.5507e-01    -0.2360     1.5783     4.6794     70.946 3.7206e-01    33.8750    26.9391  0.000e+00
      3.301   5.353159  1021.9095 1.5507e-01    -0.3654     1.5478     4.6817     70.975 3.7206e-01    33.8796    26.9336  0.000e+00
      3.210   5.353195  1021.9144 1.5385e-01    -0.1713     1.5783     4.6883     71.070 3.6884e-01    33.8841    26.9278  0.000e+00
      3.243   5.353195  1021.9177 1.5385e-01    -0.1066     1.5783     4.6912     71.111 3.6249e-01    33.8868    26.9242  0.000e+00
      3.243   5.353260  1021.9211 1.5385e-01    -0.1066     1.5478     4.6944     71.157 3.6039e-01    33.8899    26.9205  0.000e+00
      3.210   5.353281  1021.9247 1.5385e-01    -0.1066     1.5478     4.7019     71.267 3.5831e-01    33.8930    26.9165  0.000e+00
      3.243   5.353253  1021.9280 1.5263e-01    -0.1066     1.5478     4.7016     71.259 3.5110e-01    33.8956    26.9126  0.000e+00
      3.210   5.353267  1021.9310 1.5140e-01    -0.1066     1.5478     4.7054     71.313 3.4907e-01    33.8984    26.9090  0.000e+00
      3.243   5.353281  1021.9337 1.5140e-01    -0.1066     1.5783     4.7090     71.365 3.4806e-01    33.9005    26.9062  0.000e+00
      3.210   5.353346  1021.9364 1.5018e-01    -0.1066     1.5783     4.7126     71.417 3.3810e-01    33.9031    26.9033  0.000e+00
      3.243   5.353468  1021.9401 1.5018e-01    -0.1066     1.5478     4.7163     71.471 3.3517e-01    33.9064    26.9000  0.000e+00
      3.243   5.353662  1021.9451 1.5263e-01   138.8971     1.3952     4.7160     71.462 3.3419e-01    33.9111    26.8954  0.000e+00
      3.152   5.353857  1021.9497 1.2454e-01   250.3977     1.5478     4.7196     71.514 3.3712e-01    33.9158    26.8909  0.000e+00
      3.243   5.354065  1021.9545 1.2088e-01   264.3110     1.6394     4.7232     71.565 3.3908e-01    33.9201    26.8870  0.000e+00
      3.210   5.354417  1021.9588 1.2088e-01   264.3110     1.6394     4.7225     71.553 3.3810e-01    33.9248    26.8841  0.000e+00
      3.185   5.354755  1021.9632 1.2210e-01   263.3403     1.6089     4.7215     71.537 3.2462e-01    33.9294    26.8810  0.000e+00
      3.210   5.355129  1021.9678 1.2210e-01   259.4575     1.5783     4.7244     71.578 3.1900e-01    33.9342    26.8781  0.000e+00
      3.243   5.355517  1021.9731 1.2210e-01   259.5222     1.5783     4.7228     71.553 3.1807e-01    33.9395    26.8746  0.000e+00
      3.210   5.355891  1021.9787 1.2210e-01   259.8458     1.6089     4.7251     71.585 3.1993e-01    33.9454    26.8703  0.000e+00
      3.185   5.356243  1021.9846 1.1966e-01   259.9105     1.6089     4.7230     71.550 3.1993e-01    33.9514    26.8655  0.000e+00
      3.185   5.356689  1021.9911 1.1722e-01   259.9752     1.6089     4.7165     71.449 3.1993e-01    33.9580    26.8608  0.000e+00
      3.210   5.356855  1021.9950 1.1722e-01   259.9752     1.6699     4.7176     71.463 3.1900e-01    33.9616    26.8575  0.000e+00
      3.119   5.353318  1021.9771 1.1722e-01   259.9752     1.7310     4.7192     71.475 3.1715e-01    33.9376    26.8558  0.000e+00
      3.210   5.351902  1021.9708 1.3675e-01   192.4148     1.4868     4.7160     71.421 3.1715e-01    33.9283    26.8547  0.000e+00
      3.185   5.355273  1021.9855 1.4042e-01    45.7750     1.7004     4.7073     71.303 3.1900e-01    33.9496    26.8586  0.000e+00
      3.210   5.356234  1021.8859 1.3919e-01    -0.6890     1.7004     4.6956     71.235 3.1807e-01    33.8682    26.9794  0.000e+00
      3.119   5.360681  1021.7134 1.3919e-01    -0.6890     1.7004     4.6764     71.159 3.1807e-01    33.7353    27.2058  0.000e+00
      3.243   5.377969  1021.6514 1.4042e-01     3.6468     1.7004     4.6616     71.140 3.1622e-01    33.7282    27.3846  0.000e+00
      3.152   5.402958  1021.6881 1.4164e-01     5.7823     1.6699     4.6451     71.057 3.1347e-01    33.8247    27.4949  0.000e+00
      3.185   5.421029  1021.7301 1.4042e-01     5.9117     1.6699     4.6325     70.970 3.1256e-01    33.9069    27.5570  0.000e+00
      3.210   5.430070  1021.7483 1.3919e-01     5.6529     1.6699     4.6229     70.877 3.1530e-01    33.9456    27.5913  0.000e+00
      3.119   5.433657  1021.7503 1.3919e-01     5.7176     1.6699     4.6229     70.905 3.2179e-01    33.9570    27.6104  0.000e+00
      3.210   5.434749  1021.7465 1.3797e-01     5.6529     1.6699     4.6120     70.751 3.2367e-01    33.9563    27.6219  0.000e+00
      3.185   5.435168  1021.7426 1.3675e-01     5.6529     1.6699     4.6049     70.649 3.2086e-01    33.9543    27.6288  0.000e+00
      3.119   5.435392  1021.7398 1.3797e-01     5.6529     1.6699     4.6018     70.606 3.1347e-01    33.9528    27.6331  0.000e+00
      3.210   5.435472  1021.7377 1.3797e-01     5.7176     1.6699     4.5992     70.569 3.1165e-01    33.9510    27.6364  0.000e+00
      3.185   5.435407  1021.7354 1.3797e-01     6.3000     1.6699     4.5927     70.471 3.1165e-01    33.9489    27.6385  0.000e+00
      3.152   5.435392  1021.7338 1.3675e-01     6.6883     1.6699     4.5897     70.426 3.1439e-01    33.9476    27.6402  0.000e+00
      3.185   5.435400  1021.7325 1.3675e-01     6.7530     1.6699     4.5870     70.386 3.1530e-01    33.9465    27.6419  0.000e+00
      3.152   5.435233  1021.7307 1.3675e-01     6.6883     1.6699     4.5844     70.347 3.1530e-01    33.9447    27.6428  0.000e+00
      3.185   5.435110  1021.7294 1.3675e-01     6.6883     1.6699     4.5862     70.374 3.0894e-01    33.9431    27.6437  0.000e+00
      3.185   5.435211  1021.7296 1.3675e-01     6.6883     1.6699     4.5884     70.409 3.0804e-01    33.9436    27.6441  0.000e+00
      3.152   5.435277  1021.7295 1.3675e-01     6.6883     1.6699     4.5949     70.509 3.0715e-01    33.9438    27.6444  0.000e+00
      3.185   5.435298  1021.7293 1.3553e-01     6.6883     1.6699     4.6099     70.740 3.1256e-01    33.9435    27.6450  0.000e+00
      3.152   5.435110  1021.7277 1.3553e-01     6.7530     1.6699     4.6220     70.925 3.1347e-01    33.9418    27.6455  0.000e+00
      3.185   5.434539  1021.7238 1.3553e-01     6.6883     1.6699     4.6430     71.247 3.1439e-01    33.9370    27.6466  0.000e+00
      3.152   5.433562  1021.7177 1.3675e-01     6.6883     1.6699     4.6610     71.521 3.1900e-01    33.9295    27.6475  0.000e+00
      3.119   5.432796  1021.7137 1.3919e-01     6.6883     1.6089     4.6880     71.933 3.2273e-01    33.9242    27.6474  0.000e+00
      3.152   5.432622  1021.7129 1.4774e-01   111.6529     1.4868     4.7162     72.366 3.2273e-01    33.9230    27.6474  0.000e+00
      3.185   5.432716  1021.7134 1.2943e-01   239.2670     1.4868     4.7497     72.880 3.3226e-01    33.9235    27.6475  0.000e+00
      3.119   5.432752  1021.7130 1.2821e-01   264.3110     1.6394     4.7843     73.411 3.4106e-01    33.9235    27.6479  0.000e+00
      3.152   5.433020  1021.7154 1.3187e-01   264.3110     1.6394     4.8204     73.965 3.4205e-01    33.9261    27.6470  0.000e+00
      3.185   5.433483  1021.7181 1.3065e-01   264.3110     1.6089     4.8575     74.535 3.3810e-01    33.9294    27.6468  0.000e+00
      3.152   5.433801  1021.7198 1.2698e-01   259.5869     1.6089     4.9037     75.245 3.3517e-01    33.9318    27.6466  0.000e+00
      3.119   5.434069  1021.7215 1.2210e-01   259.4575     1.6089     4.9474     75.917 3.3419e-01    33.9341    27.6461  0.000e+00
      3.152   5.434944  1021.7276 1.1722e-01   259.8458     1.5783     4.9881     76.541 3.2937e-01    33.9413    27.6446  0.000e+00
      3.185   5.436933  1021.7398 1.1477e-01   259.9752     1.6089     5.0374     77.302 3.2273e-01    33.9566    27.6428  0.000e+00
      3.119   5.439523  1021.7546 1.1355e-01   259.9752     1.6089     5.0796     77.957 3.2179e-01    33.9760    27.6411  0.000e+00
      3.152   5.442006  1021.7692 1.1233e-01   259.9752     1.6089     5.1267     78.686 3.1993e-01    33.9945    27.6396  0.000e+00
      3.119   5.444090  1021.7810 1.1233e-01   259.9752     1.6089     5.1746     79.427 3.1347e-01    34.0100    27.6386  0.000e+00
      3.209   5.445690  1021.7908 1.2088e-01   226.9068     1.4562     5.2233     80.178 3.1075e-01    34.0220    27.6375  0.000e+00
      3.119   5.446472  1021.7950 1.3675e-01    77.1608     1.5478     5.2727     80.938 3.1256e-01    34.0279    27.6369  0.000e+00
      3.152   5.446805  1021.7968 1.3797e-01    14.9716     1.5173     5.3228     81.709 3.1439e-01    34.0301    27.6371  0.000e+00
      3.185   5.447246  1021.7995 1.3919e-01    10.9594     1.5173     5.3734     82.486 3.1439e-01    34.0334    27.6367  0.000e+00
      3.185   5.447876  1021.8029 1.4042e-01    16.6541     1.5173     5.4201     83.205 3.1439e-01    34.0379    27.6367  0.000e+00
      3.152   5.448267  1021.8053 1.4042e-01    19.0485     1.5173     5.4631     83.866 3.1530e-01    34.0410    27.6362  0.000e+00
      3.185   5.449035  1021.8103 1.4042e-01    19.2426     1.5173     5.5099     84.586 3.1530e-01    34.0471    27.6352  0.000e+00
      3.209   5.450759  1021.8214 1.4042e-01    18.9838     1.5173     5.5607     85.369 3.1530e-01    34.0608    27.6331  0.000e+00
      3.185   5.453236  1021.8357 1.4164e-01    18.8543     1.5173     5.6032     86.029 3.1807e-01    34.0793    27.6316  0.000e+00
      3.209   5.455619  1021.8500 1.4164e-01    18.8543     1.5173     5.6453     86.681 3.1993e-01    34.0973    27.6298  0.000e+00
      3.185   5.457633  1021.8615 1.4164e-01    18.8543     1.5173     5.6870     87.327 3.1993e-01    34.1124    27.6286  0.000e+00
      3.242   5.459561  1021.8735 1.4042e-01    18.7896     1.5173     5.7325     88.031 3.2179e-01    34.1272    27.6269  0.000e+00
      3.209   5.461438  1021.8842 1.3919e-01    18.9191     1.5173     5.7696     88.605 3.2273e-01    34.1412    27.6257  0.000e+00
      3.242   5.462801  1021.8920 1.3919e-01   148.7335     1.3341     5.8016     89.102 3.2273e-01    34.1511    27.6253  0.000e+00
      3.275   5.463135  1021.8936 1.1477e-01   251.5625     1.4562     5.8368     89.643 3.2367e-01    34.1532    27.6256  0.000e+00
      3.242   5.462649  1021.8903 1.1355e-01   264.3110     1.5478     5.8711     90.170 3.2556e-01    34.1493    27.6263  0.000e+00
      3.275   5.461822  1021.8855 1.1355e-01   264.3110     1.5478     5.9048     90.684 3.2651e-01    34.1430    27.6270  0.000e+00
      3.300   5.460945  1021.8803 1.1233e-01   262.7579     1.5173     5.9374     91.183 3.3033e-01    34.1362    27.6278  0.000e+00
