WS23139_STN02_01CTD.cnv
* Sea-Bird SBE 9 Data File:
* FileName = C:\ctd\Cruise_Data\WS23139_Rosenheim\WS23139_Rosenheim_STN02.hex
* Software Version Seasave V 7.26.7.121
* Temperature SN = 4097 MTG 177
* Conductivity SN = 1851 MTG 053
* Number of Bytes Per Scan = 40
* Number of Voltage Words = 5
* Number of Scans Averaged by the Deck Unit = 1
* NMEA Latitude = 02 40.44 N
* NMEA Longitude = 048 15.80 W
* NMEA UTC (Time) = Oct 22 2003  13:26:47
* NMEA baud rate = 4800
** Ship:
** Station:
** Operator:
# nquan = 12
# nvalues = 17962                                 
# units = specified
# name 0 = depSM: Depth [salt water, m]
# name 1 = c0S/m: Conductivity [S/m]
# name 2 = density00: Density [density, kg/m^3]
# name 3 = flSP: Fluorescence, Seapoint
# name 4 = wetCDOM: Fluorescence, WET Labs CDOM [mg/m^3]
# name 5 = flECO-AFL: Fluorescence, WET Labs ECO-AFL/FL [mg/m^3]
# name 6 = sbeox0Mg/L: Oxygen, SBE 43 [mg/l]
# name 7 = sbeox0PS: Oxygen, SBE 43 [% saturation]
# name 8 = par: PAR/Irradiance, Biospherical/Licor [Watts/m^2]
# name 9 = sal00: Salinity, Practical [PSU]
# name 10 = t090C: Temperature [ITS-90, deg C]
# name 11 = flag:  0.000e+00
# span 0 =      2.036,     94.481                 
# span 1 =   5.809294,   5.857121                 
# span 2 =  1022.8021,  1023.3861                 
# span 3 = 6.2271e-02, 1.4286e-01                 
# span 4 =    -0.6890,   264.3110                 
# span 5 =    -0.1311,     0.5405                 
# span 6 =     5.9564,     6.2131                 
# span 7 =     93.835,     98.254                 
# span 8 = 1.1052e+01, 6.5396e+03                 
# span 9 =    35.8016,    36.0248                 
# span 10 =    28.5185,    28.8176                
# span 11 = 0.0000e+00, 0.0000e+00                
# interval = seconds: 0.0416667
# start_time = Oct 22 2003 13:26:47 [NMEA time, header]
# bad_flag = -9.990e-29
*END*
[from data line 843]
      2.261   5.852528  1022.9161 1.0867e-01    67.7127     0.0521     6.0495     95.662 1.8821e+03    36.0213    28.7751  0.000e+00
      2.294   5.852633  1022.9161 1.0012e-01   212.4758    -0.0090     6.0562     95.769 1.8874e+03    36.0214    28.7758  0.000e+00
      2.294   5.852722  1022.9161 8.6691e-02   264.3110    -0.1005     6.0632     95.881 2.2786e+03    36.0217    28.7764  0.000e+00
      2.327   5.852790  1022.9164 8.7912e-02   264.3110    -0.1005     6.0667     95.936 2.5002e+03    36.0220    28.7766  0.000e+00
      2.294   5.852872  1022.9159 8.7912e-02   264.3110    -0.0700     6.0739     96.052 2.5143e+03    36.0219    28.7775  0.000e+00
      2.261   5.852961  1022.9154 8.6691e-02   260.1047    -0.1005     6.0853     96.234 2.2468e+03    36.0218    28.7784  0.000e+00
      2.294   5.853021  1022.9155 8.7912e-02   259.3928    -0.0700     6.0896     96.301 2.0826e+03    36.0219    28.7788  0.000e+00
      2.327   5.852969  1022.9158 8.7912e-02   259.7164    -0.1005     6.0940     96.371 2.0651e+03    36.0219    28.7782  0.000e+00
      2.294   5.852872  1022.9158 8.7912e-02   259.9105    -0.0700     6.1061     96.561 2.0767e+03    36.0218    28.7776  0.000e+00
      2.327   5.852700  1022.9158 8.7912e-02   259.9752    -0.1005     6.1106     96.631 2.0709e+03    36.0212    28.7768  0.000e+00
      2.352   5.852543  1022.9164 8.7912e-02   259.9105    -0.0700     6.1191     96.762 2.0709e+03    36.0212    28.7753  0.000e+00
      2.352   5.852297  1022.9173 8.6691e-02   259.9105    -0.1005     6.1238     96.834 1.8558e+03    36.0213    28.7729  0.000e+00
      2.385   5.852013  1022.9179 8.7912e-02   256.8690    -0.1005     6.1323     96.965 1.6445e+03    36.0210    28.7707  0.000e+00
      2.352   5.851834  1022.9185 1.1111e-01   115.0180     0.0521     6.1408     97.095 1.6079e+03    36.0212    28.7688  0.000e+00
      2.385   5.851730  1022.9191 1.0989e-01    20.3427     0.0521     6.1454     97.166 1.9742e+03    36.0213    28.7677  0.000e+00
      2.418   5.851707  1022.9196 1.0989e-01     4.7469     0.0521     6.1534     97.292 2.6597e+03    36.0215    28.7672  0.000e+00
      2.385   5.851842  1022.9197 1.0989e-01    10.2475     0.0521     6.1575     97.359 2.8694e+03    36.0221    28.7677  0.000e+00
      2.418   5.851998  1022.9193 1.0989e-01    13.9362     0.0521     6.1650     97.479 2.5072e+03    36.0220    28.7692  0.000e+00
      2.442   5.852178  1022.9197 1.0989e-01    14.5186     0.0521     6.1647     97.476 1.9303e+03    36.0227    28.7699  0.000e+00
      2.541   5.852260  1022.9197 1.1111e-01    14.3244     0.0521     6.1679     97.528 1.7792e+03    36.0225    28.7709  0.000e+00
      2.418   5.852237  1022.9182 1.0989e-01    14.1303     0.0826     6.1744     97.633 1.9910e+03    36.0218    28.7718  0.000e+00
      2.508   5.851939  1022.9188 1.1111e-01    14.1303     0.0521     6.1775     97.677 2.7432e+03    36.0211    28.7698  0.000e+00
      2.475   5.851416  1022.9202 1.0989e-01    14.1303     0.0521     6.1802     97.713 3.0870e+03    36.0210    28.7651  0.000e+00
      2.508   5.850953  1022.9211 1.0989e-01    14.1303     0.0521     6.1827     97.746 2.8614e+03    36.0205    28.7616  0.000e+00
      2.599   5.850804  1022.9225 1.0867e-01    14.1303     0.0521     6.1884     97.833 1.9854e+03    36.0210    28.7596  0.000e+00
      2.508   5.850722  1022.9227 1.0989e-01     9.9887     0.0521     6.1859     97.793 1.7009e+03    36.0213    28.7585  0.000e+00
      2.599   5.850588  1022.9234 1.0989e-01     3.5821     0.0521     6.1911     97.873 1.7544e+03    36.0211    28.7574  0.000e+00
      2.632   5.850625  1022.9242 1.0989e-01     1.8348     0.0521     6.1920     97.886 2.4653e+03    36.0218    28.7568  0.000e+00
      2.599   5.850580  1022.9243 1.1111e-01     1.9642     0.0521     6.1966     97.958 2.9265e+03    36.0219    28.7563  0.000e+00
      2.632   5.850520  1022.9243 1.1111e-01     2.1584     0.0521     6.1970     97.964 2.9101e+03    36.0216    28.7561  0.000e+00
      2.599   5.850550  1022.9241 1.0989e-01     2.2878     0.0521     6.2010     98.027 1.5286e+03    36.0217    28.7563  0.000e+00
      2.656   5.850521  1022.9247 1.0989e-01     2.2231     0.0521     6.1971     97.966 1.0197e+03    36.0219    28.7557  0.000e+00
      2.632   5.850513  1022.9244 1.0989e-01     2.2231     0.0826     6.1967     97.960 9.6664e+02    36.0217    28.7559  0.000e+00
      2.722   5.850401  1022.9247 1.0989e-01     2.2231     0.0826     6.1963     97.953 1.8197e+03    36.0213    28.7554  0.000e+00
      2.632   5.850222  1022.9246 1.0989e-01     2.2231     0.0521     6.1994     97.999 2.8937e+03    36.0211    28.7541  0.000e+00
      2.722   5.850177  1022.9252 1.0989e-01     2.2231     0.0521     6.2027     98.050 3.1220e+03    36.0212    28.7535  0.000e+00
      2.689   5.850177  1022.9254 1.0989e-01     2.2878     0.0521     6.2018     98.036 2.3502e+03    36.0215    28.7531  0.000e+00
      2.656   5.850065  1022.9260 1.0989e-01     1.9642     0.0521     6.1970     97.957 1.8095e+03    36.0218    28.7517  0.000e+00
      2.689   5.849894  1022.9268 1.0867e-01     0.4111     0.0521     6.1959     97.937 1.7153e+03    36.0219    28.7500  0.000e+00
      2.722   5.849879  1022.9272 1.0867e-01    -0.3007     0.0521     6.1984     97.976 2.6522e+03    36.0220    28.7496  0.000e+00
      2.722   5.849849  1022.9273 1.0989e-01    -0.3654     0.0521     6.1970     97.953 4.7463e+03    36.0221    28.7493  0.000e+00
      2.631   5.849841  1022.9279 1.0989e-01    -0.3007     0.0521     6.1994     97.991 5.4935e+03    36.0229    28.7482  0.000e+00
      2.722   5.849953  1022.9282 1.0989e-01    -0.3007     0.0521     6.1941     97.908 3.9759e+03    36.0231    28.7489  0.000e+00
      2.689   5.850237  1022.9272 1.0989e-01    -0.2360     0.0521     6.1961     97.944 2.2786e+03    36.0231    28.7515  0.000e+00
      2.598   5.850640  1022.9251 1.0989e-01    -0.3007     0.0521     6.1903     97.859 1.9303e+03    36.0227    28.7557  0.000e+00
      2.689   5.850998  1022.9244 1.0989e-01    -0.2360     0.0521     6.1924     97.897 2.1299e+03    36.0227    28.7590  0.000e+00
      2.598   5.851192  1022.9230 1.0989e-01    -0.2360     0.0521     6.1908     97.874 2.6822e+03    36.0224    28.7613  0.000e+00
      2.631   5.851297  1022.9220 1.0989e-01    -0.3007     0.0521     6.1893     97.854 2.8856e+03    36.0217    28.7631  0.000e+00
      2.656   5.851357  1022.9218 1.0989e-01    -0.3007     0.0521     6.1919     97.896 2.5570e+03    36.0216    28.7638  0.000e+00
      2.565   5.851401  1022.9213 1.0989e-01    -0.3007     0.0521     6.1869     97.817 1.5372e+03    36.0216    28.7642  0.000e+00
      2.598   5.851454  1022.9212 1.0989e-01     3.4526     0.0521     6.1857     97.799 1.2485e+03    36.0216    28.7648  0.000e+00
      2.541   5.851424  1022.9208 1.1111e-01     6.6883     0.0521     6.1885     97.843 1.2805e+03    36.0214    28.7648  0.000e+00
      2.565   5.851304  1022.9208 1.1111e-01     7.3354     0.0826     6.1875     97.827 1.6125e+03    36.0209    28.7642  0.000e+00
      2.540   5.851274  1022.9210 1.0989e-01     7.2060     0.0521     6.1866     97.812 1.7842e+03    36.0212    28.7637  0.000e+00
      2.565   5.851162  1022.9214 1.0989e-01     7.0766     0.0521     6.1899     97.863 1.8197e+03    36.0211    28.7627  0.000e+00
      2.474   5.851058  1022.9208 1.0989e-01     7.0766     0.0521     6.1854     97.791 2.0767e+03    36.0207    28.7624  0.000e+00
      2.507   5.851035  1022.9213 1.0867e-01     7.0766     0.0521     6.1885     97.839 2.2405e+03    36.0209    28.7618  0.000e+00
      2.474   5.850998  1022.9216 1.0867e-01     7.0766     0.0521     6.1842     97.770 2.2595e+03    36.0212    28.7611  0.000e+00
      2.441   5.850811  1022.9217 1.0867e-01     7.0119     0.0521     6.1875     97.820 2.0420e+03    36.0209    28.7598  0.000e+00
      2.474   5.850461  1022.9229 1.0989e-01     7.0766     0.0521     6.1875     97.814 1.9141e+03    36.0208    28.7566  0.000e+00
      2.351   5.850192  1022.9229 1.0989e-01     7.0766     0.0521     6.1871     97.805 1.8981e+03    36.0207    28.7544  0.000e+00
      2.507   5.850132  1022.9248 1.0867e-01     7.0766     0.0521     6.1908     97.862 1.5766e+03    36.0215    28.7528  0.000e+00
      2.351   5.850058  1022.9241 1.0989e-01    72.5015     0.0521     6.1907     97.858 1.3207e+03    36.0213    28.7524  0.000e+00
      2.441   5.850214  1022.9243 9.6459e-02   219.9178    -0.0090     6.1904     97.857 1.2805e+03    36.0215    28.7535  0.000e+00
      2.351   5.850408  1022.9234 8.6691e-02   264.3110    -0.1005     6.1901     97.855 1.7993e+03    36.0216    28.7552  0.000e+00
      2.384   5.850573  1022.9231 8.6691e-02   264.3110    -0.1005     6.1938     97.914 2.6747e+03    36.0217    28.7566  0.000e+00
      2.351   5.850744  1022.9223 8.7912e-02   264.3110    -0.0700     6.1938     97.916 2.9265e+03    36.0216    28.7583  0.000e+00
      2.384   5.851013  1022.9222 8.7912e-02   259.9752    -0.1005     6.1974     97.977 2.3305e+03    36.0220    28.7602  0.000e+00
      2.351   5.851222  1022.9212 8.7912e-02   259.3281    -0.1005     6.1971     97.976 1.6170e+03    36.0218    28.7624  0.000e+00
      2.326   5.851521  1022.9200 8.7912e-02   259.7164    -0.0700     6.2008     98.039 1.4613e+03    36.0217    28.7653  0.000e+00
      2.293   5.851715  1022.9187 8.7912e-02   259.9105    -0.1005     6.1969     97.981 1.8716e+03    36.0212    28.7677  0.000e+00
      2.350   5.851819  1022.9183 8.7912e-02   259.9752    -0.1005     6.1968     97.981 3.3305e+03    36.0209    28.7690  0.000e+00
      2.326   5.851916  1022.9174 8.7912e-02   259.9105    -0.0700     6.2004     98.040 4.0322e+03    36.0206    28.7704  0.000e+00
      2.293   5.852013  1022.9171 8.7912e-02   259.9105    -0.1005     6.2004     98.042 3.3211e+03    36.0206    28.7712  0.000e+00
      2.260   5.852103  1022.9171 8.7912e-02   259.8458    -0.1005     6.2003     98.040 1.6772e+03    36.0210    28.7716  0.000e+00
      2.350   5.852095  1022.9175 8.7912e-02   259.9105    -0.1005     6.1965     97.980 1.2877e+03    36.0210    28.7714  0.000e+00
      2.260   5.852088  1022.9171 8.7912e-02   259.9105    -0.0700     6.1962     97.975 1.3545e+03    36.0210    28.7714  0.000e+00
      2.293   5.852118  1022.9174 8.7912e-02   259.9105    -0.0700     6.1961     97.973 1.8821e+03    36.0212    28.7714  0.000e+00
      2.260   5.852058  1022.9172 8.7912e-02   259.9105    -0.1005     6.1959     97.970 2.1723e+03    36.0210    28.7712  0.000e+00
      2.293   5.852036  1022.9178 8.7912e-02   259.9105    -0.1005     6.1959     97.970 2.1968e+03    36.0213    28.7705  0.000e+00
      2.292   5.851998  1022.9183 8.7912e-02   259.9105    -0.0700     6.1957     97.965 2.3305e+03    36.0217    28.7697  0.000e+00
      2.259   5.851946  1022.9186 8.7912e-02   259.9105    -0.1005     6.1954     97.959 2.4037e+03    36.0219    28.7690  0.000e+00
      2.235   5.851827  1022.9183 8.7912e-02   259.9105    -0.0700     6.1950     97.952 2.4308e+03    36.0214    28.7685  0.000e+00
      2.325   5.851759  1022.9189 8.7912e-02   259.9105    -0.0700     6.1948     97.949 3.4642e+03    36.0214    28.7679  0.000e+00
      2.292   5.851782  1022.9190 8.7912e-02   259.9105    -0.1005     6.1947     97.946 4.3624e+03    36.0217    28.7677  0.000e+00
      2.259   5.851797  1022.9187 8.7912e-02   259.9105    -0.1005     6.1944     97.942 4.4994e+03    36.0216    28.7680  0.000e+00
      2.350   5.851797  1022.9190 8.7912e-02   259.9105    -0.0700     6.1940     97.936 2.6299e+03    36.0215    28.7681  0.000e+00
      2.259   5.851797  1022.9185 1.1111e-01   156.0460     0.0521     6.1935     97.928 1.7202e+03    36.0214    28.7683  0.000e+00
      2.292   5.851797  1022.9189 1.0989e-01    24.4197     0.0521     6.1970     97.984 1.5989e+03    36.0217    28.7679  0.000e+00
      2.292   5.851759  1022.9189 1.0867e-01    -0.6890     0.0521     6.1930     97.919 1.7445e+03    36.0215    28.7677  0.000e+00
      2.325   5.851715  1022.9194 1.0867e-01    -0.6890     0.0521     6.1928     97.915 1.8768e+03    36.0218    28.7670  0.000e+00
      2.350   5.851483  1022.9200 1.0867e-01    -0.6890     0.0521     6.1964     97.969 1.9088e+03    36.0215    28.7651  0.000e+00
      2.325   5.851162  1022.9211 1.0867e-01    -0.6890     0.0521     6.1965     97.966 1.8351e+03    36.0217    28.7620  0.000e+00
      2.350   5.850976  1022.9210 1.0867e-01     0.0876     0.0521     6.1963     97.960 1.7396e+03    36.0211    28.7611  0.000e+00
      2.325   5.850826  1022.9215 1.0867e-01     0.2817     0.0521     6.1961     97.956 1.7202e+03    36.0212    28.7596  0.000e+00
      2.350   5.850655  1022.9223 1.0867e-01     0.2817     0.0521     6.1921     97.890 1.7494e+03    36.0214    28.7578  0.000e+00
      2.383   5.850565  1022.9228 1.0867e-01     0.2817     0.0521     6.1956     97.943 1.8248e+03    36.0214    28.7568  0.000e+00
      2.350   5.850595  1022.9229 1.0867e-01     0.2817     0.0521     6.1953     97.939 1.8402e+03    36.0217    28.7568  0.000e+00
      2.416   5.850461  1022.9229 1.0745e-01     0.3464     0.0521     6.1911     97.872 1.6538e+03    36.0211    28.7563  0.000e+00
      2.383   5.850304  1022.9233 1.0867e-01     0.8641     0.0521     6.1945     97.922 1.1969e+03    36.0212    28.7548  0.000e+00
      2.416   5.850162  1022.9242 1.0989e-01     3.4526     0.0521     6.1943     97.918 1.0636e+03    36.0214    28.7531  0.000e+00
      2.383   5.850058  1022.9252 1.0989e-01     4.4880     0.0521     6.1902     97.850 1.2949e+03    36.0221    28.7513  0.000e+00
      2.473   5.850170  1022.9253 1.0867e-01     4.6175     0.0826     6.1935     97.903 3.3776e+03    36.0222    28.7522  0.000e+00
      2.383   5.850259  1022.9244 1.0867e-01     4.4880     0.0521     6.1931     97.898 5.0776e+03    36.0220    28.7533  0.000e+00
      2.416   5.850341  1022.9245 1.0867e-01     4.4233     0.0521     6.1926     97.891 4.7463e+03    36.0221    28.7539  0.000e+00
      2.440   5.850371  1022.9241 1.0989e-01     4.4233     0.0826     6.1922     97.887 2.3568e+03    36.0218    28.7546  0.000e+00
      2.416   5.850476  1022.9240 1.0989e-01     4.4880     0.0521     6.1916     97.878 1.6772e+03    36.0221    28.7552  0.000e+00
      2.473   5.850543  1022.9239 1.0867e-01     4.4880     0.0521     6.1951     97.934 1.6353e+03    36.0220    28.7559  0.000e+00
      2.440   5.850558  1022.9239 1.0867e-01     4.4880     0.0521     6.1909     97.868 1.6445e+03    36.0221    28.7559  0.000e+00
      2.415   5.850520  1022.9234 1.0867e-01     4.4880     0.0521     6.1866     97.799 1.6445e+03    36.0217    28.7561  0.000e+00
      2.440   5.850468  1022.9233 1.0989e-01     4.3586     0.0521     6.1900     97.854 1.6445e+03    36.0213    28.7561  0.000e+00
      2.473   5.850423  1022.9235 1.0989e-01     4.6822     0.0521     6.1937     97.911 2.5932e+03    36.0213    28.7557  0.000e+00
      2.440   5.850341  1022.9231 1.1233e-01   144.1388     0.0521     6.1935     97.908 3.6543e+03    36.0209    28.7555  0.000e+00
      2.473   5.850319  1022.9231 8.7912e-02   251.6272    -0.0700     6.1934     97.905 3.8765e+03    36.0207    28.7555  0.000e+00
      2.440   5.850252  1022.9224 8.6691e-02   264.3110    -0.1005     6.1894     97.843 2.8856e+03    36.0201    28.7557  0.000e+00
      2.473   5.850259  1022.9218 8.7912e-02   264.3110    -0.1005     6.1892     97.840 2.1845e+03    36.0194    28.7566  0.000e+00
      2.349   5.850378  1022.9199 8.7912e-02   263.0815    -0.1005     6.1888     97.838 2.0651e+03    36.0186    28.7589  0.000e+00
      2.564   5.850379  1022.9193 8.7912e-02   259.3928    -0.0700     6.1888     97.839 1.6079e+03    36.0173    28.7605  0.000e+00
      2.415   5.850371  1022.9195 8.7912e-02   259.5222    -0.1005     6.1889     97.840 1.1411e+03    36.0180    28.7596  0.000e+00
