WS23139_STN02_01CTD.cnv
* Sea-Bird SBE 9 Data File:
* FileName = C:\ctd\Cruise_Data\WS23139_Rosenheim\WS23139_Rosenheim_STN02.hex
* Software Version Seasave V 7.26.7.121
* Temperature SN = 4097 MTG 177
* Conductivity SN = 1851 MTG 053
* Number of Bytes Per Scan = 40
* Number of Voltage Words = 5
* Number of Scans Averaged by the Deck Unit = 1
* NMEA Latitude = 02 40.44 N
* NMEA Longitude = 048 15.80 W
* NMEA UTC (Time) = Oct 22 2003  13:26:47
* NMEA baud rate = 4800
** Ship:
** Station:
** Operator:
# nquan = 12
# nvalues = 17962                                 
# units = specified
# name 0 = depSM: Depth [salt water, m]
# name 1 = c0S/m: Conductivity [S/m]
# name 2 = density00: Density [density, kg/m^3]
# name 3 = flSP: Fluorescence, Seapoint
# name 4 = wetCDOM: Fluorescence, WET Labs CDOM [mg/m^3]
# name 5 = flECO-AFL: Fluorescence, WET Labs ECO-AFL/FL [mg/m^3]
# name 6 = sbeox0Mg/L: Oxygen, SBE 43 [mg/l]
# name 7 = sbeox0PS: Oxygen, SBE 43 [% saturation]
# name 8 = par: PAR/Irradiance, Biospherical/Licor [Watts/m^2]
# name 9 = sal00: Salinity, Practical [PSU]
# name 10 = t090C: Temperature [ITS-90, deg C]
# name 11 = flag:  0.000e+00
# span 0 =      2.036,     94.481                 
# span 1 =   5.809294,   5.857121                 
# span 2 =  1022.8021,  1023.3861                 
# span 3 = 6.2271e-02, 1.4286e-01                 
# span 4 =    -0.6890,   264.3110                 
# span 5 =    -0.1311,     0.5405                 
# span 6 =     5.9564,     6.2131                 
# span 7 =     93.835,     98.254                 
# span 8 = 1.1052e+01, 6.5396e+03                 
# span 9 =    35.8016,    36.0248                 
# span 10 =    28.5185,    28.8176                
# span 11 = 0.0000e+00, 0.0000e+00                
# interval = seconds: 0.0416667
# start_time = Oct 22 2003 13:26:47 [NMEA time, header]
# bad_flag = -9.990e-29
*END*
[from data line 2888]
     20.201   5.836862  1023.0371 9.0354e-02   253.1156     0.0521     6.1534     97.075 5.1349e+02    36.0159    28.6313  0.000e+00
     20.201   5.836937  1023.0363 1.1233e-01   103.7579     0.1437     6.1540     97.087 4.9646e+02    36.0155    28.6326  0.000e+00
     20.259   5.837049  1023.0363 1.1111e-01    18.8543     0.1437     6.1586     97.160 4.9506e+02    36.0155    28.6336  0.000e+00
     20.243   5.837116  1023.0361 1.1111e-01     7.1413     0.1742     6.1596     97.178 4.8815e+02    36.0156    28.6341  0.000e+00
     20.201   5.837094  1023.0364 1.1233e-01    12.7713     0.1437     6.1606     97.193 4.7999e+02    36.0159    28.6334  0.000e+00
     20.259   5.837012  1023.0370 1.1233e-01    16.0070     0.1742     6.1617     97.209 4.7864e+02    36.0160    28.6326  0.000e+00
     20.317   5.836877  1023.0374 1.1111e-01    16.5247     0.1437     6.1590     97.164 4.7730e+02    36.0158    28.6316  0.000e+00
     20.317   5.836699  1023.0381 1.1111e-01    16.2658     0.1437     6.1600     97.177 4.7730e+02    36.0159    28.6298  0.000e+00
     20.300   5.836475  1023.0383 1.1233e-01    16.1364     0.1437     6.1649     97.252 4.7462e+02    36.0156    28.6282  0.000e+00
     20.317   5.836273  1023.0389 1.1233e-01    16.1364     0.1437     6.1659     97.266 4.7730e+02    36.0155    28.6265  0.000e+00
     20.317   5.836050  1023.0398 1.1233e-01    16.1364     0.1742     6.1670     97.279 4.8134e+02    36.0157    28.6241  0.000e+00
     20.383   5.835916  1023.0406 1.1233e-01    16.1364     0.1742     6.1681     97.294 4.8269e+02    36.0157    28.6228  0.000e+00
     20.383   5.835923  1023.0406 1.1233e-01    16.1364     0.1742     6.1688     97.305 4.9506e+02    36.0158    28.6228  0.000e+00
     20.424   5.836050  1023.0406 1.1355e-01   111.1352     0.1437     6.1694     97.316 5.2814e+02    36.0159    28.6237  0.000e+00
     20.383   5.836042  1023.0401 9.4017e-02   237.5198     0.0826     6.1738     97.385 5.4015e+02    36.0157    28.6241  0.000e+00
     20.506   5.835744  1023.0407 9.0354e-02   264.3110     0.0521     6.1708     97.336 5.4780e+02    36.0149    28.6223  0.000e+00
     20.440   5.835513  1023.0407 9.0354e-02   264.3110     0.0216     6.1753     97.404 5.8603e+02    36.0146    28.6206  0.000e+00
     20.506   5.835535  1023.0409 9.0354e-02   264.3110     0.0521     6.1799     97.477 6.0105e+02    36.0146    28.6208  0.000e+00
     20.490   5.835841  1023.0408 9.0354e-02   259.5869     0.0521     6.1764     97.424 6.0444e+02    36.0153    28.6226  0.000e+00
     20.564   5.836184  1023.0407 8.9133e-02   259.4575     0.0521     6.1766     97.432 6.1473e+02    36.0158    28.6251  0.000e+00
     20.564   5.836303  1023.0402 9.0354e-02   259.7811     0.0521     6.1769     97.438 6.1646e+02    36.0158    28.6263  0.000e+00
     20.564   5.836385  1023.0404 8.9133e-02   259.9105     0.0521     6.1772     97.443 6.1646e+02    36.0161    28.6265  0.000e+00
     20.622   5.836482  1023.0409 9.0354e-02   259.9752     0.0521     6.1775     97.449 5.9433e+02    36.0166    28.6268  0.000e+00
     20.605   5.836400  1023.0407 9.0354e-02   259.9105     0.0521     6.1778     97.454 5.8111e+02    36.0162    28.6265  0.000e+00
     20.687   5.836154  1023.0412 9.0354e-02   259.9105     0.0521     6.1743     97.395 5.7948e+02    36.0157    28.6248  0.000e+00
     20.687   5.836013  1023.0420 9.7680e-02   227.7481     0.1131     6.1782     97.455 5.5088e+02    36.0161    28.6231  0.000e+00
     20.745   5.836095  1023.0420 1.1233e-01    71.4661     0.1437     6.1743     97.394 5.2962e+02    36.0160    28.6239  0.000e+00
     20.687   5.836199  1023.0405 1.1111e-01     5.0705     0.1437     6.1739     97.391 5.2665e+02    36.0153    28.6259  0.000e+00
     20.811   5.836229  1023.0409 1.1233e-01     0.3464     0.1437     6.1777     97.451 5.0490e+02    36.0152    28.6262  0.000e+00
     20.795   5.836438  1023.0411 1.1355e-01     6.3000     0.1742     6.1736     97.388 4.8542e+02    36.0160    28.6271  0.000e+00
     20.811   5.836647  1023.0409 1.1233e-01     8.8238     0.1742     6.1732     97.385 4.8405e+02    36.0162    28.6287  0.000e+00
     20.869   5.836699  1023.0408 1.1233e-01     9.0180     0.1437     6.1730     97.381 4.7730e+02    36.0161    28.6293  0.000e+00
     20.926   5.836841  1023.0410 1.1233e-01     8.6944     0.1437     6.1726     97.377 4.7329e+02    36.0164    28.6301  0.000e+00
     20.869   5.836893  1023.0400 1.1233e-01     8.6944     0.1437     6.1721     97.371 4.7063e+02    36.0159    28.6313  0.000e+00
     20.976   5.836923  1023.0406 1.1111e-01     8.6944     0.1437     6.1717     97.364 4.6800e+02    36.0161    28.6313  0.000e+00
     20.926   5.836937  1023.0404 1.1111e-01     8.6944     0.1742     6.1713     97.358 4.6406e+02    36.0162    28.6314  0.000e+00
     21.050   5.836870  1023.0406 1.1111e-01     8.6944     0.1742     6.1708     97.350 4.6276e+02    36.0157    28.6313  0.000e+00
     20.992   5.836952  1023.0406 1.1111e-01     8.6944     0.1437     6.1740     97.401 4.6800e+02    36.0161    28.6316  0.000e+00
     21.116   5.837020  1023.0415 1.1477e-01   141.8739     0.1742     6.1699     97.336 4.7730e+02    36.0166    28.6315  0.000e+00
     21.100   5.836960  1023.0409 9.1575e-02   250.4624     0.0826     6.1733     97.390 4.7999e+02    36.0160    28.6318  0.000e+00
     21.116   5.837005  1023.0411 9.0354e-02   264.3110     0.0216     6.1729     97.385 4.8405e+02    36.0162    28.6319  0.000e+00
     21.174   5.837072  1023.0417 9.0354e-02   264.3110     0.0521     6.1726     97.380 5.0066e+02    36.0167    28.6319  0.000e+00
     21.174   5.837087  1023.0413 8.9133e-02   263.1462     0.0521     6.1683     97.312 5.0490e+02    36.0164    28.6323  0.000e+00
     21.231   5.837087  1023.0413 8.9133e-02   259.4575     0.0216     6.1679     97.306 5.0775e+02    36.0162    28.6326  0.000e+00
     21.231   5.837087  1023.0412 9.0354e-02   259.4575     0.0521     6.1713     97.361 5.1930e+02    36.0161    28.6327  0.000e+00
     21.281   5.837154  1023.0417 9.0354e-02   259.8458     0.0521     6.1713     97.361 5.2223e+02    36.0165    28.6328  0.000e+00
     21.231   5.837176  1023.0412 9.1575e-02   259.9105     0.0521     6.1670     97.294 5.2370e+02    36.0163    28.6333  0.000e+00
     21.355   5.837243  1023.0415 9.1575e-02   259.9752     0.0521     6.1707     97.352 5.2665e+02    36.0162    28.6339  0.000e+00
     21.355   5.837415  1023.0414 9.0354e-02   259.9105     0.0521     6.1665     97.289 5.2814e+02    36.0166    28.6350  0.000e+00
     21.355   5.837467  1023.0412 8.9133e-02   259.9105     0.0521     6.1662     97.284 5.3111e+02    36.0166    28.6355  0.000e+00
     21.338   5.837176  1023.0404 8.9133e-02   259.8458     0.0521     6.1660     97.279 5.4626e+02    36.0152    28.6346  0.000e+00
     21.421   5.836185  1023.0433 8.9133e-02   259.9752     0.0521     6.1668     97.278 5.5712e+02    36.0148    28.6261  0.000e+00
     21.479   5.835104  1023.0486 8.9133e-02   259.9105     0.0521     6.1717     97.338 5.5868e+02    36.0163    28.6142  0.000e+00
     21.421   5.834559  1023.0504 9.0354e-02   259.9105     0.0521     6.1684     97.277 5.7623e+02    36.0166    28.6088  0.000e+00
     21.479   5.834067  1023.0510 9.0354e-02   259.9105     0.0521     6.1686     97.275 5.9100e+02    36.0157    28.6055  0.000e+00
     21.479   5.833225  1023.0519 9.0354e-02   259.9105     0.0521     6.1650     97.208 5.9266e+02    36.0143    28.5996  0.000e+00
     21.462   5.832561  1023.0544 9.0354e-02   259.9105     0.0521     6.1691     97.262 5.8439e+02    36.0147    28.5929  0.000e+00
     21.536   5.832241  1023.0562 9.0354e-02   259.9105     0.0521     6.1654     97.199 5.7300e+02    36.0151    28.5894  0.000e+00
     21.479   5.832144  1023.0572 9.0354e-02   259.9105     0.0521     6.1652     97.193 5.7139e+02    36.0159    28.5875  0.000e+00
     21.479   5.832203  1023.0574 9.0354e-02   259.9105     0.0521     6.1688     97.249 5.6659e+02    36.0163    28.5876  0.000e+00
     21.536   5.832233  1023.0578 9.0354e-02   259.9105     0.0521     6.1687     97.248 5.5712e+02    36.0165    28.5876  0.000e+00
     21.536   5.832300  1023.0565 9.0354e-02   259.9105     0.0521     6.1645     97.184 5.5555e+02    36.0155    28.5894  0.000e+00
     21.520   5.832718  1023.0559 9.0354e-02   259.9105     0.0521     6.1638     97.179 5.4015e+02    36.0162    28.5924  0.000e+00
     21.536   5.833031  1023.0558 9.0354e-02   259.9105     0.0521     6.1674     97.239 5.1349e+02    36.0168    28.5945  0.000e+00
     21.536   5.833120  1023.0555 9.0354e-02   259.9752     0.0521     6.1672     97.237 5.0775e+02    36.0168    28.5953  0.000e+00
     21.536   5.833202  1023.0556 9.0354e-02   259.9105     0.0521     6.1673     97.239 5.0066e+02    36.0171    28.5957  0.000e+00
     21.536   5.833337  1023.0551 9.0354e-02   259.9105     0.0521     6.1674     97.243 4.8269e+02    36.0170    28.5970  0.000e+00
     21.536   5.833620  1023.0547 9.0354e-02   259.9105     0.0521     6.1634     97.183 4.7596e+02    36.0174    28.5991  0.000e+00
     21.586   5.834023  1023.0546 9.0354e-02   259.9105     0.0521     6.1631     97.183 4.7196e+02    36.0181    28.6018  0.000e+00
     21.536   5.834380  1023.0532 9.0354e-02   259.9752     0.0521     6.1666     97.243 4.5759e+02    36.0181    28.6051  0.000e+00
     21.536   5.834574  1023.0519 8.9133e-02   259.9105     0.0521     6.1665     97.246 4.5247e+02    36.0175    28.6077  0.000e+00
     21.536   5.834858  1023.0512 9.0354e-02   259.9105     0.0521     6.1664     97.248 4.5120e+02    36.0176    28.6101  0.000e+00
     21.602   5.835186  1023.0504 9.0354e-02   259.9105     0.0521     6.1663     97.251 4.4490e+02    36.0175    28.6132  0.000e+00
     21.520   5.835588  1023.0487 9.0354e-02   259.9105     0.0521     6.1619     97.188 4.3992e+02    36.0174    28.6171  0.000e+00
     21.602   5.835879  1023.0473 8.9133e-02   259.9105     0.0521     6.1655     97.251 4.3869e+02    36.0168    28.6206  0.000e+00
     21.536   5.836080  1023.0458 1.1355e-01   149.3806     0.1742     6.1652     97.250 4.3501e+02    36.0162    28.6232  0.000e+00
     21.536   5.836162  1023.0449 1.1233e-01    22.8018     0.1742     6.1651     97.250 4.3135e+02    36.0157    28.6246  0.000e+00
     21.536   5.836244  1023.0441 1.1111e-01    -0.6890     0.1437     6.1652     97.253 4.3014e+02    36.0153    28.6260  0.000e+00
     21.602   5.836416  1023.0440 1.1233e-01    -0.6890     0.1437     6.1612     97.192 4.4241e+02    36.0153    28.6275  0.000e+00
     21.519   5.836602  1023.0439 1.1233e-01    -0.3654     0.1437     6.1608     97.188 4.5247e+02    36.0160    28.6283  0.000e+00
     21.536   5.836684  1023.0431 1.1233e-01     1.3818     0.1437     6.1605     97.185 4.5120e+02    36.0155    28.6297  0.000e+00
     21.602   5.836766  1023.0436 1.1111e-01     1.8995     0.1437     6.1604     97.184 4.8269e+02    36.0159    28.6299  0.000e+00
     21.536   5.836863  1023.0432 1.1111e-01     1.8995     0.1437     6.1601     97.180 5.1494e+02    36.0161    28.6306  0.000e+00
     21.536   5.836923  1023.0432 1.1111e-01     1.8348     0.1437     6.1599     97.178 5.1930e+02    36.0162    28.6310  0.000e+00
     21.536   5.836975  1023.0432 1.1233e-01     1.7701     0.1437     6.1597     97.176 5.2223e+02    36.0164    28.6312  0.000e+00
     21.585   5.836915  1023.0430 1.1233e-01     1.7701     0.1437     6.1557     97.113 5.2665e+02    36.0159    28.6313  0.000e+00
     21.536   5.836923  1023.0428 1.1111e-01     1.7701     0.1437     6.1556     97.110 5.2814e+02    36.0159    28.6314  0.000e+00
     21.536   5.836901  1023.0428 1.1111e-01     1.8995     0.1437     6.1592     97.168 5.2962e+02    36.0158    28.6313  0.000e+00
     21.536   5.836818  1023.0427 1.1233e-01     2.2878     0.1437     6.1594     97.169 5.2814e+02    36.0156    28.6309  0.000e+00
     21.536   5.836580  1023.0431 1.1233e-01     2.4172     0.1437     6.1558     97.110 5.2665e+02    36.0152    28.6291  0.000e+00
     21.602   5.835864  1023.0446 1.1233e-01     2.4172     0.1437     6.1603     97.172 5.2517e+02    36.0144    28.6236  0.000e+00
     21.519   5.835044  1023.0463 1.1233e-01     2.4172     0.1437     6.1570     97.109 5.2223e+02    36.0141    28.6165  0.000e+00
     21.602   5.834485  1023.0484 1.1233e-01     2.4172     0.1742     6.1574     97.106 5.2076e+02    36.0141    28.6114  0.000e+00
     21.536   5.834224  1023.0489 1.1233e-01     2.4172     0.1437     6.1576     97.106 5.2076e+02    36.0141    28.6090  0.000e+00
     21.602   5.834216  1023.0503 1.1233e-01     2.4172     0.1742     6.1578     97.107 5.2076e+02    36.0150    28.6077  0.000e+00
     21.536   5.834298  1023.0508 1.1111e-01     2.4172     0.1437     6.1615     97.166 5.2076e+02    36.0159    28.6073  0.000e+00
     21.585   5.834283  1023.0511 1.1111e-01     2.4172     0.1437     6.1579     97.109 5.2076e+02    36.0159    28.6071  0.000e+00
     21.602   5.834164  1023.0515 1.1233e-01     2.4172     0.1437     6.1618     97.169 5.2076e+02    36.0159    28.6060  0.000e+00
     21.602   5.833918  1023.0527 1.1111e-01     2.4172     0.1742     6.1622     97.170 5.2076e+02    36.0163    28.6033  0.000e+00
     21.536   5.833851  1023.0525 1.1111e-01     3.8409     0.1437     6.1623     97.171 5.2076e+02    36.0161    28.6029  0.000e+00
     21.659   5.833777  1023.0529 1.1355e-01   150.8043     0.1742     6.1625     97.174 5.2665e+02    36.0158    28.6025  0.000e+00
     21.602   5.833680  1023.0531 9.0354e-02   253.8922     0.0521     6.1629     97.178 5.2814e+02    36.0160    28.6014  0.000e+00
     21.585   5.833694  1023.0532 9.0354e-02   264.3110     0.0521     6.1630     97.180 5.2814e+02    36.0161    28.6014  0.000e+00
     21.659   5.833955  1023.0533 9.0354e-02   264.3110     0.0521     6.1630     97.183 5.1784e+02    36.0166    28.6031  0.000e+00
     21.659   5.834179  1023.0533 9.0354e-02   262.6932     0.0521     6.1628     97.182 5.1349e+02    36.0172    28.6044  0.000e+00
     21.601   5.834261  1023.0527 9.0354e-02   259.4575     0.0521     6.1667     97.245 5.1205e+02    36.0171    28.6053  0.000e+00
     21.717   5.834134  1023.0532 9.0354e-02   259.5222     0.0521     6.1670     97.248 5.0207e+02    36.0168    28.6046  0.000e+00
     21.659   5.833941  1023.0528 8.9133e-02   259.8458     0.0521     6.1672     97.250 4.9367e+02    36.0161    28.6036  0.000e+00
     21.700   5.833754  1023.0526 9.0354e-02   259.9105     0.0521     6.1676     97.255 4.9091e+02    36.0154    28.6029  0.000e+00
     21.659   5.833598  1023.0524 9.0354e-02   259.9105     0.0521     6.1680     97.259 4.8542e+02    36.0150    28.6020  0.000e+00
     21.717   5.833598  1023.0530 9.0354e-02   259.9105     0.0521     6.1682     97.262 4.7999e+02    36.0153    28.6016  0.000e+00
     21.717   5.833717  1023.0526 9.0354e-02   259.9105     0.0521     6.1682     97.264 4.7730e+02    36.0152    28.6027  0.000e+00
     21.717   5.833821  1023.0522 1.0989e-01   182.4490     0.1742     6.1723     97.330 4.6800e+02    36.0151    28.6038  0.000e+00
     21.783   5.833851  1023.0519 1.1233e-01    44.2219     0.1437     6.1688     97.277 4.5502e+02    36.0148    28.6046  0.000e+00
     21.766   5.833985  1023.0521 1.1233e-01     2.6761     0.1437     6.1730     97.343 4.5120e+02    36.0153    28.6051  0.000e+00
     21.783   5.834105  1023.0514 1.1355e-01     4.2939     0.1437     6.1733     97.350 4.4741e+02    36.0150    28.6066  0.000e+00
     21.783   5.834239  1023.0513 1.1355e-01     9.6651     0.1742     6.1735     97.354 4.3992e+02    36.0152    28.6075  0.000e+00
     21.840   5.834380  1023.0513 1.1355e-01    11.2182     0.1742     6.1736     97.359 4.3623e+02    36.0154    28.6086  0.000e+00
     21.783   5.834485  1023.0510 1.1233e-01    11.1535     0.1437     6.1739     97.365 4.3746e+02    36.0156    28.6093  0.000e+00
