WS23139_STN15_13CTD.cnv
* Sea-Bird SBE 9 Data File:
* FileName = C:\ctd\Cruise_Data\WS23139_Rosenheim\WS23139_Rosenheim_STN15.hex
* Software Version Seasave V 7.26.7.121
* Temperature SN = 4097 MTG 177
* Conductivity SN = 1851 MTG 053
* Number of Bytes Per Scan = 40
* Number of Voltage Words = 5
* Number of Scans Averaged by the Deck Unit = 1
* NMEA Latitude = 05 38.90 N
* NMEA Longitude = 053 20.40 W
* NMEA UTC (Time) = Jun 15 2023 15:49:49
** Ship:
** Station:
** Operator:
# nquan = 12
# nvalues = 8782                                  
# units = specified
# name 0 = depSM: Depth [salt water, m]
# name 1 = c0S/m: Conductivity [S/m]
# name 2 = density00: Density [density, kg/m^3]
# name 3 = flSP: Fluorescence, Seapoint
# name 4 = wetCDOM: Fluorescence, WET Labs CDOM [mg/m^3]
# name 5 = flECO-AFL: Fluorescence, WET Labs ECO-AFL/FL [mg/m^3]
# name 6 = sbeox0Mg/L: Oxygen, SBE 43 [mg/l]
# name 7 = sbeox0PS: Oxygen, SBE 43 [% saturation]
# name 8 = par: PAR/Irradiance, Biospherical/Licor [Watts/m^2]
# name 9 = sal00: Salinity, Practical [PSU]
# name 10 = t090C: Temperature [ITS-90, deg C]
# name 11 = flag:  0.000e+00
# span 0 =      2.297,      7.550                 
# span 1 =   3.801835,   5.692962                 
# span 2 =  1013.5737,  1023.3863                 
# span 3 = 1.2210e-03, 2.6129e-01                 
# span 4 =    -0.6890,   264.3110                 
# span 5 =    -0.1005,     6.4318                 
# span 6 =    -0.2051,     7.0741                 
# span 7 =     -3.166,    109.335                 
# span 8 = 9.8755e-02, 4.7063e+02                 
# span 9 =    22.9223,    35.9932                 
# span 10 =    27.3234,    28.3517                
# span 11 = 0.0000e+00, 0.0000e+00                
# interval = seconds: 0.0416667
# start_time = Jun 15 2023 15:49:49 [NMEA time, header]
# bad_flag = -9.990e-29
*END*
[from data line 2166]
      2.842   5.644733  1022.9509 1.5263e-01     2.8702     2.2804     5.3379     82.465 3.3775e+02    35.5152    27.5192  0.000e+00
      2.809   5.643652  1022.9395 1.5263e-01    96.1217     2.2804     5.3393     82.489 3.4157e+02    35.5028    27.5254  0.000e+00
      2.842   5.643123  1022.9315 1.3187e-01   233.1193     2.1583     5.3407     82.515 3.4447e+02    35.4946    27.5313  0.000e+00
      2.809   5.642991  1022.9304 1.2454e-01   264.3110     2.3415     5.3422     82.539 3.4934e+02    35.4934    27.5317  0.000e+00
      2.784   5.642836  1022.9296 1.2332e-01   264.3110     2.3415     5.3478     82.624 3.5330e+02    35.4924    27.5315  0.000e+00
      2.842   5.643130  1022.9318 1.2332e-01   264.3110     2.3109     5.3496     82.652 3.5429e+02    35.4948    27.5311  0.000e+00
      2.751   5.644013  1022.9384 1.2332e-01   259.8458     2.3109     5.3552     82.739 3.5830e+02    35.5030    27.5286  0.000e+00
      2.841   5.645064  1022.9484 1.2332e-01   259.5222     2.3109     5.3531     82.706 3.6337e+02    35.5139    27.5240  0.000e+00
      2.809   5.645307  1022.9531 1.2454e-01   259.9105     2.3109     5.3548     82.729 3.6439e+02    35.5186    27.5201  0.000e+00
      2.718   5.644424  1022.9518 1.2576e-01   260.1047     2.3109     5.3569     82.755 3.6645e+02    35.5155    27.5159  0.000e+00
      2.809   5.643270  1022.9419 1.2821e-01   260.1047     2.3109     5.3586     82.782 3.7059e+02    35.5038    27.5205  0.000e+00
      2.784   5.641800  1022.9286 1.2943e-01   260.1047     2.3109     5.3598     82.802 3.7268e+02    35.4890    27.5264  0.000e+00
      2.808   5.637633  1022.8927 1.3065e-01   260.0399     2.3109     5.3611     82.824 3.7373e+02    35.4477    27.5418  0.000e+00
      2.784   5.630566  1022.8204 1.3309e-01   260.1047     2.3109     5.3653     82.904 3.7902e+02    35.3685    27.5804  0.000e+00
      2.784   5.622952  1022.7434 1.3187e-01   260.0399     2.3109     5.3618     82.866 3.8009e+02    35.2838    27.6213  0.000e+00
      2.751   5.616392  1022.6866 1.3187e-01   260.1047     2.3109     5.3627     82.883 3.8116e+02    35.2190    27.6457  0.000e+00
      2.784   5.611360  1022.6421 1.3187e-01   260.0399     2.3109     5.3635     82.899 3.8547e+02    35.1683    27.6658  0.000e+00
      2.751   5.608362  1022.6187 1.3187e-01   260.0399     2.3109     5.3646     82.914 3.8655e+02    35.1410    27.6741  0.000e+00
      2.784   5.607372  1022.6157 1.3187e-01   260.0399     2.3109     5.3658     82.928 3.8655e+02    35.1357    27.6717  0.000e+00
      2.808   5.607269  1022.6210 1.3187e-01   260.0399     2.2804     5.3670     82.939 3.8764e+02    35.1398    27.6653  0.000e+00
      2.718   5.607563  1022.6268 1.3187e-01   260.0399     2.0973     5.3717     83.007 3.8873e+02    35.1459    27.6600  0.000e+00
      2.751   5.607753  1022.6301 1.3309e-01   260.0399     2.0057     5.3727     83.021 3.8764e+02    35.1490    27.6576  0.000e+00
      2.841   5.607790  1022.6310 1.3187e-01   260.1047     1.9752     5.3735     83.034 3.8764e+02    35.1495    27.6572  0.000e+00
      2.660   5.608098  1022.6335 1.3065e-01   260.0399     2.0057     5.3782     83.105 3.8873e+02    35.1531    27.6554  0.000e+00
      2.808   5.609271  1022.6436 1.2943e-01   260.0399     2.0057     5.3750     83.056 3.8764e+02    35.1641    27.6517  0.000e+00
      2.718   5.611595  1022.6525 1.3065e-01   260.0399     2.0057     5.3748     83.063 3.8873e+02    35.1779    27.6553  0.000e+00
      2.808   5.614147  1022.6645 1.3065e-01   260.0399     2.0057     5.3784     83.131 3.8764e+02    35.1943    27.6574  0.000e+00
      2.784   5.616062  1022.6751 1.3187e-01   260.0399     2.0057     5.3788     83.141 3.8983e+02    35.2083    27.6569  0.000e+00
      2.751   5.617390  1022.6859 1.2943e-01   260.0399     2.0057     5.3792     83.149 3.8873e+02    35.2209    27.6525  0.000e+00
      2.784   5.618813  1022.7045 1.2821e-01   259.9752     2.0057     5.3842     83.218 3.8764e+02    35.2402    27.6402  0.000e+00
      2.751   5.620831  1022.7184 1.2698e-01   260.0399     2.0057     5.3847     83.228 3.8764e+02    35.2573    27.6365  0.000e+00
      2.784   5.622967  1022.7389 1.2698e-01   260.0399     1.9752     5.3815     83.176 3.8655e+02    35.2799    27.6265  0.000e+00
      2.751   5.624890  1022.7586 1.2821e-01   260.0399     1.9752     5.3820     83.179 3.8439e+02    35.3017    27.6157  0.000e+00
      2.718   5.626666  1022.7621 1.3187e-01   260.0399     2.0057     5.3856     83.247 3.8439e+02    35.3094    27.6222  0.000e+00
      2.784   5.629001  1022.7770 1.3431e-01   260.0399     2.0057     5.3894     83.311 3.8439e+02    35.3277    27.6197  0.000e+00
      2.808   5.631932  1022.8133 1.3553e-01   260.1047     2.0057     5.3906     83.316 3.8009e+02    35.3658    27.5967  0.000e+00
      2.718   5.634547  1022.8428 1.3553e-01   260.0399     2.0057     5.3914     83.319 3.8009e+02    35.3978    27.5788  0.000e+00
      2.808   5.636068  1022.8652 1.3431e-01   260.0399     2.0057     5.3964     83.385 3.7902e+02    35.4204    27.5632  0.000e+00
      2.784   5.636259  1022.8641 1.5263e-01   200.5039     1.7615     5.4005     83.451 3.7690e+02    35.4201    27.5655  0.000e+00
      2.808   5.635296  1022.8517 1.5873e-01    48.0399     1.9752     5.4009     83.462 3.7478e+02    35.4070    27.5737  0.000e+00
      2.718   5.633621  1022.8351 1.5629e-01    -0.6890     1.9752     5.4052     83.532 3.7478e+02    35.3890    27.5819  0.000e+00
      2.808   5.631557  1022.8195 1.5507e-01    -0.6890     1.9752     5.4099     83.603 3.7163e+02    35.3701    27.5875  0.000e+00
      2.718   5.629883  1022.8025 1.5629e-01    -0.6890     1.9752     5.4143     83.674 3.7163e+02    35.3518    27.5961  0.000e+00
      2.841   5.628605  1022.7936 1.6117e-01     1.4465     1.9752     5.4192     83.749 3.7059e+02    35.3405    27.5990  0.000e+00
      2.808   5.627856  1022.7950 1.6484e-01     2.2231     1.9752     5.4248     83.827 3.6851e+02    35.3399    27.5928  0.000e+00
      2.783   5.627739  1022.7991 1.6606e-01     2.2231     1.9752     5.4343     83.968 3.6748e+02    35.3431    27.5875  0.000e+00
      2.750   5.628238  1022.7998 1.6728e-01     2.1584     2.6162     5.4357     83.993 3.6748e+02    35.3451    27.5895  0.000e+00
      2.717   5.628950  1022.7980 1.6850e-01     2.0937     3.1046     5.4407     84.078 3.6439e+02    35.3456    27.5956  0.000e+00
      2.808   5.629618  1022.8008 1.6972e-01     2.0937     3.1962     5.4461     84.166 3.6439e+02    35.3493    27.5968  0.000e+00
      2.783   5.630779  1022.8124 1.7094e-01     2.1584     3.1656     5.4558     84.313 3.6542e+02    35.3622    27.5906  0.000e+00
      2.808   5.632769  1022.8337 1.7216e-01     8.8238     3.1351     5.4619     84.402 3.6542e+02    35.3852    27.5788  0.000e+00
      2.841   5.634407  1022.8433 1.7338e-01   164.6529     2.9214     5.4714     84.553 3.6542e+02    35.3974    27.5780  0.000e+00
      2.750   5.634694  1022.8452 1.4408e-01   257.5161     3.1656     5.4813     84.707 3.6542e+02    35.4001    27.5772  0.000e+00
      2.783   5.633915  1022.8393 1.4408e-01   264.3110     3.2572     5.4918     84.868 3.6542e+02    35.3931    27.5792  0.000e+00
      2.783   5.633276  1022.8372 1.4408e-01   264.3110     3.2572     5.4986     84.970 3.6439e+02    35.3896    27.5778  0.000e+00
      2.808   5.633386  1022.8429 1.4164e-01   262.2402     3.2267     5.5058     85.076 3.6645e+02    35.3946    27.5722  0.000e+00
      2.841   5.634481  1022.8577 1.3919e-01   259.4575     3.2267     5.5129     85.179 3.6645e+02    35.4098    27.5623  0.000e+00
      2.750   5.636222  1022.8700 1.3797e-01   259.6517     3.2267     5.5233     85.341 3.6748e+02    35.4251    27.5585  0.000e+00
      2.783   5.637508  1022.8805 1.3797e-01   260.0399     3.2267     5.5340     85.507 3.6851e+02    35.4371    27.5546  0.000e+00
      2.808   5.639044  1022.8971 1.3675e-01   260.0399     3.1962     5.5412     85.614 3.6851e+02    35.4551    27.5453  0.000e+00
      2.841   5.640918  1022.9155 1.3675e-01   260.0399     3.2267     5.5483     85.720 3.6955e+02    35.4753    27.5361  0.000e+00
      2.808   5.642506  1022.9350 1.3797e-01   260.0399     3.1962     5.5595     85.886 3.6955e+02    35.4960    27.5236  0.000e+00
      2.783   5.643190  1022.9505 1.3797e-01   260.0399     3.2267     5.5674     85.996 3.6851e+02    35.5111    27.5102  0.000e+00
      2.783   5.642954  1022.9514 1.3797e-01   260.0399     3.1962     5.5744     86.100 3.7163e+02    35.5112    27.5079  0.000e+00
      2.874   5.642352  1022.9454 1.3797e-01   260.0399     3.2267     5.5850     86.266 3.7163e+02    35.5042    27.5114  0.000e+00
      2.783   5.641771  1022.9362 1.3797e-01   260.0399     3.1962     5.5913     86.368 3.7163e+02    35.4953    27.5178  0.000e+00
      2.874   5.641565  1022.9301 1.3675e-01   260.0399     3.1962     5.5976     86.471 3.7059e+02    35.4892    27.5238  0.000e+00
      2.783   5.641712  1022.9244 1.3675e-01   260.0399     3.1962     5.6034     86.569 3.7373e+02    35.4851    27.5306  0.000e+00
      2.808   5.641874  1022.9225 1.3675e-01   260.0399     3.1962     5.6095     86.667 3.7373e+02    35.4838    27.5338  0.000e+00
      2.841   5.642013  1022.9238 1.3797e-01   260.0399     3.1962     5.6159     86.765 3.7478e+02    35.4852    27.5334  0.000e+00
      2.808   5.642219  1022.9272 1.3919e-01   260.0399     3.2267     5.6182     86.799 3.7373e+02    35.4887    27.5306  0.000e+00
      2.841   5.642278  1022.9283 1.4042e-01   260.0399     3.1962     5.6241     86.890 3.7373e+02    35.4897    27.5299  0.000e+00
      2.841   5.642454  1022.9288 1.4042e-01   260.1047     3.0435     5.6299     86.981 3.7373e+02    35.4906    27.5303  0.000e+00
      2.874   5.642447  1022.9298 1.3919e-01   260.0399     2.8604     5.6355     87.066 3.7373e+02    35.4913    27.5293  0.000e+00
      2.841   5.642175  1022.9299 1.3797e-01   260.1047     2.8299     5.6370     87.087 3.7163e+02    35.4907    27.5275  0.000e+00
      2.808   5.642366  1022.9324 1.4652e-01   231.6309     2.6772     5.6423     87.166 3.7059e+02    35.4935    27.5256  0.000e+00
      2.841   5.642984  1022.9373 1.6606e-01    72.1779     2.8299     5.6432     87.181 3.6748e+02    35.4991    27.5240  0.000e+00
      2.874   5.643748  1022.9398 1.6728e-01     1.8348     2.7993     5.6475     87.253 3.6851e+02    35.5031    27.5260  0.000e+00
      2.841   5.645292  1022.9462 1.6606e-01    -0.6890     2.7688     5.6476     87.262 3.6235e+02    35.5126    27.5278  0.000e+00
      2.874   5.647792  1022.9631 1.6484e-01     1.5112     2.7993     5.6476     87.266 3.6133e+02    35.5332    27.5240  0.000e+00
      2.899   5.652256  1022.9928 1.6484e-01     4.4233     2.7993     5.6507     87.323 3.5931e+02    35.5698    27.5176  0.000e+00
      2.808   5.658002  1023.0320 1.6361e-01     5.0057     2.7993     5.6495     87.314 3.5429e+02    35.6181    27.5077  0.000e+00
      2.899   5.662536  1023.0691 1.6361e-01     4.8763     2.7688     5.6489     87.304 3.4934e+02    35.6608    27.4938  0.000e+00
      2.898   5.665342  1023.0976 1.6606e-01     4.7469     2.7688     5.6524     87.352 3.4836e+02    35.6923    27.4787  0.000e+00
      2.874   5.666078  1023.1123 1.6606e-01     4.7469     2.7688     5.6520     87.335 3.4350e+02    35.7067    27.4667  0.000e+00
      2.964   5.665372  1023.1149 1.6606e-01     4.7469     2.7688     5.6551     87.375 3.3871e+02    35.7067    27.4601  0.000e+00
      2.874   5.665607  1023.1204 1.6606e-01     4.7469     2.7688     5.6499     87.289 3.3775e+02    35.7123    27.4549  0.000e+00
      2.898   5.667743  1023.1406 1.6484e-01     4.7469     2.7688     5.6482     87.261 3.3398e+02    35.7349    27.4452  0.000e+00
      2.874   5.672126  1023.1747 1.6361e-01     4.4880     2.7688     5.6458     87.227 3.2655e+02    35.7752    27.4334  0.000e+00
      2.898   5.677461  1023.2178 1.6117e-01     4.2939     2.7993     5.6434     87.190 3.2563e+02    35.8255    27.4173  0.000e+00
      2.989   5.681589  1023.2526 1.5995e-01     4.2292     2.7688     5.6409     87.152 3.2109e+02    35.8653    27.4037  0.000e+00
      2.898   5.684184  1023.2738 1.5873e-01     4.2939     2.7993     5.6381     87.109 3.1395e+02    35.8903    27.3952  0.000e+00
      2.841   5.685098  1023.2849 1.5751e-01     4.2939     2.7688     5.6395     87.126 3.1043e+02    35.9023    27.3881  0.000e+00
      2.989   5.684863  1023.2905 1.5751e-01     4.2939     2.7688     5.6373     87.084 3.0783e+02    35.9060    27.3811  0.000e+00
      3.022   5.684951  1023.2918 1.5751e-01     4.2292     2.7993     5.6307     86.981 2.9929e+02    35.9072    27.3804  0.000e+00
      2.931   5.685821  1023.2948 1.5629e-01     4.2292     2.7688     5.6230     86.868 2.9595e+02    35.9122    27.3819  0.000e+00
      2.964   5.686514  1023.3013 1.5629e-01     4.2939     2.7688     5.6195     86.813 2.9429e+02    35.9194    27.3789  0.000e+00
      2.931   5.686891  1023.3070 1.5629e-01     4.2939     2.7688     5.6161     86.756 2.8693e+02    35.9254    27.3747  0.000e+00
      2.964   5.687038  1023.3104 1.5751e-01     4.2939     2.4025     5.6127     86.702 2.8452e+02    35.9285    27.3720  0.000e+00
      2.989   5.686935  1023.3116 1.5751e-01     4.2939     1.7615     5.6093     86.646 2.8293e+02    35.9292    27.3701  0.000e+00
      2.964   5.686330  1023.3076 1.5629e-01     7.7884     1.5783     5.6059     86.593 2.7586e+02    35.9243    27.3709  0.000e+00
      2.989   5.684678  1023.2937 1.5629e-01    16.1364     1.5783     5.6026     86.542 2.7201e+02    35.9082    27.3765  0.000e+00
      3.022   5.683211  1023.2810 1.5629e-01    18.8543     1.5783     5.5955     86.433 2.7201e+02    35.8935    27.3820  0.000e+00
      3.022   5.682746  1023.2772 1.5873e-01    18.9838     1.6089     5.5882     86.320 2.6447e+02    35.8890    27.3835  0.000e+00
      2.989   5.682628  1023.2743 1.5873e-01    18.7249     1.6089     5.5845     86.266 2.6004e+02    35.8864    27.3859  0.000e+00
      3.022   5.682120  1023.2688 1.5629e-01    18.5955     1.6089     5.5810     86.212 2.5858e+02    35.8803    27.3890  0.000e+00
      3.055   5.680940  1023.2559 1.5507e-01    18.5308     1.6089     5.5775     86.163 2.5497e+02    35.8662    27.3964  0.000e+00
      3.022   5.679458  1023.2393 1.5385e-01    18.5308     1.6089     5.5702     86.055 2.5141e+02    35.8484    27.4059  0.000e+00
      3.055   5.678242  1023.2303 1.5385e-01    18.5308     1.6089     5.5672     86.008 2.5071e+02    35.8375    27.4088  0.000e+00
      3.022   5.677461  1023.2245 1.5385e-01    18.5308     1.6089     5.5603     85.899 2.4930e+02    35.8307    27.4105  0.000e+00
      3.055   5.677446  1023.2253 1.5507e-01    18.5308     1.6089     5.5535     85.794 2.4652e+02    35.8312    27.4096  0.000e+00
      3.022   5.678146  1023.2312 1.5507e-01    18.5308     1.6089     5.5505     85.747 2.4652e+02    35.8381    27.4072  0.000e+00
      3.055   5.679348  1023.2420 1.5629e-01    18.5308     1.6089     5.5478     85.704 2.4582e+02    35.8502    27.4025  0.000e+00
      3.088   5.680476  1023.2514 1.5629e-01    17.7542     1.6089     5.5413     85.604 2.4376e+02    35.8611    27.3988  0.000e+00
      3.022   5.680675  1023.2518 1.5629e-01    17.3659     1.6089     5.5347     85.503 2.4376e+02    35.8622    27.3993  0.000e+00
      3.055   5.680306  1023.2491 1.5629e-01    17.3012     1.6089     5.5322     85.464 2.4307e+02    35.8588    27.4003  0.000e+00
      3.088   5.679797  1023.2463 1.5629e-01    17.3012     1.6089     5.5260     85.367 2.4239e+02    35.8550    27.4005  0.000e+00
      3.055   5.679119  1023.2395 1.5629e-01    17.3012     1.6089     5.5196     85.269 2.4307e+02    35.8475    27.4039  0.000e+00
      3.022   5.678662  1023.2347 1.5629e-01    17.3012     1.6089     5.5132     85.171 2.4307e+02    35.8424    27.4063  0.000e+00
