WS23139_STN10_09CTD.cnv
* Sea-Bird SBE 9 Data File:
* FileName = C:\ctd\Cruise_Data\WS23139_Rosenheim\WS23139_Rosenheim_STN10_02.hex
* Software Version Seasave V 7.26.7.121
* Temperature SN = 4097 MTG 177
* Conductivity SN = 1851 MTG 053
* Number of Bytes Per Scan = 40
* Number of Voltage Words = 5
* Number of Scans Averaged by the Deck Unit = 1
* NMEA Latitude = 04 57.51 N
* NMEA Longitude = 051 40.36 W
* NMEA UTC (Time) = Jun 11 2023 19:11:47
** Ship:
** Station:
** Operator:
# nquan = 12
# nvalues = 10066                                 
# units = specified
# name 0 = depSM: Depth [salt water, m]
# name 1 = c0S/m: Conductivity [S/m]
# name 2 = density00: Density [density, kg/m^3]
# name 3 = flSP: Fluorescence, Seapoint
# name 4 = wetCDOM: Fluorescence, WET Labs CDOM [mg/m^3]
# name 5 = flECO-AFL: Fluorescence, WET Labs ECO-AFL/FL [mg/m^3]
# name 6 = sbeox0Mg/L: Oxygen, SBE 43 [mg/l]
# name 7 = sbeox0PS: Oxygen, SBE 43 [% saturation]
# name 8 = par: PAR/Irradiance, Biospherical/Licor [Watts/m^2]
# name 9 = sal00: Salinity, Practical [PSU]
# name 10 = t090C: Temperature [ITS-90, deg C]
# name 11 = flag:  0.000e+00
# span 0 =      2.042,     51.270                 
# span 1 =   4.799006,   5.719172                 
# span 2 =  1017.8948,  1024.3749                 
# span 3 = 4.8840e-03, 1.6850e-01                 
# span 4 =    -0.6890,   264.3110                 
# span 5 =     0.1131,     2.4025                 
# span 6 =     4.1453,     6.6848                 
# span 7 =     62.646,    101.052                 
# span 8 = 5.7150e-01, 1.0429e+03                 
# span 9 =    29.1195,    36.4543                 
# span 10 =    25.8716,    28.3183                
# span 11 = 0.0000e+00, 0.0000e+00                
# interval = seconds: 0.0416667
# start_time = Jun 11 2023 19:11:47 [NMEA time, header]
# bad_flag = -9.990e-29
*END*
[from data line 3970]
     46.458   5.597184  1024.3540 9.7680e-02   259.8458     0.1742     4.6106     69.678 2.1794e+00    36.4341    25.8801  0.000e+00
     46.515   5.597184  1024.3541 9.7680e-02   259.9105     0.1742     4.6065     69.616 2.1733e+00    36.4339    25.8803  0.000e+00
     46.515   5.597125  1024.3541 9.7680e-02   259.9105     0.2047     4.6104     69.674 2.1794e+00    36.4338    25.8799  0.000e+00
     46.458   5.597169  1024.3541 9.6459e-02   259.9105     0.2047     4.6105     69.677 2.1733e+00    36.4341    25.8799  0.000e+00
     46.515   5.597147  1024.3540 1.0501e-01   225.1596     0.2352     4.6106     69.678 2.1672e+00    36.4338    25.8801  0.000e+00
     46.515   5.597111  1024.3541 1.1966e-01    74.6370     0.2352     4.6106     69.678 2.1672e+00    36.4338    25.8797  0.000e+00
     46.581   5.597133  1024.3547 1.2088e-01    12.6419     0.2658     4.6106     69.678 2.1549e+00    36.4341    25.8795  0.000e+00
     46.515   5.597177  1024.3545 1.2088e-01     8.8238     0.2352     4.6106     69.678 2.1489e+00    36.4343    25.8797  0.000e+00
     46.581   5.597162  1024.3547 1.2088e-01    14.5833     0.2658     4.6147     69.740 2.1489e+00    36.4342    25.8797  0.000e+00
     46.515   5.597103  1024.3543 1.2088e-01    16.9130     0.2658     4.6067     69.619 2.1428e+00    36.4339    25.8795  0.000e+00
     46.573   5.597133  1024.3549 1.2210e-01    17.1071     0.2658     4.6068     69.619 2.1367e+00    36.4343    25.8793  0.000e+00
     46.581   5.597147  1024.3550 1.2332e-01    16.8482     0.2658     4.6109     69.682 2.1428e+00    36.4344    25.8793  0.000e+00
     46.639   5.597147  1024.3552 1.2210e-01    16.7835     0.2658     4.6107     69.679 2.1367e+00    36.4343    25.8794  0.000e+00
     46.573   5.597140  1024.3549 1.2210e-01    16.7835     0.2658     4.6066     69.617 2.1247e+00    36.4343    25.8793  0.000e+00
     46.639   5.597111  1024.3550 1.2210e-01    16.7835     0.2658     4.6106     69.677 2.1307e+00    36.4341    25.8793  0.000e+00
     46.639   5.597103  1024.3549 1.2210e-01    16.7835     0.2658     4.6106     69.677 2.1187e+00    36.4340    25.8794  0.000e+00
     46.639   5.597169  1024.3553 1.2088e-01    16.9777     0.2658     4.6106     69.678 2.1127e+00    36.4345    25.8793  0.000e+00
     46.639   5.597125  1024.3552 1.2210e-01   149.6394     0.2658     4.6065     69.616 2.1068e+00    36.4343    25.8792  0.000e+00
     46.697   5.597125  1024.3555 9.7680e-02   252.0802     0.2047     4.6064     69.613 2.1008e+00    36.4343    25.8791  0.000e+00
     46.697   5.597081  1024.3554 9.7680e-02   264.3110     0.2047     4.6062     69.611 2.0949e+00    36.4341    25.8790  0.000e+00
     46.697   5.597060  1024.3553 9.7680e-02   264.3110     0.2352     4.6061     69.608 2.0949e+00    36.4340    25.8790  0.000e+00
     46.697   5.597125  1024.3560 9.7680e-02   262.6285     0.2352     4.6059     69.606 2.0772e+00    36.4347    25.8786  0.000e+00
     46.763   5.597140  1024.3562 9.7680e-02   259.4575     0.2352     4.6099     69.666 2.0655e+00    36.4347    25.8788  0.000e+00
     46.763   5.597111  1024.3562 9.7680e-02   259.5222     0.2352     4.6100     69.668 2.0597e+00    36.4346    25.8786  0.000e+00
     46.755   5.597074  1024.3558 9.7680e-02   259.8458     0.2352     4.6059     69.606 2.0538e+00    36.4342    25.8788  0.000e+00
     46.821   5.597126  1024.3563 9.7680e-02   259.9105     0.2352     4.6017     69.543 2.0365e+00    36.4346    25.8788  0.000e+00
     46.821   5.597118  1024.3566 9.7680e-02   259.9105     0.2352     4.6055     69.600 2.0365e+00    36.4348    25.8784  0.000e+00
     46.821   5.597060  1024.3561 9.7680e-02   259.9105     0.2352     4.6054     69.598 2.0250e+00    36.4342    25.8786  0.000e+00
     46.887   5.597082  1024.3565 9.7680e-02   259.8458     0.2352     4.6014     69.538 2.0022e+00    36.4344    25.8786  0.000e+00
     46.887   5.597038  1024.3563 1.1722e-01   190.0204     0.2963     4.6012     69.534 1.9966e+00    36.4340    25.8786  0.000e+00
     46.945   5.597111  1024.3569 1.1966e-01    47.7164     0.2658     4.6009     69.530 1.9910e+00    36.4346    25.8786  0.000e+00
     46.945   5.597118  1024.3573 1.1966e-01     2.5467     0.2658     4.6048     69.588 1.9741e+00    36.4349    25.8783  0.000e+00
     46.945   5.597023  1024.3564 1.2088e-01     3.4526     0.2658     4.6006     69.526 1.9575e+00    36.4339    25.8786  0.000e+00
     47.002   5.597038  1024.3571 1.2210e-01     8.7591     0.2963     4.6004     69.523 1.9630e+00    36.4343    25.8783  0.000e+00
     47.068   5.597089  1024.3573 1.2332e-01    10.5064     0.2963     4.6002     69.520 1.9300e+00    36.4344    25.8786  0.000e+00
     47.002   5.597074  1024.3569 1.2210e-01    10.4416     0.2963     4.6000     69.516 1.9245e+00    36.4343    25.8786  0.000e+00
     47.126   5.597016  1024.3570 1.2210e-01    10.2475     0.2963     4.5999     69.515 1.9245e+00    36.4337    25.8788  0.000e+00
     47.068   5.597074  1024.3572 1.2088e-01    10.2475     0.2963     4.5997     69.512 1.9029e+00    36.4342    25.8786  0.000e+00
     47.184   5.597104  1024.3578 1.2210e-01    10.1828     0.2963     4.5996     69.511 1.8921e+00    36.4344    25.8786  0.000e+00
     47.126   5.597133  1024.3578 1.2210e-01    10.1828     0.2963     4.5995     69.509 1.8868e+00    36.4347    25.8786  0.000e+00
     47.184   5.597082  1024.3577 1.2210e-01    10.1828     0.2963     4.5953     69.445 1.8656e+00    36.4343    25.8786  0.000e+00
     47.308   5.597082  1024.3582 1.2210e-01    10.4416     0.2963     4.5990     69.500 1.8551e+00    36.4342    25.8786  0.000e+00
     47.184   5.597067  1024.3575 1.2210e-01    12.5772     0.2658     4.5945     69.433 1.8446e+00    36.4340    25.8788  0.000e+00
     47.308   5.597089  1024.3583 1.2210e-01    13.6773     0.2963     4.5943     69.430 1.8290e+00    36.4343    25.8786  0.000e+00
     47.308   5.597104  1024.3583 1.2088e-01    13.8714     0.2963     4.5981     69.488 1.8187e+00    36.4344    25.8786  0.000e+00
     47.374   5.597096  1024.3582 1.2210e-01    13.8714     0.2658     4.5940     69.427 1.8135e+00    36.4340    25.8790  0.000e+00
     47.374   5.597067  1024.3584 1.2210e-01    13.6773     0.2658     4.5939     69.424 1.7881e+00    36.4341    25.8786  0.000e+00
     47.432   5.597089  1024.3588 1.2210e-01    13.6773     0.2658     4.5937     69.422 1.7780e+00    36.4342    25.8786  0.000e+00
     47.489   5.597075  1024.3588 1.2210e-01    13.6773     0.2658     4.5939     69.423 1.7630e+00    36.4340    25.8788  0.000e+00
     47.432   5.597089  1024.3586 1.2210e-01    13.6773     0.2658     4.5937     69.421 1.7431e+00    36.4341    25.8788  0.000e+00
     47.547   5.597060  1024.3589 1.2088e-01    13.7420     0.2658     4.5935     69.418 1.7284e+00    36.4338    25.8788  0.000e+00
     47.555   5.597082  1024.3591 1.2210e-01    13.6773     0.2658     4.5934     69.417 1.7186e+00    36.4340    25.8788  0.000e+00
     47.613   5.597104  1024.3596 1.2088e-01    13.7420     0.2658     4.5975     69.479 1.7041e+00    36.4343    25.8786  0.000e+00
     47.613   5.597133  1024.3599 1.2088e-01    13.6126     0.2658     4.5937     69.420 1.6802e+00    36.4346    25.8784  0.000e+00
     47.679   5.597067  1024.3597 1.2088e-01     7.4648     0.2658     4.5937     69.421 1.6659e+00    36.4340    25.8786  0.000e+00
     47.671   5.597082  1024.3599 1.2088e-01     1.1230     0.2352     4.5896     69.360 1.6565e+00    36.4342    25.8784  0.000e+00
     47.737   5.597104  1024.3603 1.2088e-01    -0.3654     0.2352     4.5937     69.420 1.6379e+00    36.4344    25.8784  0.000e+00
     47.737   5.597075  1024.3603 1.2088e-01    -0.1066     0.2352     4.5899     69.363 1.6286e+00    36.4343    25.8783  0.000e+00
     47.795   5.597023  1024.3600 1.2210e-01     0.1523     0.2352     4.5896     69.359 1.6240e+00    36.4338    25.8784  0.000e+00
     47.795   5.596833  1024.3590 1.2210e-01     0.2170     0.2352     4.5935     69.417 1.6103e+00    36.4324    25.8784  0.000e+00
     47.852   5.597016  1024.3602 1.2210e-01     0.2170     0.2352     4.5937     69.421 1.6058e+00    36.4337    25.8784  0.000e+00
     47.861   5.597075  1024.3606 1.2210e-01     0.2170     0.2352     4.5939     69.425 1.5967e+00    36.4341    25.8784  0.000e+00
     47.861   5.597126  1024.3609 1.2210e-01     0.1523     0.2352     4.5898     69.363 1.5787e+00    36.4345    25.8784  0.000e+00
     47.976   5.597104  1024.3614 1.2210e-01     0.2170     0.2352     4.5900     69.365 1.5654e+00    36.4345    25.8783  0.000e+00
     47.918   5.597097  1024.3610 1.2210e-01     0.2170     0.2352     4.5900     69.366 1.5654e+00    36.4343    25.8784  0.000e+00
     47.984   5.597075  1024.3614 1.2210e-01     0.2170     0.2352     4.5902     69.368 1.5609e+00    36.4344    25.8781  0.000e+00
     48.042   5.597060  1024.3613 1.2210e-01    49.3342     0.2352     4.5902     69.368 1.5521e+00    36.4340    25.8784  0.000e+00
     47.985   5.597126  1024.3614 1.1233e-01   207.3635     0.2658     4.5943     69.429 1.5521e+00    36.4345    25.8784  0.000e+00
     48.042   5.597068  1024.3615 9.7680e-02   264.3110     0.1742     4.5945     69.433 1.5346e+00    36.4342    25.8783  0.000e+00
     48.100   5.597053  1024.3614 9.7680e-02   264.3110     0.1742     4.5907     69.375 1.5216e+00    36.4339    25.8784  0.000e+00
     48.100   5.597090  1024.3618 9.7680e-02   264.3110     0.1742     4.5907     69.375 1.5216e+00    36.4343    25.8783  0.000e+00
     48.100   5.597104  1024.3617 9.7680e-02   260.2988     0.1742     4.5910     69.380 1.5131e+00    36.4343    25.8784  0.000e+00
     48.224   5.597126  1024.3625 9.7680e-02   259.3281     0.1742     4.5914     69.386 1.5002e+00    36.4345    25.8783  0.000e+00
     48.166   5.597082  1024.3619 9.7680e-02   259.7164     0.1742     4.5874     69.325 1.4960e+00    36.4341    25.8784  0.000e+00
     48.158   5.597090  1024.3621 9.7680e-02   259.8458     0.1742     4.5912     69.383 1.4876e+00    36.4343    25.8783  0.000e+00
     48.166   5.597104  1024.3622 9.7680e-02   259.9105     0.1742     4.5873     69.324 1.4833e+00    36.4344    25.8783  0.000e+00
     48.282   5.597075  1024.3623 9.8901e-02   259.9105     0.1742     4.5874     69.325 1.4791e+00    36.4340    25.8784  0.000e+00
     48.224   5.597082  1024.3624 9.8901e-02   259.8458     0.1742     4.5913     69.384 1.4750e+00    36.4344    25.8781  0.000e+00
     48.290   5.597097  1024.3625 9.7680e-02   257.4514     0.2047     4.5872     69.323 1.4708e+00    36.4342    25.8784  0.000e+00
     48.282   5.597075  1024.3625 1.2332e-01   107.6407     0.2352     4.5871     69.321 1.4583e+00    36.4341    25.8783  0.000e+00
     48.348   5.597126  1024.3629 1.2210e-01     9.2768     0.2658     4.5914     69.386 1.4583e+00    36.4344    25.8784  0.000e+00
     48.348   5.597104  1024.3626 1.2210e-01    -0.6890     0.2352     4.5874     69.326 1.4378e+00    36.4340    25.8786  0.000e+00
     48.282   5.597097  1024.3624 1.2088e-01    -0.6890     0.2352     4.5914     69.386 1.4378e+00    36.4342    25.8784  0.000e+00
     48.405   5.597134  1024.3631 1.2088e-01     1.8348     0.2352     4.5876     69.328 1.4338e+00    36.4344    25.8784  0.000e+00
     48.348   5.597148  1024.3628 1.2210e-01     3.1291     0.2352     4.5875     69.327 1.4257e+00    36.4344    25.8786  0.000e+00
     48.405   5.597148  1024.3632 1.2088e-01     3.2585     0.2352     4.5917     69.390 1.4257e+00    36.4345    25.8784  0.000e+00
     48.405   5.597104  1024.3630 1.2088e-01     3.1291     0.2352     4.5878     69.332 1.4176e+00    36.4342    25.8784  0.000e+00
     48.405   5.597097  1024.3628 1.2088e-01     3.0644     0.2352     4.5920     69.395 1.4096e+00    36.4340    25.8786  0.000e+00
     48.405   5.597104  1024.3627 1.2088e-01     3.0644     0.2352     4.5882     69.338 1.3977e+00    36.4339    25.8788  0.000e+00
     48.471   5.597104  1024.3631 1.1966e-01     3.0644     0.2352     4.5881     69.337 1.3977e+00    36.4340    25.8786  0.000e+00
     48.463   5.597126  1024.3633 1.1966e-01     3.0644     0.2352     4.5882     69.338 1.3937e+00    36.4343    25.8784  0.000e+00
     48.472   5.597082  1024.3630 1.2088e-01    89.7799     0.2352     4.5882     69.337 1.3937e+00    36.4338    25.8786  0.000e+00
     48.463   5.597126  1024.3633 1.0501e-01   230.0131     0.2352     4.5922     69.399 1.3937e+00    36.4343    25.8784  0.000e+00
     48.472   5.597119  1024.3632 9.6459e-02   264.3110     0.1742     4.5885     69.343 1.3780e+00    36.4341    25.8786  0.000e+00
     48.595   5.597134  1024.3641 9.7680e-02   264.3110     0.1742     4.5886     69.343 1.3663e+00    36.4345    25.8783  0.000e+00
     48.463   5.597141  1024.3633 9.7680e-02   264.3110     0.2047     4.5885     69.342 1.3625e+00    36.4343    25.8786  0.000e+00
     48.595   5.597083  1024.3636 9.8901e-02   259.7164     0.1742     4.5886     69.344 1.3586e+00    36.4339    25.8784  0.000e+00
     48.529   5.597090  1024.3632 9.7680e-02   259.3928     0.1437     4.5886     69.344 1.3548e+00    36.4339    25.8786  0.000e+00
     48.595   5.597134  1024.3638 9.7680e-02   259.7164     0.1437     4.5887     69.345 1.3548e+00    36.4342    25.8786  0.000e+00
     48.595   5.597148  1024.3638 9.7680e-02   259.8458     0.1437     4.5887     69.346 1.3433e+00    36.4343    25.8786  0.000e+00
     48.587   5.597141  1024.3638 9.8901e-02   259.9105     0.1437     4.5888     69.348 1.3357e+00    36.4342    25.8786  0.000e+00
     48.595   5.597112  1024.3635 1.0012e-01   259.9105     0.1437     4.5851     69.291 1.3357e+00    36.4339    25.8788  0.000e+00
     48.653   5.597134  1024.3640 1.0134e-01   259.9105     0.1437     4.5891     69.352 1.3281e+00    36.4342    25.8786  0.000e+00
     48.653   5.597119  1024.3639 1.0623e-01   238.1022     0.1742     4.5893     69.355 1.3132e+00    36.4341    25.8786  0.000e+00
     48.653   5.597156  1024.3641 1.2332e-01    80.1376     0.2047     4.5893     69.354 1.3132e+00    36.4343    25.8786  0.000e+00
     48.711   5.597156  1024.3642 1.2210e-01     6.0412     0.2352     4.5895     69.358 1.3094e+00    36.4342    25.8788  0.000e+00
     48.711   5.597119  1024.3640 1.2088e-01    -0.6890     0.2047     4.5895     69.357 1.3094e+00    36.4339    25.8788  0.000e+00
     48.711   5.597134  1024.3642 1.2088e-01     4.7469     0.2352     4.5936     69.419 1.3057e+00    36.4341    25.8786  0.000e+00
     48.711   5.597148  1024.3641 1.2210e-01     7.6590     0.2352     4.5940     69.426 1.3020e+00    36.4341    25.8788  0.000e+00
     48.777   5.597141  1024.3645 1.2210e-01     7.9826     0.2047     4.5904     69.371 1.2801e+00    36.4342    25.8786  0.000e+00
     48.835   5.597141  1024.3646 1.2088e-01     7.8531     0.2352     4.5907     69.376 1.2728e+00    36.4340    25.8788  0.000e+00
     48.777   5.597178  1024.3646 1.2210e-01     7.6590     0.2352     4.5907     69.376 1.2728e+00    36.4343    25.8788  0.000e+00
     48.901   5.597163  1024.3650 1.2210e-01     7.6590     0.2047     4.5908     69.377 1.2585e+00    36.4342    25.8788  0.000e+00
     48.835   5.597141  1024.3644 1.2210e-01     7.5943     0.2352     4.5908     69.378 1.2549e+00    36.4339    25.8790  0.000e+00
     48.901   5.597141  1024.3649 1.2210e-01     7.6590     0.2352     4.5909     69.379 1.2513e+00    36.4340    25.8788  0.000e+00
     48.893   5.597149  1024.3649 1.2088e-01     7.6590     0.2047     4.5951     69.443 1.2443e+00    36.4341    25.8788  0.000e+00
     48.901   5.597149  1024.3649 1.2332e-01   128.7371     0.2047     4.5956     69.451 1.2407e+00    36.4341    25.8788  0.000e+00
     48.959   5.597149  1024.3652 1.0012e-01   245.8678     0.1742     4.5921     69.397 1.2407e+00    36.4340    25.8788  0.000e+00
     49.016   5.597171  1024.3655 9.7680e-02   264.3110     0.1131     4.5922     69.399 1.2198e+00    36.4342    25.8788  0.000e+00
     48.959   5.597156  1024.3652 9.7680e-02   264.3110     0.1437     4.5964     69.463 1.2129e+00    36.4341    25.8788  0.000e+00
