WS23139_STN11_10CTD.cnv
* Sea-Bird SBE 9 Data File:
* FileName = C:\ctd\Cruise_Data\WS23139_Rosenheim\WS23139_Rosenheim_STN11.hex
* Software Version Seasave V 7.26.7.121
* Temperature SN = 4097 MTG 177
* Conductivity SN = 1851 MTG 053
* Number of Bytes Per Scan = 40
* Number of Voltage Words = 5
* Number of Scans Averaged by the Deck Unit = 1
* NMEA Latitude = 04 49.64 N
* NMEA Longitude = 051 43.27 W
* NMEA UTC (Time) = Jun 11 2023 21:56:30
** Ship:
** Station:
** Operator:
# nquan = 12
# nvalues = 11271                                 
# units = specified
# name 0 = depSM: Depth [salt water, m]
# name 1 = c0S/m: Conductivity [S/m]
# name 2 = density00: Density [density, kg/m^3]
# name 3 = flSP: Fluorescence, Seapoint
# name 4 = wetCDOM: Fluorescence, WET Labs CDOM [mg/m^3]
# name 5 = flECO-AFL: Fluorescence, WET Labs ECO-AFL/FL [mg/m^3]
# name 6 = sbeox0Mg/L: Oxygen, SBE 43 [mg/l]
# name 7 = sbeox0PS: Oxygen, SBE 43 [% saturation]
# name 8 = par: PAR/Irradiance, Biospherical/Licor [Watts/m^2]
# name 9 = sal00: Salinity, Practical [PSU]
# name 10 = t090C: Temperature [ITS-90, deg C]
# name 11 = flag:  0.000e+00
# span 0 =      2.217,     26.983                 
# span 1 =   4.528934,   5.727231                 
# span 2 =  1016.0399,  1024.0058                 
# span 3 = 6.4713e-02, 1.6361e-01                 
# span 4 =    -0.6890,   264.3110                 
# span 5 =     0.4184,     2.3415                 
# span 6 =     4.1712,     6.8951                 
# span 7 =     63.591,    104.456                 
# span 8 = 9.8755e-02, 5.3964e-01                 
# span 9 =    26.9218,    36.3427                 
# span 10 =    26.4368,    29.0907                
# span 11 = 0.0000e+00, 0.0000e+00                
# interval = seconds: 0.0416667
# start_time = Jun 11 2023 21:56:30 [NMEA time, header]
# bad_flag = -9.990e-29
*END*
[from data line 722]
      2.882   4.577368  1016.3018 1.5140e-01    62.4710     2.0973     6.6607    100.567 1.3989e-01    27.2594    28.9240  0.000e+00
      2.907   4.575679  1016.2932 1.4042e-01   215.5821     1.8836     6.6652    100.630 1.5181e-01    27.2479    28.9245  0.000e+00
      2.882   4.574435  1016.2866 1.2698e-01   264.3110     2.1278     6.6694    100.689 1.5412e-01    27.2394    28.9249  0.000e+00
      2.849   4.573426  1016.2814 1.2821e-01   264.3110     2.1583     6.6738    100.752 1.4909e-01    27.2327    28.9249  0.000e+00
      2.882   4.572430  1016.2766 1.2821e-01   264.3110     2.1278     6.6744    100.757 1.4160e-01    27.2261    28.9249  0.000e+00
      2.906   4.571307  1016.2708 1.2943e-01   260.1694     2.0973     6.6789    100.822 1.3989e-01    27.2183    28.9255  0.000e+00
      2.882   4.570264  1016.2651 1.3065e-01   259.3928     2.0973     6.6795    100.828 1.3653e-01    27.2111    28.9260  0.000e+00
      2.849   4.569282  1016.2593 1.2943e-01   259.7164     2.0973     6.6801    100.835 1.2845e-01    27.2040    28.9271  0.000e+00
      2.906   4.568341  1016.2542 1.2943e-01   259.9752     2.0973     6.6847    100.902 1.2612e-01    27.1973    28.9279  0.000e+00
      2.882   4.567474  1016.2500 1.2943e-01   259.9752     2.0973     6.6853    100.908 1.2689e-01    27.1917    28.9276  0.000e+00
      2.849   4.566620  1016.2457 1.2821e-01   259.9752     2.0973     6.6859    100.914 1.2845e-01    27.1861    28.9275  0.000e+00
      2.882   4.565914  1016.2425 1.2943e-01   259.9105     2.0973     6.6864    100.918 1.2924e-01    27.1815    28.9273  0.000e+00
      2.906   4.565228  1016.2389 1.2943e-01   254.2158     2.0667     6.6867    100.920 1.2689e-01    27.1768    28.9276  0.000e+00
      2.882   4.564502  1016.2352 1.5385e-01   100.2634     2.0667     6.6871    100.923 1.1715e-01    27.1719    28.9276  0.000e+00
      2.906   4.563729  1016.2311 1.5140e-01    10.5064     2.1583     6.6873    100.924 1.1324e-01    27.1665    28.9282  0.000e+00
      2.939   4.562990  1016.2270 1.5018e-01    -0.6890     2.1888     6.6876    100.926 1.1430e-01    27.1612    28.9289  0.000e+00
      2.849   4.562204  1016.2223 1.5018e-01     3.3232     2.1888     6.6874    100.922 1.2118e-01    27.1557    28.9295  0.000e+00
      2.906   4.561417  1016.2181 1.5140e-01     6.8177     2.1583     6.6832    100.856 1.2458e-01    27.1500    28.9303  0.000e+00
      2.882   4.560772  1016.2143 1.5140e-01     7.4001     2.1583     6.6826    100.846 1.2496e-01    27.1453    28.9310  0.000e+00
      2.906   4.560120  1016.2111 1.5140e-01     7.2060     2.1583     6.6781    100.776 1.3570e-01    27.1410    28.9310  0.000e+00
      2.882   4.559489  1016.2077 1.5140e-01     7.0766     2.1583     6.6733    100.701 1.4203e-01    27.1367    28.9312  0.000e+00
      2.906   4.558958  1016.2051 1.5140e-01     7.0766     2.1583     6.6724    100.686 1.4333e-01    27.1331    28.9313  0.000e+00
      2.882   4.558347  1016.2018 1.5140e-01     7.0766     2.1583     6.6633    100.547 1.3529e-01    27.1289    28.9316  0.000e+00
      2.906   4.557776  1016.1984 1.5018e-01     7.0766     2.1888     6.6620    100.527 1.3003e-01    27.1246    28.9325  0.000e+00
      2.882   4.557084  1016.1944 1.5018e-01     7.0766     2.1583     6.6562    100.438 1.2885e-01    27.1197    28.9330  0.000e+00
      2.906   4.556090  1016.1885 1.5140e-01   106.9935     2.1278     6.6464    100.286 1.1572e-01    27.1123    28.9345  0.000e+00
      2.906   4.554981  1016.1813 1.3187e-01   237.1962     2.0973     6.6402    100.193 1.0545e-01    27.1037    28.9367  0.000e+00
      2.882   4.553893  1016.1749 1.2698e-01   264.3110     2.2499     6.6337    100.093 1.0317e-01    27.0957    28.9380  0.000e+00
      2.906   4.552712  1016.1683 1.2576e-01   264.3110     2.2499     6.6232     99.931 1.0545e-01    27.0872    28.9391  0.000e+00
      2.882   4.551785  1016.1635 1.2576e-01   264.3110     2.2194     6.6206     99.889 1.0743e-01    27.0810    28.9393  0.000e+00
      2.906   4.550872  1016.1593 1.2454e-01   259.6517     2.2194     6.6061     99.666 1.0777e-01    27.0752    28.9389  0.000e+00
      2.882   4.549751  1016.1542 1.2454e-01   259.4575     2.2194     6.5951     99.495 1.0447e-01    27.0681    28.9382  0.000e+00
      2.849   4.548570  1016.1489 1.2332e-01   259.7811     2.2194     6.5838     99.319 9.9999e-02    27.0608    28.9373  0.000e+00
      2.882   4.546966  1016.1414 1.2210e-01   259.9752     2.2194     6.5723     99.139 9.8755e-02    27.0504    28.9369  0.000e+00
      2.849   4.545093  1016.1318 1.2210e-01   259.9752     2.2194     6.5607     98.957 1.0031e-01    27.0379    28.9371  0.000e+00
      2.906   4.543242  1016.1223 1.2332e-01   259.9752     2.2194     6.5489     98.774 1.0447e-01    27.0252    28.9378  0.000e+00
      2.881   4.541484  1016.1137 1.2332e-01   259.9752     2.2194     6.5329     98.525 1.0610e-01    27.0137    28.9376  0.000e+00
      2.848   4.539941  1016.1050 1.3309e-01   226.7774     2.0362     6.5245     98.395 1.0743e-01    27.0028    28.9387  0.000e+00
      2.816   4.538862  1016.0986 1.4896e-01    71.8543     2.2194     6.5038     98.081 1.1220e-01    26.9949    28.9400  0.000e+00
      2.906   4.538191  1016.0956 1.5018e-01     6.8177     2.1888     6.4949     97.943 1.1465e-01    26.9905    28.9400  0.000e+00
      2.815   4.537701  1016.0928 1.4896e-01     2.4172     2.2499     6.4817     97.742 1.1465e-01    26.9872    28.9400  0.000e+00
      2.848   4.537319  1016.0908 1.4896e-01     8.3061     2.2499     6.4645     97.482 1.1500e-01    26.9845    28.9404  0.000e+00
      2.815   4.537118  1016.0895 1.5018e-01    10.8299     2.2499     6.4509     97.278 1.1536e-01    26.9831    28.9406  0.000e+00
      2.848   4.536796  1016.0890 1.5018e-01    11.0241     2.2499     6.4458     97.198 1.1465e-01    26.9816    28.9393  0.000e+00
      2.848   4.536119  1016.0873 1.4896e-01    10.7652     2.2499     6.4289     96.937 1.0979e-01    26.9784    28.9371  0.000e+00
      2.815   4.535033  1016.0830 1.4896e-01    10.6358     2.2499     6.4200     96.798 1.0710e-01    26.9721    28.9354  0.000e+00
      2.848   4.533867  1016.0781 1.4896e-01    10.6358     2.2499     6.4075     96.603 1.0382e-01    26.9649    28.9345  0.000e+00
      2.815   4.532942  1016.0731 1.5018e-01    10.6358     2.2499     6.3987     96.468 9.9687e-02    26.9586    28.9349  0.000e+00
      2.848   4.532499  1016.0701 1.5140e-01    10.6358     2.2499     6.3859     96.274 9.8755e-02    26.9549    28.9362  0.000e+00
      2.815   4.532861  1016.0712 1.5140e-01    10.6358     2.2499     6.3769     96.141 9.9375e-02    26.9569    28.9369  0.000e+00
      2.848   4.533867  1016.0766 1.5140e-01     9.6651     2.2499     6.3683     96.014 1.0317e-01    26.9638    28.9365  0.000e+00
      2.815   4.535281  1016.0832 1.5263e-01     8.8885     2.2499     6.3558     95.831 1.0447e-01    26.9730    28.9369  0.000e+00
      2.848   4.536488  1016.0885 1.5263e-01     8.7591     2.2499     6.3476     95.714 1.0447e-01    26.9803    28.9380  0.000e+00
      2.848   4.537031  1016.0903 1.5385e-01     8.8238     2.2499     6.3398     95.600 1.0512e-01    26.9833    28.9391  0.000e+00
      2.815   4.537038  1016.0895 1.5507e-01     8.8238     2.2499     6.3325     95.492 1.0512e-01    26.9828    28.9400  0.000e+00
      2.791   4.536743  1016.0880 1.5507e-01     8.8238     2.2499     6.3298     95.449 1.0512e-01    26.9809    28.9400  0.000e+00
      2.881   4.536314  1016.0859 1.5629e-01     8.8238     2.2499     6.3235     95.353 1.0643e-01    26.9778    28.9404  0.000e+00
      2.848   4.536025  1016.0840 1.5629e-01     8.8238     2.2499     6.3215     95.323 1.0743e-01    26.9756    28.9410  0.000e+00
      2.815   4.535938  1016.0827 1.5629e-01     8.8238     2.2499     6.3159     95.240 1.0743e-01    26.9745    28.9419  0.000e+00
      2.848   4.536092  1016.0829 1.5629e-01     8.8885     2.2499     6.3188     95.284 1.1254e-01    26.9750    28.9428  0.000e+00
      2.815   4.536414  1016.0842 1.5507e-01     8.9532     2.2499     6.3181     95.276 1.1715e-01    26.9770    28.9430  0.000e+00
      2.848   4.536843  1016.0867 1.5385e-01     8.8238     2.2499     6.3139     95.214 1.1788e-01    26.9800    28.9428  0.000e+00
      2.848   4.537359  1016.0891 1.5629e-01    78.5845     2.3109     6.3181     95.279 1.1572e-01    26.9833    28.9430  0.000e+00
      2.881   4.537903  1016.0909 1.4042e-01   222.9594     2.1278     6.3228     95.354 1.1359e-01    26.9862    28.9443  0.000e+00
      2.848   4.538325  1016.0922 1.3065e-01   264.3110     2.3415     6.3282     95.438 1.1324e-01    26.9884    28.9452  0.000e+00
      2.881   4.538801  1016.0940 1.2943e-01   264.3110     2.3415     6.3343     95.532 1.1860e-01    26.9911    28.9461  0.000e+00
      2.906   4.539150  1016.0958 1.2943e-01   264.3110     2.3415     6.3409     95.633 1.2689e-01    26.9934    28.9462  0.000e+00
      2.815   4.539378  1016.0967 1.2943e-01   259.9105     2.3415     6.3440     95.680 1.2885e-01    26.9950    28.9459  0.000e+00
      2.906   4.539546  1016.0981 1.2821e-01   259.3928     2.3415     6.3515     95.794 1.2496e-01    26.9962    28.9458  0.000e+00
      2.881   4.539559  1016.0984 1.2821e-01   259.7811     2.3415     6.3595     95.913 1.1824e-01    26.9966    28.9452  0.000e+00
      2.906   4.539539  1016.1003 1.2821e-01   259.9105     2.3415     6.3682     96.041 1.1679e-01    26.9978    28.9428  0.000e+00
      2.906   4.539371  1016.1029 1.2698e-01   259.9752     2.3415     6.3732     96.110 1.1824e-01    26.9993    28.9382  0.000e+00
      2.881   4.539143  1016.1055 1.2821e-01   259.9752     2.3415     6.3867     96.307 1.2420e-01    27.0007    28.9330  0.000e+00
      2.972   4.538801  1016.1077 1.2821e-01   259.9752     2.3415     6.3968     96.452 1.2650e-01    27.0011    28.9282  0.000e+00
      2.939   4.538319  1016.1073 1.3065e-01   248.5857     2.2804     6.4027     96.536 1.2806e-01    26.9995    28.9254  0.000e+00
      2.906   4.537822  1016.1070 1.5629e-01    95.4746     2.2804     6.4170     96.745 1.3653e-01    26.9980    28.9223  0.000e+00
      2.939   4.537179  1016.1059 1.5385e-01    14.2597     2.2804     6.4236     96.839 1.3989e-01    26.9952    28.9197  0.000e+00
      3.030   4.536428  1016.1039 1.5140e-01     4.2939     2.3109     6.4342     96.993 1.4075e-01    26.9912    28.9179  0.000e+00
      2.939   4.535597  1016.1006 1.5140e-01    10.0534     2.2804     6.4410     97.091 1.4909e-01    26.9866    28.9162  0.000e+00
      2.972   4.534980  1016.0979 1.5140e-01    13.2243     2.2804     6.4515     97.247 1.5366e-01    26.9827    28.9160  0.000e+00
      3.030   4.535107  1016.0989 1.5263e-01    13.6126     2.2804     6.4618     97.403 1.5366e-01    26.9836    28.9159  0.000e+00
      3.005   4.536542  1016.1053 1.5263e-01    13.3537     2.2804     6.4677     97.497 1.5366e-01    26.9927    28.9166  0.000e+00
      3.030   4.539452  1016.1190 1.5263e-01    13.2890     2.2804     6.4811     97.711 1.5366e-01    27.0114    28.9177  0.000e+00
      3.005   4.543919  1016.1402 1.5263e-01    13.2243     2.2804     6.4861     97.804 1.5366e-01    27.0403    28.9189  0.000e+00
      3.030   4.550342  1016.1714 1.5263e-01    13.2890     2.2804     6.4945     97.955 1.5552e-01    27.0823    28.9199  0.000e+00
      3.005   4.559341  1016.2155 1.5263e-01    13.2243     2.2804     6.4897     97.917 1.5741e-01    27.1417    28.9205  0.000e+00
      3.030   4.569975  1016.2684 1.5385e-01    13.2243     2.2804     6.4883     97.934 1.5694e-01    27.2123    28.9205  0.000e+00
      3.063   4.581858  1016.3271 1.5385e-01    10.8946     2.2804     6.4857     97.937 1.5884e-01    27.2909    28.9210  0.000e+00
      3.095   4.593882  1016.3860 1.5385e-01     8.1767     2.2804     6.4786     97.875 1.5980e-01    27.3700    28.9223  0.000e+00
      3.030   4.605777  1016.4440 1.5385e-01     7.5943     2.2804     6.4748     97.863 1.5980e-01    27.4484    28.9234  0.000e+00
      3.120   4.617380  1016.5018 1.5385e-01     7.6590     2.2804     6.4706     97.842 1.6125e-01    27.5253    28.9238  0.000e+00
      3.029   4.627577  1016.5520 1.5385e-01     7.7237     2.2499     6.4580     97.688 1.6173e-01    27.5930    28.9240  0.000e+00
      3.120   4.635739  1016.5928 1.5385e-01     7.7884     2.0362     6.4536     97.651 1.6222e-01    27.6472    28.9242  0.000e+00
      3.029   4.642993  1016.6282 1.5385e-01     7.7884     1.9141     6.4364     97.418 1.6369e-01    27.6952    28.9247  0.000e+00
      3.120   4.648160  1016.6535 1.5507e-01     7.7884     1.9141     6.4230     97.235 1.6667e-01    27.7290    28.9256  0.000e+00
      3.095   4.650706  1016.6657 1.5629e-01     7.7884     1.9141     6.4094     97.038 1.6767e-01    27.7456    28.9262  0.000e+00
      3.062   4.651885  1016.6710 1.5507e-01     7.7884     1.9141     6.3994     96.892 1.7381e-01    27.7532    28.9267  0.000e+00
      3.095   4.651682  1016.6694 1.5629e-01     7.7237     1.9141     6.3851     96.676 1.8953e-01    27.7513    28.9276  0.000e+00
      3.095   4.650679  1016.6634 1.5507e-01     7.7884     1.9141     6.3743     96.511 1.9584e-01    27.7439    28.9289  0.000e+00
      3.062   4.649893  1016.6584 1.5507e-01     6.3647     1.9141     6.3631     96.339 1.9410e-01    27.7379    28.9302  0.000e+00
      3.095   4.649643  1016.6559 1.5507e-01     2.0289     1.9141     6.3470     96.097 1.8784e-01    27.7351    28.9321  0.000e+00
      3.062   4.649345  1016.6539 1.5629e-01     0.3464     1.9446     6.3344     95.906 1.8562e-01    27.7329    28.9326  0.000e+00
      3.095   4.647963  1016.6464 1.5629e-01     0.2817     1.9446     6.3217     95.710 1.8451e-01    27.7231    28.9336  0.000e+00
      3.062   4.646263  1016.6374 1.5629e-01     0.4758     1.9446     6.3127     95.568 1.8341e-01    27.7115    28.9341  0.000e+00
      3.095   4.644374  1016.6282 1.5507e-01     0.4758     1.9446     6.3038     95.427 1.8178e-01    27.6989    28.9341  0.000e+00
      3.062   4.643264  1016.6222 1.5385e-01     0.4758     1.9446     6.2945     95.282 1.8124e-01    27.6913    28.9345  0.000e+00
      3.095   4.642499  1016.6184 1.5140e-01     0.4758     1.9446     6.2851     95.138 1.7433e-01    27.6861    28.9347  0.000e+00
      3.062   4.641281  1016.6119 1.5140e-01     0.5405     1.9446     6.2837     95.113 1.7071e-01    27.6778    28.9350  0.000e+00
      3.029   4.639555  1016.6035 1.5140e-01     0.5405     1.9446     6.2749     94.973 1.7020e-01    27.6666    28.9347  0.000e+00
      3.095   4.637809  1016.5955 1.5263e-01     0.4758     1.9446     6.2621     94.773 1.8178e-01    27.6552    28.9341  0.000e+00
      3.062   4.636510  1016.5886 1.5385e-01     0.4758     1.9446     6.2609     94.751 1.8953e-01    27.6464    28.9345  0.000e+00
      3.029   4.635739  1016.5843 1.5385e-01     0.6053     1.9446     6.2561     94.676 1.9180e-01    27.6411    28.9349  0.000e+00
      3.005   4.635719  1016.5834 1.5629e-01     4.3586     1.9141     6.2555     94.669 1.9009e-01    27.6404    28.9358  0.000e+00
      3.095   4.636456  1016.5861 1.5629e-01     6.8177     1.9141     6.2473     94.548 1.8896e-01    27.6442    28.9376  0.000e+00
      3.005   4.637667  1016.5913 1.5629e-01     7.2707     1.9141     6.2472     94.552 1.8840e-01    27.6520    28.9382  0.000e+00
      3.029   4.639108  1016.5981 1.5629e-01     7.1413     1.9141     6.2478     94.567 1.8124e-01    27.6611    28.9389  0.000e+00
      3.062   4.640543  1016.6053 1.5629e-01     7.0119     1.9141     6.2448     94.526 1.7277e-01    27.6707    28.9389  0.000e+00
      2.972   4.641369  1016.6089 1.5385e-01     7.0119     1.9141     6.2503     94.613 1.7122e-01    27.6761    28.9391  0.000e+00
      3.095   4.641551  1016.6105 1.5385e-01     7.0119     1.8836     6.2529     94.653 1.6567e-01    27.6774    28.9389  0.000e+00
      3.005   4.640800  1016.6062 1.5385e-01     7.0119     1.8531     6.2642     94.822 1.5836e-01    27.6723    28.9391  0.000e+00
