WS23139_STN12_12CTD.cnv
* Sea-Bird SBE 9 Data File:
* FileName = C:\ctd\Cruise_Data\WS23139_Rosenheim\WS23139_Rosenheim_STN12.hex
* Software Version Seasave V 7.26.7.121
* Temperature SN = 4097 MTG 177
* Conductivity SN = 1851 MTG 053
* Number of Bytes Per Scan = 40
* Number of Voltage Words = 5
* Number of Scans Averaged by the Deck Unit = 1
* NMEA Latitude = 04 36.81 N
* NMEA Longitude = 051 40.80 W
* NMEA UTC (Time) = Jun 12 2023 01:31:55
** Ship:
** Station:
** Operator:
# nquan = 12
# nvalues = 7366                                  
# units = specified
# name 0 = depSM: Depth [salt water, m]
# name 1 = c0S/m: Conductivity [S/m]
# name 2 = density00: Density [density, kg/m^3]
# name 3 = flSP: Fluorescence, Seapoint
# name 4 = wetCDOM: Fluorescence, WET Labs CDOM [mg/m^3]
# name 5 = flECO-AFL: Fluorescence, WET Labs ECO-AFL/FL [mg/m^3]
# name 6 = sbeox0Mg/L: Oxygen, SBE 43 [mg/l]
# name 7 = sbeox0PS: Oxygen, SBE 43 [% saturation]
# name 8 = par: PAR/Irradiance, Biospherical/Licor [Watts/m^2]
# name 9 = sal00: Salinity, Practical [PSU]
# name 10 = t090C: Temperature [ITS-90, deg C]
# name 11 = flag:  0.000e+00
# span 0 =      1.824,      5.936                 
# span 1 =   4.128599,   5.632351                 
# span 2 =  1014.3432,  1023.1450                 
# span 3 = 1.1233e-01, 1.6606e-01                 
# span 4 =    -0.6890,   264.3110                 
# span 5 =     1.0594,     2.3109                 
# span 6 =     4.6268,     6.2771                 
# span 7 =     71.197,     93.375                 
# span 8 = 9.8755e-02, 3.6671e-01                 
# span 9 =    24.4879,    35.6374                 
# span 10 =    27.2422,    28.5610                
# span 11 = 0.0000e+00, 0.0000e+00                
# interval = seconds: 0.0416667
# start_time = Jun 12 2023 01:31:55 [NMEA time, header]
# bad_flag = -9.990e-29
*END*
[from data line 2046]
      2.243   4.423692  1015.9422 1.4164e-01     1.1230     1.3647     6.1168     91.156 2.7569e-01    26.5454    28.3740  0.000e+00
      2.219   4.416190  1015.9014 1.4042e-01     2.3525     1.3647     6.1175     91.148 2.7328e-01    26.4928    28.3784  0.000e+00
      2.219   4.410529  1015.8695 1.4042e-01     2.4819     1.3647     6.1178     91.139 2.7328e-01    26.4523    28.3834  0.000e+00
      2.243   4.408156  1015.8557 1.3919e-01     2.4172     1.3647     6.1173     91.126 2.8139e-01    26.4349    28.3862  0.000e+00
      2.219   4.407030  1015.8498 1.3919e-01     2.3525     1.3647     6.1165     91.112 2.8553e-01    26.4273    28.3863  0.000e+00
      2.243   4.402241  1015.8231 1.3919e-01     2.3525     1.3647     6.1165     91.100 2.8553e-01    26.3932    28.3902  0.000e+00
      2.219   4.394767  1015.7812 1.4042e-01     2.3525     1.3647     6.1168     91.087 3.1439e-01    26.3399    28.3964  0.000e+00
      2.186   4.387305  1015.7375 1.4164e-01     2.4172     1.3647     6.1169     91.073 3.3419e-01    26.2854    28.4050  0.000e+00
      2.219   4.381970  1015.7080 1.4530e-01   109.5821     1.2731     6.1129     91.001 3.3614e-01    26.2475    28.4092  0.000e+00
      2.219   4.378546  1015.6903 1.2332e-01   239.1376     1.3036     6.1126     90.986 3.3908e-01    26.2242    28.4100  0.000e+00
      2.243   4.376406  1015.6803 1.1844e-01   264.3110     1.4562     6.1162     91.032 3.4106e-01    26.2104    28.4092  0.000e+00
      2.219   4.376102  1015.6787 1.1844e-01   264.3110     1.4562     6.1154     91.018 3.4205e-01    26.2083    28.4093  0.000e+00
      2.243   4.376439  1015.6817 1.1966e-01   264.3110     1.4257     6.1147     91.008 3.2556e-01    26.2115    28.4075  0.000e+00
      2.219   4.377166  1015.6870 1.1844e-01   259.6517     1.4257     6.1098     90.934 3.0894e-01    26.2177    28.4052  0.000e+00
      2.243   4.380337  1015.7046 1.1844e-01   259.4575     1.3952     6.1083     90.920 3.0536e-01    26.2401    28.4029  0.000e+00
      2.219   4.386022  1015.7349 1.1844e-01   259.7811     1.3952     6.1064     90.907 2.9658e-01    26.2796    28.4000  0.000e+00
      2.219   4.392656  1015.7717 1.1844e-01   259.9752     1.3952     6.1003     90.833 2.8470e-01    26.3266    28.3950  0.000e+00
      2.243   4.401519  1015.8194 1.1722e-01   259.9752     1.3952     6.0979     90.820 2.8139e-01    26.3882    28.3904  0.000e+00
      2.219   4.416561  1015.9042 1.1722e-01   259.9752     1.3952     6.0988     90.868 2.8889e-01    26.4961    28.3771  0.000e+00
      2.243   4.433225  1015.9936 1.1722e-01   259.9752     1.4257     6.0948     90.855 3.0358e-01    26.6119    28.3690  0.000e+00
      2.219   4.447367  1016.0691 1.2821e-01   221.5357     1.2731     6.0914     90.844 3.0804e-01    26.7102    28.3624  0.000e+00
      2.243   4.460123  1016.1441 1.4164e-01    64.8006     1.3647     6.0890     90.834 3.0894e-01    26.8039    28.3475  0.000e+00
      2.219   4.468442  1016.1935 1.4164e-01     1.4465     1.3647     6.0833     90.764 3.0894e-01    26.8655    28.3370  0.000e+00
      2.276   4.466477  1016.1847 1.4286e-01    -0.6890     1.3952     6.0831     90.753 3.0894e-01    26.8530    28.3359  0.000e+00
      2.243   4.456076  1016.1266 1.4530e-01     3.3879     1.3647     6.0841     90.742 3.0182e-01    26.7789    28.3438  0.000e+00
      2.276   4.449522  1016.0891 1.4652e-01     5.9764     1.3341     6.0845     90.734 2.7089e-01    26.7314    28.3503  0.000e+00
      2.186   4.451591  1016.0998 1.4408e-01     6.3000     1.3341     6.0877     90.787 2.5924e-01    26.7458    28.3493  0.000e+00
      2.276   4.457706  1016.1335 1.4408e-01     6.1059     1.2731     6.0822     90.721 2.5621e-01    26.7888    28.3457  0.000e+00
      2.243   4.462953  1016.1616 1.4408e-01     6.0412     1.2731     6.0889     90.836 2.4088e-01    26.8254    28.3431  0.000e+00
      2.218   4.465970  1016.1762 1.4408e-01     6.0412     1.2731     6.0882     90.837 2.3320e-01    26.8453    28.3436  0.000e+00
      2.276   4.467995  1016.1871 1.4408e-01     6.0412     1.2731     6.0879     90.839 2.3251e-01    26.8592    28.3429  0.000e+00
      2.309   4.467942  1016.1868 1.4408e-01     6.0412     1.2731     6.0880     90.840 2.4661e-01    26.8588    28.3431  0.000e+00
      2.218   4.467043  1016.1814 1.4530e-01     6.0412     1.2731     6.0882     90.840 2.5546e-01    26.8523    28.3438  0.000e+00
      2.309   4.470294  1016.1996 1.4652e-01     7.8531     1.2426     6.0880     90.845 2.5546e-01    26.8752    28.3418  0.000e+00
      2.218   4.480282  1016.2528 1.4530e-01     9.2768     1.2426     6.0861     90.846 2.6076e-01    26.9449    28.3370  0.000e+00
      2.243   4.485746  1016.2828 1.4408e-01     9.5357     1.2426     6.0896     90.912 2.6539e-01    26.9834    28.3337  0.000e+00
      2.276   4.482270  1016.2657 1.4286e-01     9.4710     1.2426     6.0909     90.920 2.6617e-01    26.9602    28.3335  0.000e+00
      2.218   4.476294  1016.2330 1.4286e-01     9.4062     1.2426     6.0924     90.926 2.5772e-01    26.9183    28.3368  0.000e+00
      2.243   4.470408  1016.2021 1.4286e-01     9.4062     1.2426     6.0941     90.934 2.5100e-01    26.8777    28.3389  0.000e+00
      2.276   4.464325  1016.1698 1.4286e-01     9.4062     1.2731     6.0958     90.941 2.5026e-01    26.8355    28.3414  0.000e+00
      2.243   4.458838  1016.1392 1.4408e-01     9.4062     1.2731     6.1015     91.013 2.5397e-01    26.7965    28.3455  0.000e+00
      2.218   4.455144  1016.1184 1.4408e-01     9.4062     1.2426     6.1030     91.026 2.5924e-01    26.7701    28.3484  0.000e+00
      2.243   4.449768  1016.0891 1.4530e-01     9.4062     1.2426     6.1046     91.036 2.6076e-01    26.7323    28.3517  0.000e+00
      2.218   4.441032  1016.0418 1.4408e-01     9.4062     1.2426     6.1069     91.046 2.5100e-01    26.6711    28.3565  0.000e+00
      2.218   4.432959  1015.9976 1.4408e-01     9.4062     1.2426     6.1129     91.114 2.3458e-01    26.6143    28.3617  0.000e+00
      2.243   4.425597  1015.9570 1.4408e-01    83.3086     1.2426     6.1189     91.186 2.3047e-01    26.5621    28.3669  0.000e+00
      2.218   4.418452  1015.9166 1.2821e-01   225.4184     1.1815     6.1169     91.139 2.2709e-01    26.5109    28.3731  0.000e+00
      2.243   4.415660  1015.9012 1.1844e-01   264.3110     1.3647     6.1223     91.212 2.2245e-01    26.4911    28.3751  0.000e+00
      2.218   4.416276  1015.9040 1.1844e-01   264.3110     1.3647     6.1230     91.227 2.1983e-01    26.4951    28.3755  0.000e+00
      2.243   4.416455  1015.9035 1.1844e-01   264.3110     1.3341     6.1236     91.238 2.2179e-01    26.4951    28.3775  0.000e+00
      2.152   4.416018  1015.9000 1.1722e-01   259.9105     1.3036     6.1242     91.247 2.2911e-01    26.4915    28.3788  0.000e+00
      2.218   4.415070  1015.8974 1.1600e-01   259.3928     1.3036     6.1295     91.320 2.3320e-01    26.4866    28.3762  0.000e+00
      2.185   4.413750  1015.8909 1.1600e-01   259.7811     1.3341     6.1306     91.332 2.3047e-01    26.4780    28.3759  0.000e+00
      2.218   4.412782  1015.8849 1.1477e-01   259.9105     1.3647     6.1315     91.344 2.1217e-01    26.4705    28.3777  0.000e+00
      2.185   4.411894  1015.8794 1.1477e-01   259.9752     1.4257     6.1282     91.293 2.0354e-01    26.4639    28.3790  0.000e+00
      2.152   4.411271  1015.8761 1.1355e-01   259.9752     1.4257     6.1288     91.300 2.0476e-01    26.4597    28.3790  0.000e+00
      2.243   4.411841  1015.8803 1.1355e-01   259.9752     1.4257     6.1293     91.308 2.2844e-01    26.4642    28.3777  0.000e+00
      2.152   4.412471  1015.8832 1.1722e-01   245.6089     1.3341     6.1294     91.311 2.4373e-01    26.4685    28.3775  0.000e+00
      2.152   4.412829  1015.8869 1.3919e-01    88.8092     1.3341     6.1297     91.314 2.4517e-01    26.4724    28.3749  0.000e+00
      2.128   4.413074  1015.8884 1.3919e-01     8.6944     1.3341     6.1301     91.319 2.2576e-01    26.4743    28.3744  0.000e+00
      2.152   4.412995  1015.8874 1.3919e-01    -0.6890     1.3647     6.1345     91.386 2.1406e-01    26.4733    28.3753  0.000e+00
      2.127   4.415335  1015.8994 1.3919e-01     5.3940     1.3647     6.1345     91.393 2.1217e-01    26.4892    28.3748  0.000e+00
      2.152   4.422339  1015.9351 1.4042e-01     8.4355     1.3341     6.1291     91.335 2.0720e-01    26.5364    28.3740  0.000e+00
      2.029   4.433849  1015.9951 1.4042e-01     8.8238     1.3341     6.1226     91.272 2.0114e-01    26.6156    28.3700  0.000e+00
      2.185   4.443212  1016.0505 1.4164e-01     8.6297     1.3341     6.1212     91.271 2.0055e-01    26.6842    28.3593  0.000e+00
      2.152   4.439656  1016.0288 1.4042e-01     8.5003     1.3341     6.1211     91.263 1.9352e-01    26.6576    28.3643  0.000e+00
      2.061   4.428995  1015.9702 1.4042e-01     8.5003     1.3341     6.1224     91.255 1.8562e-01    26.5826    28.3711  0.000e+00
      2.094   4.420693  1015.9254 1.4042e-01     8.5003     1.3647     6.1277     91.311 1.8396e-01    26.5245    28.3757  0.000e+00
      2.061   4.414407  1015.8914 1.4042e-01     8.5003     1.3341     6.1245     91.246 1.8506e-01    26.4807    28.3790  0.000e+00
      2.094   4.409237  1015.8646 1.4042e-01     8.5003     1.3647     6.1210     91.179 1.8673e-01    26.4453    28.3804  0.000e+00
      2.094   4.404910  1015.8413 1.3919e-01     9.5357     1.3341     6.1212     91.169 1.8728e-01    26.4151    28.3828  0.000e+00
      2.004   4.399374  1015.8101 1.3919e-01    10.7005     1.3341     6.1211     91.155 1.7696e-01    26.3758    28.3871  0.000e+00
      2.094   4.394390  1015.7820 1.3919e-01    10.9594     1.3341     6.1251     91.204 1.5459e-01    26.3398    28.3921  0.000e+00
      2.061   4.391565  1015.7652 1.3797e-01    10.8946     1.3341     6.1206     91.131 1.4729e-01    26.3190    28.3955  0.000e+00
      2.028   4.390625  1015.7590 1.3797e-01    10.8946     1.3341     6.1196     91.116 1.4819e-01    26.3117    28.3974  0.000e+00
      2.061   4.390771  1015.7597 1.3797e-01    10.8946     1.3341     6.1188     91.104 1.5045e-01    26.3126    28.3976  0.000e+00
      2.028   4.391591  1015.7645 1.3797e-01    10.8299     1.3341     6.1218     91.150 1.5136e-01    26.3187    28.3965  0.000e+00
      2.028   4.393126  1015.7729 1.3797e-01    10.8946     1.3341     6.1169     91.081 1.4819e-01    26.3295    28.3955  0.000e+00
      2.004   4.397103  1015.7932 1.3919e-01    10.8946     1.3341     6.1154     91.071 1.2885e-01    26.3565    28.3947  0.000e+00
      2.028   4.400592  1015.8121 1.4042e-01    10.8299     1.3036     6.1140     91.061 1.2193e-01    26.3808    28.3928  0.000e+00
      2.061   4.400857  1015.8151 1.4042e-01    10.8299     1.3036     6.1176     91.112 1.2193e-01    26.3837    28.3907  0.000e+00
      2.028   4.399129  1015.8072 1.4164e-01    10.8946     1.3036     6.1134     91.042 1.2845e-01    26.3729    28.3895  0.000e+00
      2.004   4.399857  1015.8113 1.3919e-01    56.2585     1.3341     6.1166     91.092 1.3203e-01    26.3781    28.3888  0.000e+00
      2.028   4.416197  1015.8987 1.3065e-01   208.4636     1.2120     6.1130     91.083 1.3203e-01    26.4915    28.3810  0.000e+00
      2.028   4.441915  1016.0375 1.1600e-01   264.3110     1.3952     6.1037     91.016 1.2458e-01    26.6711    28.3672  0.000e+00
      2.061   4.449981  1016.0849 1.1477e-01   264.3110     1.3952     6.1021     91.007 1.2007e-01    26.7303    28.3578  0.000e+00
      2.028   4.441184  1016.0390 1.1477e-01   264.3110     1.3952     6.1033     90.998 1.1934e-01    26.6701    28.3602  0.000e+00
      2.004   4.436858  1016.0174 1.1355e-01   260.2988     1.3952     6.1077     91.049 1.1824e-01    26.6413    28.3600  0.000e+00
      2.094   4.435676  1016.0131 1.1477e-01   259.3928     1.3647     6.1078     91.044 1.1679e-01    26.6343    28.3584  0.000e+00
      2.061   4.427528  1015.9662 1.1477e-01   259.7164     1.3952     6.1128     91.101 1.1715e-01    26.5753    28.3665  0.000e+00
      2.028   4.425006  1015.9524 1.1477e-01   259.9752     1.3952     6.1090     91.038 1.1934e-01    26.5577    28.3679  0.000e+00
      2.028   4.441384  1016.0475 1.1477e-01   259.9752     1.3952     6.1106     91.095 1.2193e-01    26.6772    28.3500  0.000e+00
      2.061   4.466297  1016.1814 1.1477e-01   259.9105     1.3952     6.1017     91.033 1.2268e-01    26.8507    28.3379  0.000e+00
      2.094   4.493517  1016.3321 1.1477e-01   259.9752     1.3647     6.0970     91.032 1.1254e-01    27.0439    28.3190  0.000e+00
      2.127   4.518429  1016.4681 1.1477e-01   259.9752     1.3647     6.0927     91.034 1.0094e-01    27.2192    28.3047  0.000e+00
      2.028   4.552466  1016.6584 1.1355e-01   259.9752     1.3952     6.0869     91.032 9.8755e-02    27.4628    28.2787  0.000e+00
      2.152   4.585281  1016.8293 1.1355e-01   259.9752     1.3647     6.0843     91.096 9.9065e-02    27.6876    28.2719  0.000e+00
      2.061   4.612393  1016.9744 1.1355e-01   259.9752     1.3952     6.0792     91.100 9.9375e-02    27.8770    28.2605  0.000e+00
      2.152   4.631562  1017.0770 1.1477e-01   259.9752     1.3952     6.0758     91.106 9.9375e-02    28.0104    28.2534  0.000e+00
      2.127   4.634274  1017.0873 1.1600e-01   259.9752     1.3647     6.0751     91.110 9.9687e-02    28.0262    28.2578  0.000e+00
      2.152   4.633834  1017.0883 1.1600e-01   259.9752     1.3647     6.0761     91.118 1.0126e-01    28.0257    28.2536  0.000e+00
      2.185   4.655351  1017.2141 1.1600e-01   259.9752     1.3647     6.0735     91.127 1.0189e-01    28.1840    28.2315  0.000e+00
      2.152   4.682491  1017.3650 1.1477e-01   259.9752     1.3647     6.0693     91.134 9.9999e-02    28.3780    28.2138  0.000e+00
      2.218   4.697766  1017.4491 1.1477e-01   259.9752     1.3952     6.0668     91.140 9.9375e-02    28.4864    28.2055  0.000e+00
      2.185   4.708567  1017.5103 1.1477e-01   259.9752     1.3952     6.0695     91.207 9.9065e-02    28.5646    28.1971  0.000e+00
      2.218   4.716577  1017.5560 1.1355e-01   259.9752     1.3341     6.0687     91.215 9.9065e-02    28.6228    28.1906  0.000e+00
      2.242   4.720796  1017.5806 1.1233e-01   259.9752     1.3036     6.0727     91.285 9.9375e-02    28.6537    28.1867  0.000e+00
      2.275   4.721055  1017.5807 1.3431e-01   181.9960     1.0594     6.0691     91.234 9.9065e-02    28.6544    28.1884  0.000e+00
      2.242   4.714077  1017.5371 1.3675e-01    44.3513     1.2426     6.0703     91.241 1.1500e-01    28.6008    28.1989  0.000e+00
      2.275   4.707192  1017.5007 1.3797e-01     3.3232     1.2426     6.0725     91.252 1.3003e-01    28.5529    28.2009  0.000e+00
      2.275   4.707553  1017.5037 1.3919e-01     4.9410     1.2426     6.0773     91.324 1.3365e-01    28.5563    28.1994  0.000e+00
      2.308   4.714397  1017.5424 1.3919e-01    10.1828     1.2120     6.0768     91.334 1.2496e-01    28.6056    28.1945  0.000e+00
      2.333   4.720966  1017.5774 1.3919e-01    11.8006     1.2120     6.0760     91.342 1.1607e-01    28.6514    28.1925  0.000e+00
      2.308   4.726666  1017.6061 1.3919e-01    11.7359     1.2120     6.0791     91.409 1.1394e-01    28.6899    28.1926  0.000e+00
      2.399   4.730936  1017.6276 1.4042e-01    11.6065     1.2120     6.0828     91.481 1.1607e-01    28.7184    28.1934  0.000e+00
      2.308   4.727744  1017.6066 1.4042e-01    11.4771     1.2120     6.0797     91.429 1.1934e-01    28.6933    28.1991  0.000e+00
      2.333   4.716318  1017.5398 1.4164e-01    11.4123     1.2120     6.0781     91.379 1.1970e-01    28.6089    28.2106  0.000e+00
      2.399   4.700072  1017.4471 1.3919e-01    11.4771     1.2120     6.0851     91.446 1.2382e-01    28.4907    28.2243  0.000e+00
      2.366   4.690225  1017.3986 1.3919e-01    11.4771     1.2120     6.0878     91.449 1.3284e-01    28.4253    28.2223  0.000e+00
