WS23139_STN15_13CTD.cnv
* Sea-Bird SBE 9 Data File:
* FileName = C:\ctd\Cruise_Data\WS23139_Rosenheim\WS23139_Rosenheim_STN15.hex
* Software Version Seasave V 7.26.7.121
* Temperature SN = 4097 MTG 177
* Conductivity SN = 1851 MTG 053
* Number of Bytes Per Scan = 40
* Number of Voltage Words = 5
* Number of Scans Averaged by the Deck Unit = 1
* NMEA Latitude = 05 38.90 N
* NMEA Longitude = 053 20.40 W
* NMEA UTC (Time) = Jun 15 2023 15:49:49
** Ship:
** Station:
** Operator:
# nquan = 12
# nvalues = 8782                                  
# units = specified
# name 0 = depSM: Depth [salt water, m]
# name 1 = c0S/m: Conductivity [S/m]
# name 2 = density00: Density [density, kg/m^3]
# name 3 = flSP: Fluorescence, Seapoint
# name 4 = wetCDOM: Fluorescence, WET Labs CDOM [mg/m^3]
# name 5 = flECO-AFL: Fluorescence, WET Labs ECO-AFL/FL [mg/m^3]
# name 6 = sbeox0Mg/L: Oxygen, SBE 43 [mg/l]
# name 7 = sbeox0PS: Oxygen, SBE 43 [% saturation]
# name 8 = par: PAR/Irradiance, Biospherical/Licor [Watts/m^2]
# name 9 = sal00: Salinity, Practical [PSU]
# name 10 = t090C: Temperature [ITS-90, deg C]
# name 11 = flag:  0.000e+00
# span 0 =      2.297,      7.550                 
# span 1 =   3.801835,   5.692962                 
# span 2 =  1013.5737,  1023.3863                 
# span 3 = 1.2210e-03, 2.6129e-01                 
# span 4 =    -0.6890,   264.3110                 
# span 5 =    -0.1005,     6.4318                 
# span 6 =    -0.2051,     7.0741                 
# span 7 =     -3.166,    109.335                 
# span 8 = 9.8755e-02, 4.7063e+02                 
# span 9 =    22.9223,    35.9932                 
# span 10 =    27.3234,    28.3517                
# span 11 = 0.0000e+00, 0.0000e+00                
# interval = seconds: 0.0416667
# start_time = Jun 15 2023 15:49:49 [NMEA time, header]
# bad_flag = -9.990e-29
*END*
[from data line 5173]
      6.992   5.681518  1023.3372 3.0525e-02    26.4905     2.2194     4.6200     71.313 2.0114e-01    35.9221    27.3276  0.000e+00
      6.967   5.681260  1023.3357 3.0525e-02    26.4905     2.2194     4.6268     71.416 2.0055e-01    35.9203    27.3276  0.000e+00
      6.992   5.682285  1023.3413 3.0525e-02    26.4905     2.2194     4.6333     71.520 2.0055e-01    35.9275    27.3276  0.000e+00
      6.992   5.682816  1023.3444 2.9304e-02    26.4905     2.2194     4.6358     71.560 1.9877e-01    35.9315    27.3274  0.000e+00
      6.967   5.682853  1023.3443 2.9304e-02    26.4905     2.2194     4.6420     71.656 1.9818e-01    35.9316    27.3276  0.000e+00
      6.992   5.682632  1023.3434 3.1746e-02    26.4905     2.2194     4.6480     71.747 1.9700e-01    35.9302    27.3274  0.000e+00
      6.967   5.682071  1023.3401 3.4188e-02    26.4905     2.2194     4.6541     71.840 1.9700e-01    35.9260    27.3276  0.000e+00
      6.934   5.681666  1023.3379 3.2967e-02    26.0375     2.2194     4.6601     71.932 1.9525e-01    35.9233    27.3274  0.000e+00
      7.025   5.681754  1023.3386 3.2967e-02    23.9020     2.2194     4.6658     72.020 1.9410e-01    35.9238    27.3276  0.000e+00
      6.992   5.681474  1023.3370 3.1746e-02    22.9313     2.2194     4.6672     72.041 1.9352e-01    35.9217    27.3276  0.000e+00
      6.967   5.680966  1023.3342 3.1746e-02    22.8666     2.2194     4.6724     72.119 1.9352e-01    35.9182    27.3276  0.000e+00
      6.992   5.680840  1023.3336 3.4188e-02    22.9960     2.2194     4.6771     72.192 1.9352e-01    35.9172    27.3276  0.000e+00
      6.967   5.680811  1023.3335 3.6630e-02    22.9960     2.2194     4.6737     72.140 1.9123e-01    35.9172    27.3274  0.000e+00
      7.049   5.680929  1023.3343 3.6630e-02    22.9960     2.2194     4.6820     72.268 1.8673e-01    35.9178    27.3276  0.000e+00
      6.967   5.681017  1023.3344 3.5409e-02    22.9960     2.2194     4.6781     72.208 1.8451e-01    35.9185    27.3276  0.000e+00
      6.992   5.681238  1023.3357 3.5409e-02    22.9960     2.2194     4.6817     72.263 1.8396e-01    35.9201    27.3276  0.000e+00
      7.025   5.681511  1023.3375 3.5409e-02    22.9960     2.2194     4.6769     72.190 1.8124e-01    35.9222    27.3274  0.000e+00
      6.992   5.681452  1023.3369 3.6630e-02    22.9960     2.2194     4.6798     72.235 1.8070e-01    35.9216    27.3276  0.000e+00
      7.049   5.681607  1023.3381 3.6630e-02    22.9960     2.2194     4.6745     72.155 1.7749e-01    35.9228    27.3274  0.000e+00
      7.025   5.682020  1023.3400 3.9072e-02    22.9960     2.2194     4.6729     72.130 1.6517e-01    35.9256    27.3276  0.000e+00
      6.992   5.682351  1023.3419 3.9072e-02    24.0314     2.2194     4.6669     72.039 1.6173e-01    35.9282    27.3274  0.000e+00
      7.025   5.682455  1023.3426 4.1514e-02    24.9374     2.2194     4.6649     72.009 1.6028e-01    35.9289    27.3274  0.000e+00
      7.049   5.682329  1023.3421 4.3956e-02    25.2609     2.2194     4.6629     71.977 1.5227e-01    35.9281    27.3273  0.000e+00
      7.025   5.681762  1023.3388 4.5177e-02    25.0668     2.1583     4.6566     71.878 1.4729e-01    35.9239    27.3274  0.000e+00
      7.049   5.681312  1023.3367 4.5177e-02    25.0668     2.0667     4.6499     71.772 1.4685e-01    35.9209    27.3273  0.000e+00
      7.025   5.681312  1023.3364 4.6398e-02    25.0668     2.0362     4.6427     71.662 1.4032e-01    35.9207    27.3274  0.000e+00
      7.049   5.681703  1023.3386 4.6398e-02    25.0668     2.0362     4.6355     71.552 1.3989e-01    35.9235    27.3274  0.000e+00
      7.082   5.682580  1023.3435 4.7619e-02    25.0668     2.0362     4.6279     71.438 1.4032e-01    35.9298    27.3274  0.000e+00
      7.049   5.683465  1023.3482 4.7619e-02    25.0668     2.0362     4.6202     71.320 1.3284e-01    35.9362    27.3273  0.000e+00
      7.082   5.684055  1023.3514 4.7619e-02    25.0668     2.0362     4.6165     71.265 1.2650e-01    35.9403    27.3274  0.000e+00
      7.115   5.684254  1023.3527 4.8840e-02    25.0668     2.0362     4.6089     71.148 1.2496e-01    35.9418    27.3273  0.000e+00
      7.082   5.684320  1023.3528 5.0061e-02    25.0668     2.0362     4.6049     71.087 1.1643e-01    35.9422    27.3274  0.000e+00
      7.115   5.684468  1023.3539 5.0061e-02    24.7432     2.0362     4.5972     70.969 1.0979e-01    35.9433    27.3273  0.000e+00
      7.115   5.684549  1023.3542 5.0061e-02    24.0314     2.0362     4.5934     70.910 1.0610e-01    35.9438    27.3274  0.000e+00
      7.082   5.684696  1023.3548 4.8840e-02    23.7725     2.0362     4.5896     70.852 1.0063e-01    35.9449    27.3274  0.000e+00
      7.115   5.684888  1023.3560 4.8840e-02    23.7725     2.0362     4.5821     70.737 9.9065e-02    35.9462    27.3274  0.000e+00
      7.148   5.685035  1023.3571 4.8840e-02    23.7725     2.0362     4.5784     70.679 9.8755e-02    35.9474    27.3273  0.000e+00
      7.115   5.685043  1023.3570 4.8840e-02    23.7725     2.0362     4.5749     70.626 9.9065e-02    35.9475    27.3273  0.000e+00
      7.148   5.685168  1023.3578 5.1282e-02    23.7725     2.0362     4.5716     70.575 9.9065e-02    35.9483    27.3273  0.000e+00
      7.173   5.685316  1023.3587 5.2503e-02    23.7725     2.0362     4.5722     70.585 9.9375e-02    35.9494    27.3273  0.000e+00
      7.148   5.685006  1023.3571 5.3724e-02    23.7725     2.0362     4.5654     70.479 9.9065e-02    35.9473    27.3271  0.000e+00
      7.173   5.684822  1023.3560 5.6166e-02    23.7725     2.0362     4.5665     70.496 9.9375e-02    35.9459    27.3273  0.000e+00
      7.148   5.684829  1023.3560 5.8608e-02    23.7725     2.0362     4.5600     70.395 9.9065e-02    35.9459    27.3273  0.000e+00
      7.173   5.684423  1023.3539 5.8608e-02    23.8373     2.0362     4.5615     70.417 9.9065e-02    35.9430    27.3273  0.000e+00
      7.206   5.683900  1023.3512 5.9829e-02    23.8373     2.0362     4.5632     70.441 9.9375e-02    35.9393    27.3273  0.000e+00
      7.173   5.682344  1023.3426 6.2271e-02    24.6785     2.0362     4.5616     70.413 9.9375e-02    35.9281    27.3274  0.000e+00
      7.173   5.682285  1023.3422 6.5934e-02    25.1962     2.0362     4.5597     70.384 9.9375e-02    35.9276    27.3274  0.000e+00
      7.206   5.683399  1023.3482 6.7155e-02    25.2609     2.0362     4.5578     70.357 9.9065e-02    35.9354    27.3276  0.000e+00
      7.239   5.683693  1023.3499 6.7155e-02    25.1962     2.0362     4.5602     70.396 9.9065e-02    35.9375    27.3276  0.000e+00
      7.148   5.683155  1023.3467 6.8376e-02    25.1962     2.0362     4.5551     70.316 9.9065e-02    35.9337    27.3276  0.000e+00
      7.173   5.682388  1023.3428 6.9597e-02    25.1962     2.0362     4.5582     70.360 9.9065e-02    35.9284    27.3274  0.000e+00
      7.272   5.681187  1023.3364 7.0818e-02    25.1962     2.0667     4.5577     70.350 9.9065e-02    35.9195    27.3278  0.000e+00
      7.173   5.677420  1023.3156 7.3260e-02    25.1962     2.0667     4.5616     70.399 9.9065e-02    35.8925    27.3280  0.000e+00
      7.272   5.673242  1023.2938 7.5702e-02    25.1962     2.0667     4.5661     70.457 9.9065e-02    35.8629    27.3278  0.000e+00
      7.173   5.673500  1023.2947 7.5702e-02    25.1962     2.0667     4.5661     70.457 9.9065e-02    35.8647    27.3278  0.000e+00
      7.206   5.676013  1023.3082 7.5702e-02    25.1962     2.0667     4.5659     70.462 9.9065e-02    35.8825    27.3280  0.000e+00
      7.239   5.676212  1023.3096 7.4481e-02    25.1962     2.0667     4.5664     70.470 9.9375e-02    35.8840    27.3278  0.000e+00
      7.148   5.676086  1023.3083 7.3260e-02    27.5906     2.0667     4.5671     70.480 9.9065e-02    35.8830    27.3280  0.000e+00
      7.239   5.677383  1023.3157 7.2039e-02    31.2793     2.0667     4.5716     70.555 9.9375e-02    35.8922    27.3280  0.000e+00
      7.206   5.678651  1023.3224 7.4481e-02    32.4441     2.0667     4.5766     70.634 9.9065e-02    35.9013    27.3280  0.000e+00
      7.173   5.679904  1023.3291 8.0586e-02    32.3794     2.0667     4.5779     70.659 9.9065e-02    35.9104    27.3278  0.000e+00
      7.296   5.681069  1023.3357 8.4249e-02    32.2499     2.0667     4.5872     70.805 9.9065e-02    35.9185    27.3280  0.000e+00
      7.148   5.682049  1023.3404 8.4249e-02    32.1852     2.0667     4.5852     70.777 9.9065e-02    35.9255    27.3280  0.000e+00
      7.173   5.682698  1023.3441 8.4249e-02    32.1852     2.0667     4.5870     70.806 9.9065e-02    35.9303    27.3278  0.000e+00
      7.206   5.683362  1023.3478 8.3028e-02    32.1852     2.0667     4.5930     70.900 9.9065e-02    35.9350    27.3278  0.000e+00
      7.239   5.683848  1023.3504 8.0586e-02    32.1852     2.0667     4.5990     70.995 9.9375e-02    35.9383    27.3280  0.000e+00
      7.206   5.684165  1023.3522 8.0586e-02    32.2499     2.0667     4.6054     71.095 9.9065e-02    35.9408    27.3278  0.000e+00
      7.173   5.684438  1023.3535 8.3028e-02    32.1852     2.0667     4.6118     71.195 1.0126e-01    35.9427    27.3278  0.000e+00
      7.148   5.684512  1023.3538 8.5470e-02    32.1852     2.0667     4.6145     71.236 1.0810e-01    35.9433    27.3278  0.000e+00
      7.173   5.684689  1023.3548 8.9133e-02    32.1205     2.0667     4.6170     71.275 1.1082e-01    35.9445    27.3278  0.000e+00
      7.148   5.684748  1023.3552 8.7912e-02    31.7970     2.0667     4.6274     71.435 1.1572e-01    35.9450    27.3276  0.000e+00
      7.173   5.684777  1023.3555 8.6691e-02    31.6675     2.0667     4.6262     71.417 1.3003e-01    35.9453    27.3276  0.000e+00
      7.148   5.684895  1023.3558 8.9133e-02    31.6675     2.0667     4.6285     71.453 1.3529e-01    35.9460    27.3278  0.000e+00
      7.172   5.684999  1023.3567 8.6691e-02    31.6675     2.0667     4.6346     71.547 1.3905e-01    35.9468    27.3276  0.000e+00
      7.115   5.684999  1023.3564 8.1807e-02    31.6675     2.0667     4.6406     71.640 1.5694e-01    35.9468    27.3276  0.000e+00
      7.148   5.685013  1023.3563 8.1807e-02    31.7322     2.0667     4.6425     71.670 1.6517e-01    35.9467    27.3280  0.000e+00
      7.115   5.685198  1023.3575 8.6691e-02    31.6675     2.1583     4.6481     71.757 1.6717e-01    35.9483    27.3276  0.000e+00
      7.148   5.685544  1023.3595 9.0354e-02    31.6675     2.2194     4.6536     71.843 1.8070e-01    35.9507    27.3276  0.000e+00
      7.049   5.685876  1023.3609 9.2796e-02    31.6675     2.2194     4.6511     71.806 1.8896e-01    35.9531    27.3276  0.000e+00
      7.082   5.686201  1023.3629 9.4017e-02    31.6675     2.2194     4.6562     71.885 1.9009e-01    35.9556    27.3274  0.000e+00
      7.115   5.686525  1023.3646 9.5238e-02    31.7322     2.2194     4.6574     71.903 2.1217e-01    35.9578    27.3276  0.000e+00
      7.082   5.686820  1023.3662 9.6459e-02    31.6675     2.2194     4.6621     71.978 2.2776e-01    35.9600    27.3274  0.000e+00
      7.049   5.686990  1023.3670 1.0012e-01    28.1730     2.2194     4.6630     71.992 2.2911e-01    35.9612    27.3274  0.000e+00
      7.024   5.687159  1023.3680 1.0379e-01    24.8079     2.2194     4.6677     72.065 2.4734e-01    35.9626    27.3273  0.000e+00
      7.115   5.687211  1023.3686 1.0745e-01    24.0961     2.2194     4.6644     72.013 2.6307e-01    35.9629    27.3273  0.000e+00
      7.024   5.687211  1023.3683 1.0501e-01    24.2255     2.2194     4.6686     72.078 2.6000e-01    35.9629    27.3273  0.000e+00
      7.049   5.687255  1023.3688 1.0379e-01    24.3550     2.2194     4.6689     72.083 2.7408e-01    35.9634    27.3271  0.000e+00
      7.024   5.687262  1023.3685 1.0379e-01    24.3550     2.2194     4.6690     72.085 2.9058e-01    35.9633    27.3273  0.000e+00
      6.991   5.687255  1023.3684 1.0501e-01    24.3550     2.2194     4.6691     72.087 2.9572e-01    35.9633    27.3273  0.000e+00
      6.991   5.687292  1023.3684 1.0745e-01    24.3550     2.2194     4.6690     72.085 3.1256e-01    35.9634    27.3274  0.000e+00
      7.024   5.687351  1023.3692 1.0745e-01    24.3550     2.2194     4.6689     72.083 3.3908e-01    35.9641    27.3271  0.000e+00
      6.991   5.687321  1023.3687 1.0745e-01    24.3550     2.2194     4.6723     72.137 3.5110e-01    35.9637    27.3273  0.000e+00
      6.966   5.687270  1023.3683 1.0745e-01    24.3550     2.2194     4.6721     72.133 3.6565e-01    35.9634    27.3273  0.000e+00
      6.933   5.687321  1023.3685 1.0867e-01    24.3550     2.2194     4.6719     72.129 3.9538e-01    35.9638    27.3273  0.000e+00
      6.966   5.687351  1023.3688 1.0989e-01    24.2255     2.2194     4.6715     72.124 4.0580e-01    35.9640    27.3273  0.000e+00
      6.933   5.687425  1023.3689 1.0989e-01    23.8373     2.2194     4.6710     72.116 4.1528e-01    35.9644    27.3274  0.000e+00
      6.900   5.687476  1023.3689 1.0745e-01    23.7078     2.2194     4.6743     72.168 4.4506e-01    35.9646    27.3276  0.000e+00
      6.933   5.687557  1023.3696 1.0745e-01    23.7078     2.2194     4.6739     72.162 4.5544e-01    35.9653    27.3274  0.000e+00
      6.900   5.687580  1023.3694 1.1111e-01    23.7078     2.2194     4.6771     72.212 4.6471e-01    35.9653    27.3276  0.000e+00
      6.933   5.687616  1023.3696 1.1477e-01    23.7078     2.2194     4.6806     72.266 4.9794e-01    35.9655    27.3278  0.000e+00
      6.900   5.687609  1023.3694 1.1844e-01    23.7078     2.2194     4.6801     72.258 5.1246e-01    35.9654    27.3278  0.000e+00
      6.867   5.687550  1023.3689 1.2088e-01    23.7078     2.2194     4.6797     72.251 5.1541e-01    35.9650    27.3278  0.000e+00
      6.900   5.687535  1023.3692 1.2454e-01    23.7078     2.0057     4.6793     72.245 5.5059e-01    35.9650    27.3276  0.000e+00
      6.867   5.687565  1023.3690 1.2454e-01    23.7078     1.8531     4.6787     72.237 5.6824e-01    35.9651    27.3278  0.000e+00
      6.842   5.687528  1023.3687 1.2454e-01    23.7078     1.8531     4.6860     72.349 5.7150e-01    35.9648    27.3278  0.000e+00
      6.809   5.687425  1023.3681 1.2454e-01    23.7078     1.8225     4.6856     72.342 5.9320e-01    35.9641    27.3278  0.000e+00
      6.867   5.687395  1023.3683 1.2454e-01    23.7078     1.8531     4.6890     72.395 6.0521e-01    35.9640    27.3276  0.000e+00
      6.842   5.687395  1023.3680 1.2332e-01    23.1254     1.8531     4.6886     72.388 6.0695e-01    35.9639    27.3278  0.000e+00
      6.809   5.687366  1023.3679 1.2454e-01    22.6724     1.8531     4.6842     72.321 6.3539e-01    35.9638    27.3276  0.000e+00
      6.776   5.687152  1023.3665 1.2454e-01    22.6077     1.8531     4.6876     72.372 6.5383e-01    35.9622    27.3278  0.000e+00
      6.867   5.686731  1023.3646 1.2454e-01    22.6724     1.8531     4.6914     72.431 6.5570e-01    35.9592    27.3278  0.000e+00
      6.776   5.687026  1023.3659 1.2576e-01    22.6724     1.8531     4.6910     72.424 6.7279e-01    35.9614    27.3276  0.000e+00
      6.809   5.687130  1023.3666 1.2576e-01    22.6724     1.8531     4.6944     72.477 6.9428e-01    35.9622    27.3276  0.000e+00
      6.776   5.687159  1023.3667 1.2454e-01    22.5430     1.8531     4.6901     72.410 6.9626e-01    35.9624    27.3276  0.000e+00
      6.743   5.687063  1023.3660 1.2576e-01    22.6724     1.8531     4.6976     72.526 7.1644e-01    35.9617    27.3276  0.000e+00
      6.842   5.686990  1023.3658 1.2698e-01    22.6724     1.8531     4.6937     72.466 7.3719e-01    35.9610    27.3278  0.000e+00
      6.743   5.686908  1023.3652 1.2698e-01    22.5430     1.8531     4.6975     72.524 7.4353e-01    35.9606    27.3276  0.000e+00
      6.719   5.686864  1023.3647 1.2943e-01    22.6724     1.8531     4.6974     72.523 7.5206e-01    35.9602    27.3278  0.000e+00
      6.809   5.686702  1023.3641 1.3065e-01    22.6724     1.8531     4.7013     72.582 7.6723e-01    35.9589    27.3278  0.000e+00
      6.719   5.686621  1023.3635 1.3187e-01    21.4429     1.8531     4.7055     72.647 7.7383e-01    35.9586    27.3276  0.000e+00
