WS23139_STN07_06CTD.cnv
* Sea-Bird SBE 9 Data File:
* FileName = C:\ctd\Cruise_Data\WS23139_Rosenheim\WS23139_Rosenheim_STN07.hex
* Software Version Seasave V 7.26.7.121
* Temperature SN = 4097 MTG 177
* Conductivity SN = 1851 MTG 053
* Number of Bytes Per Scan = 40
* Number of Voltage Words = 5
* Number of Scans Averaged by the Deck Unit = 1
* NMEA Latitude = 01 02.54 N
* NMEA Longitude = 049 25.36 W
* NMEA UTC (Time) = Jun 09 2023 17:46:24
** Ship:
** Station:
** Operator:
# nquan = 12
# nvalues = 10385                                 
# units = specified
# name 0 = depSM: Depth [salt water, m]
# name 1 = c0S/m: Conductivity [S/m]
# name 2 = density00: Density [density, kg/m^3]
# name 3 = flSP: Fluorescence, Seapoint
# name 4 = wetCDOM: Fluorescence, WET Labs CDOM [mg/m^3]
# name 5 = flECO-AFL: Fluorescence, WET Labs ECO-AFL/FL [mg/m^3]
# name 6 = sbeox0Mg/L: Oxygen, SBE 43 [mg/l]
# name 7 = sbeox0PS: Oxygen, SBE 43 [% saturation]
# name 8 = par: PAR/Irradiance, Biospherical/Licor [Watts/m^2]
# name 9 = sal00: Salinity, Practical [PSU]
# name 10 = t090C: Temperature [ITS-90, deg C]
# name 11 = flag:  0.000e+00
# span 0 =      2.474,     14.182                 
# span 1 =   0.009135,   0.016392                 
# span 2 =   995.8073,   995.9283                 
# span 3 = 1.1966e-01, 1.3919e-01                 
# span 4 =    20.2133,    23.2548                 
# span 5 =     1.3647,     1.5478                 
# span 6 =     4.3493,     6.1310                 
# span 7 =     57.097,     80.714                 
# span 8 = 9.8755e-02, 1.0476e+01                 
# span 9 =     0.0453,     0.0749                 
# span 10 =    29.4476,    29.6959                
# span 11 = 0.0000e+00, 0.0000e+00                
# interval = seconds: 0.0416667
# start_time = Jun 09 2023 17:46:24 [NMEA time, header]
# bad_flag = -9.990e-29
*END*
[from data line 6136]
      3.992   0.012200   995.8379 1.3187e-01    20.9252     1.3647     5.1981     68.286 9.9065e-02     0.0577    29.5748  0.000e+00
      3.967   0.012194   995.8381 1.3065e-01    20.9252     1.3647     5.2011     68.324 9.9065e-02     0.0577    29.5736  0.000e+00
      4.050   0.012194   995.8390 1.3065e-01    20.9252     1.3647     5.2000     68.308 9.9065e-02     0.0577    29.5720  0.000e+00
      3.967   0.012192   995.8390 1.3187e-01    20.9252     1.3647     5.2037     68.354 9.9065e-02     0.0577    29.5705  0.000e+00
      3.992   0.012189   995.8394 1.3065e-01    20.9899     1.3647     5.2078     68.407 9.9065e-02     0.0577    29.5696  0.000e+00
      3.967   0.012192   995.8396 1.3187e-01    21.0546     1.3647     5.2123     68.465 9.9065e-02     0.0577    29.5686  0.000e+00
      3.992   0.012203   995.8401 1.3187e-01    21.0546     1.3647     5.2218     68.588 9.9065e-02     0.0577    29.5675  0.000e+00
      3.967   0.012206   995.8401 1.3187e-01    20.9252     1.3647     5.2271     68.657 9.9065e-02     0.0577    29.5669  0.000e+00
      3.934   0.012194   995.8403 1.3187e-01    20.9252     1.3647     5.2329     68.732 9.9065e-02     0.0577    29.5659  0.000e+00
      3.967   0.012197   995.8406 1.3065e-01    20.9252     1.3647     5.2389     68.809 9.9065e-02     0.0577    29.5652  0.000e+00
      3.934   0.012197   995.8407 1.3187e-01    20.9252     1.3647     5.2452     68.892 9.9065e-02     0.0577    29.5644  0.000e+00
      3.967   0.012186   995.8410 1.3065e-01    20.9252     1.3647     5.2520     68.981 9.9065e-02     0.0577    29.5638  0.000e+00
      3.934   0.012166   995.8410 1.3065e-01    20.9252     1.3647     5.2634     69.130 9.9065e-02     0.0576    29.5631  0.000e+00
      3.901   0.012154   995.8410 1.3065e-01    20.9252     1.3647     5.2705     69.222 9.9065e-02     0.0575    29.5625  0.000e+00
      3.934   0.012149   995.8414 1.3065e-01    20.9252     1.3647     5.2778     69.317 9.9065e-02     0.0575    29.5618  0.000e+00
      3.901   0.012120   995.8412 1.3065e-01    20.9252     1.3647     5.2807     69.355 9.9065e-02     0.0574    29.5614  0.000e+00
      3.868   0.012120   995.8414 1.3187e-01    20.9252     1.3647     5.2928     69.512 9.9065e-02     0.0574    29.5604  0.000e+00
      3.901   0.012120   995.8418 1.3187e-01    20.9252     1.3647     5.2961     69.554 9.9065e-02     0.0574    29.5595  0.000e+00
      3.868   0.012109   995.8419 1.3187e-01    20.9252     1.3647     5.3039     69.656 9.9065e-02     0.0574    29.5586  0.000e+00
      3.844   0.012100   995.8420 1.3187e-01    20.9252     1.3647     5.3116     69.756 9.9065e-02     0.0573    29.5577  0.000e+00
      3.934   0.012097   995.8426 1.3065e-01    20.9252     1.3647     5.3198     69.862 9.9065e-02     0.0573    29.5570  0.000e+00
      3.778   0.012089   995.8422 1.3065e-01    20.9252     1.3647     5.3279     69.967 9.9065e-02     0.0573    29.5558  0.000e+00
      3.934   0.012074   995.8431 1.3187e-01    20.9252     1.3647     5.3360     70.074 9.9065e-02     0.0572    29.5553  0.000e+00
      3.778   0.012071   995.8425 1.3187e-01    20.9252     1.3647     5.3396     70.120 9.9065e-02     0.0572    29.5547  0.000e+00
      3.868   0.012057   995.8431 1.3187e-01    20.8605     1.3647     5.3477     70.225 9.9065e-02     0.0571    29.5542  0.000e+00
      3.844   0.012049   995.8429 1.3065e-01    20.7310     1.3647     5.3557     70.330 9.9065e-02     0.0571    29.5542  0.000e+00
      3.811   0.012049   995.8429 1.3065e-01    20.7957     1.3647     5.3684     70.497 9.9065e-02     0.0571    29.5538  0.000e+00
      3.901   0.012029   995.8433 1.3065e-01    20.6663     1.3647     5.3720     70.543 9.9065e-02     0.0570    29.5535  0.000e+00
      3.811   0.012014   995.8430 1.3065e-01    20.7310     1.3647     5.3799     70.647 9.9065e-02     0.0570    29.5531  0.000e+00
      3.811   0.012017   995.8431 1.3065e-01    20.7310     1.3647     5.3879     70.751 9.9065e-02     0.0570    29.5529  0.000e+00
      3.844   0.012020   995.8433 1.3065e-01    20.7310     1.3647     5.3957     70.853 9.9065e-02     0.0570    29.5525  0.000e+00
      3.811   0.012020   995.8432 1.3065e-01    20.7310     1.3647     5.3988     70.893 9.9065e-02     0.0570    29.5523  0.000e+00
      3.844   0.012020   995.8435 1.3065e-01    20.7310     1.3647     5.4061     70.990 9.9065e-02     0.0570    29.5519  0.000e+00
      3.869   0.012020   995.8436 1.3065e-01    20.7310     1.3647     5.4181     71.147 9.9065e-02     0.0570    29.5518  0.000e+00
      3.778   0.012023   995.8433 1.2943e-01    20.7310     1.3647     5.4160     71.119 9.9065e-02     0.0570    29.5516  0.000e+00
      3.869   0.012046   995.8433 1.2943e-01    20.7310     1.3647     5.4180     71.148 9.9065e-02     0.0571    29.5533  0.000e+00
      3.844   0.012054   995.8426 1.3065e-01    20.7310     1.3647     5.4195     71.169 9.9065e-02     0.0571    29.5553  0.000e+00
      3.869   0.012060   995.8418 1.3065e-01    20.8605     1.3647     5.4252     71.249 9.9065e-02     0.0572    29.5584  0.000e+00
      3.844   0.012066   995.8404 1.3065e-01    20.8605     1.3647     5.4259     71.263 9.9065e-02     0.0572    29.5628  0.000e+00
      3.869   0.012060   995.8395 1.3187e-01    20.8605     1.3647     5.4262     71.271 9.9065e-02     0.0571    29.5662  0.000e+00
      3.844   0.012063   995.8386 1.3187e-01    20.8605     1.3647     5.4310     71.337 9.9065e-02     0.0572    29.5686  0.000e+00
      3.869   0.012083   995.8380 1.3187e-01    20.8605     1.3647     5.4261     71.276 9.9065e-02     0.0572    29.5712  0.000e+00
      3.902   0.012080   995.8371 1.3065e-01    20.8605     1.3647     5.4253     71.270 9.9065e-02     0.0572    29.5747  0.000e+00
      3.935   0.012074   995.8363 1.3065e-01    20.8605     1.3647     5.4242     71.260 9.9065e-02     0.0572    29.5781  0.000e+00
      3.902   0.012074   995.8352 1.3065e-01    20.9899     1.3647     5.4182     71.184 9.9065e-02     0.0572    29.5810  0.000e+00
      3.935   0.012066   995.8345 1.3065e-01    20.8605     1.3647     5.4162     71.161 9.9065e-02     0.0572    29.5838  0.000e+00
      3.902   0.012066   995.8336 1.3065e-01    20.8605     1.3647     5.4141     71.136 9.9065e-02     0.0572    29.5862  0.000e+00
      3.935   0.012077   995.8333 1.3065e-01    20.8605     1.3952     5.4118     71.109 9.9065e-02     0.0572    29.5879  0.000e+00
      3.968   0.012069   995.8331 1.3065e-01    20.8605     1.3647     5.4002     70.957 9.9065e-02     0.0572    29.5890  0.000e+00
      3.935   0.012066   995.8326 1.3065e-01    20.7957     1.3647     5.3972     70.919 9.9065e-02     0.0572    29.5903  0.000e+00
      4.025   0.012069   995.8327 1.3065e-01    20.7310     1.3647     5.3895     70.820 9.9065e-02     0.0572    29.5912  0.000e+00
      3.992   0.012071   995.8322 1.3187e-01    20.7310     1.3647     5.3861     70.776 9.9065e-02     0.0572    29.5923  0.000e+00
      4.025   0.012074   995.8321 1.3065e-01    20.7310     1.3647     5.3826     70.732 9.9065e-02     0.0572    29.5935  0.000e+00
      3.992   0.012083   995.8317 1.3065e-01    20.7310     1.3647     5.3744     70.626 9.9065e-02     0.0572    29.5942  0.000e+00
      4.025   0.012074   995.8317 1.2943e-01    20.7310     1.3647     5.3661     70.517 9.9065e-02     0.0572    29.5947  0.000e+00
      4.050   0.012077   995.8317 1.2943e-01    20.7310     1.3647     5.3579     70.409 9.9065e-02     0.0572    29.5951  0.000e+00
      4.025   0.012086   995.8314 1.3065e-01    20.7310     1.3647     5.3494     70.299 9.9065e-02     0.0572    29.5957  0.000e+00
      4.050   0.012089   995.8315 1.3187e-01    20.7310     1.3647     5.3409     70.187 9.9065e-02     0.0572    29.5960  0.000e+00
      4.083   0.012094   995.8315 1.3065e-01    20.6663     1.3647     5.3322     70.074 9.9065e-02     0.0573    29.5964  0.000e+00
      4.050   0.012089   995.8312 1.3065e-01    20.7957     1.3647     5.3281     70.020 9.9065e-02     0.0572    29.5968  0.000e+00
      4.149   0.012077   995.8317 1.3065e-01    20.7957     1.3647     5.3195     69.907 9.9065e-02     0.0572    29.5966  0.000e+00
      4.050   0.012080   995.8311 1.3187e-01    20.9252     1.3647     5.3109     69.794 9.9065e-02     0.0572    29.5970  0.000e+00
      4.116   0.012077   995.8314 1.3187e-01    21.2487     1.3952     5.3024     69.683 9.9065e-02     0.0572    29.5971  0.000e+00
      4.083   0.012080   995.8312 1.3065e-01    21.3782     1.3952     5.2985     69.631 9.9065e-02     0.0572    29.5971  0.000e+00
      4.174   0.012077   995.8315 1.3065e-01    21.3782     1.3952     5.2899     69.518 9.9065e-02     0.0572    29.5975  0.000e+00
      4.083   0.012066   995.8311 1.3065e-01    21.3782     1.3952     5.2814     69.407 9.9065e-02     0.0571    29.5975  0.000e+00
      4.174   0.012057   995.8315 1.3187e-01    21.3782     1.3952     5.2728     69.294 9.9065e-02     0.0571    29.5974  0.000e+00
      4.149   0.012054   995.8316 1.3187e-01    21.3782     1.3952     5.2689     69.242 9.9065e-02     0.0571    29.5968  0.000e+00
      4.116   0.012051   995.8320 1.3187e-01    21.3782     1.3952     5.2560     69.071 9.9065e-02     0.0571    29.5949  0.000e+00
      4.149   0.012031   995.8328 1.3187e-01    21.3782     1.3952     5.2524     69.020 9.9065e-02     0.0570    29.5923  0.000e+00
      4.174   0.012026   995.8339 1.3187e-01    21.3782     1.3952     5.2445     68.912 9.9065e-02     0.0570    29.5890  0.000e+00
      4.149   0.012023   995.8347 1.3187e-01    21.3782     1.3952     5.2366     68.804 9.9065e-02     0.0570    29.5860  0.000e+00
      4.174   0.012020   995.8354 1.3187e-01    21.3782     1.3952     5.2331     68.756 9.9065e-02     0.0570    29.5838  0.000e+00
      4.149   0.012014   995.8359 1.3187e-01    21.3782     1.3952     5.2253     68.651 9.9065e-02     0.0569    29.5818  0.000e+00
      4.174   0.012003   995.8367 1.3187e-01    21.1840     1.3952     5.2130     68.486 9.9065e-02     0.0569    29.5795  0.000e+00
      4.149   0.011994   995.8373 1.3187e-01    21.0546     1.3952     5.2054     68.385 9.9065e-02     0.0569    29.5771  0.000e+00
      4.116   0.011991   995.8378 1.3187e-01    21.0546     1.3952     5.2025     68.343 9.9065e-02     0.0569    29.5749  0.000e+00
      4.207   0.011989   995.8386 1.3187e-01    21.0546     1.3952     5.2000     68.308 9.9065e-02     0.0568    29.5734  0.000e+00
      4.174   0.011977   995.8390 1.3187e-01    21.0546     1.3952     5.1931     68.216 9.9065e-02     0.0568    29.5715  0.000e+00
      4.149   0.011966   995.8393 1.3065e-01    21.0546     1.3952     5.1957     68.248 9.9065e-02     0.0568    29.5699  0.000e+00
      4.174   0.011969   995.8399 1.3065e-01    21.0546     1.3952     5.1848     68.103 9.9065e-02     0.0568    29.5684  0.000e+00
      4.149   0.011974   995.8402 1.3065e-01    21.0546     1.3952     5.1831     68.080 9.9065e-02     0.0568    29.5671  0.000e+00
      4.116   0.011974   995.8405 1.3187e-01    21.0546     1.3952     5.1775     68.004 9.9065e-02     0.0568    29.5655  0.000e+00
      4.149   0.011971   995.8411 1.3187e-01    21.0546     1.3952     5.1810     68.048 9.9065e-02     0.0568    29.5640  0.000e+00
      4.116   0.011971   995.8413 1.3187e-01    21.0546     1.3952     5.1803     68.037 9.9065e-02     0.0568    29.5629  0.000e+00
      4.149   0.011980   995.8418 1.3187e-01    21.0546     1.3952     5.1798     68.029 9.9065e-02     0.0568    29.5618  0.000e+00
      4.116   0.011974   995.8420 1.3187e-01    20.9899     1.3952     5.1797     68.026 9.9065e-02     0.0568    29.5605  0.000e+00
      4.174   0.011971   995.8427 1.3187e-01    21.1193     1.3952     5.1799     68.027 9.9065e-02     0.0568    29.5590  0.000e+00
      4.083   0.011974   995.8425 1.3187e-01    21.1193     1.3952     5.1848     68.091 9.9065e-02     0.0568    29.5584  0.000e+00
      4.116   0.011983   995.8430 1.3187e-01    21.1193     1.3952     5.1859     68.104 9.9065e-02     0.0568    29.5573  0.000e+00
      4.149   0.011977   995.8433 1.3309e-01    21.1193     1.3952     5.1916     68.178 9.9065e-02     0.0568    29.5566  0.000e+00
      4.050   0.011963   995.8431 1.3309e-01    21.1193     1.3952     5.1976     68.256 9.9065e-02     0.0568    29.5557  0.000e+00
      4.149   0.011937   995.8437 1.3309e-01    21.1193     1.3952     5.1995     68.281 9.9065e-02     0.0567    29.5551  0.000e+00
      4.050   0.011931   995.8433 1.3309e-01    21.1193     1.3952     5.2013     68.303 9.9065e-02     0.0566    29.5547  0.000e+00
      4.083   0.011917   995.8435 1.3309e-01    21.1193     1.3952     5.2033     68.329 9.9065e-02     0.0566    29.5543  0.000e+00
      4.050   0.011909   995.8436 1.3309e-01    21.1193     1.3952     5.2102     68.418 9.9065e-02     0.0565    29.5536  0.000e+00
      4.083   0.011891   995.8438 1.3309e-01    21.1840     1.3952     5.2128     68.452 9.9065e-02     0.0565    29.5533  0.000e+00
      4.050   0.011883   995.8437 1.3309e-01    21.1193     1.3952     5.2198     68.544 9.9065e-02     0.0564    29.5529  0.000e+00
      4.026   0.011860   995.8436 1.3309e-01    21.1840     1.3952     5.2225     68.579 9.9065e-02     0.0563    29.5525  0.000e+00
      4.050   0.011837   995.8438 1.3187e-01    21.1193     1.3952     5.2298     68.675 9.9065e-02     0.0562    29.5521  0.000e+00
      4.026   0.011823   995.8437 1.3309e-01    21.1193     1.3952     5.2328     68.713 9.9065e-02     0.0562    29.5519  0.000e+00
      4.050   0.011811   995.8438 1.3187e-01    21.1193     1.3952     5.2359     68.754 9.9065e-02     0.0561    29.5518  0.000e+00
      4.026   0.011800   995.8437 1.3187e-01    21.1193     1.3952     5.2390     68.794 9.9065e-02     0.0561    29.5516  0.000e+00
      3.993   0.011794   995.8436 1.3187e-01    21.1193     1.3952     5.2419     68.832 9.9065e-02     0.0561    29.5514  0.000e+00
      4.026   0.011780   995.8437 1.3309e-01    21.1193     1.3952     5.2448     68.870 9.9065e-02     0.0560    29.5514  0.000e+00
      3.993   0.011777   995.8436 1.3309e-01    21.1193     1.3952     5.2475     68.906 9.9065e-02     0.0560    29.5514  0.000e+00
      3.968   0.011780   995.8435 1.3187e-01    21.1193     1.3952     5.2501     68.940 9.9065e-02     0.0560    29.5514  0.000e+00
      3.993   0.011771   995.8436 1.3187e-01    21.1193     1.3952     5.2526     68.973 9.9065e-02     0.0560    29.5512  0.000e+00
      4.026   0.011763   995.8437 1.3187e-01    21.1193     1.3952     5.2506     68.946 9.9065e-02     0.0559    29.5512  0.000e+00
      3.935   0.011774   995.8434 1.3187e-01    21.1193     1.3952     5.2574     69.036 9.9065e-02     0.0560    29.5512  0.000e+00
      3.968   0.011777   995.8435 1.3187e-01    21.3134     1.3952     5.2551     69.006 9.9065e-02     0.0560    29.5512  0.000e+00
      3.935   0.011794   995.8435 1.3187e-01    20.9899     1.3952     5.2571     69.031 9.9065e-02     0.0561    29.5510  0.000e+00
      3.968   0.011797   995.8436 1.3187e-01    20.8605     1.3952     5.2591     69.058 9.9065e-02     0.0561    29.5512  0.000e+00
      3.993   0.011826   995.8438 1.3187e-01    20.8605     1.3952     5.2563     69.022 9.9065e-02     0.0562    29.5512  0.000e+00
      3.902   0.011837   995.8425 1.3187e-01    20.8605     1.3952     5.2575     69.041 9.9065e-02     0.0562    29.5542  0.000e+00
      3.935   0.011829   995.8407 1.3065e-01    20.8605     1.3952     5.2537     68.998 9.9065e-02     0.0562    29.5607  0.000e+00
      3.935   0.011849   995.8388 1.3065e-01    20.8605     1.3952     5.2542     69.014 9.9065e-02     0.0563    29.5673  0.000e+00
      3.968   0.011874   995.8377 1.3065e-01    20.8605     1.3952     5.2500     68.963 9.9065e-02     0.0564    29.5718  0.000e+00
      3.935   0.011894   995.8369 1.3065e-01    20.9252     1.3952     5.2551     69.033 9.9065e-02     0.0565    29.5742  0.000e+00
