WS23139_STN10_09CTD.cnv
* Sea-Bird SBE 9 Data File:
* FileName = C:\ctd\Cruise_Data\WS23139_Rosenheim\WS23139_Rosenheim_STN10_02.hex
* Software Version Seasave V 7.26.7.121
* Temperature SN = 4097 MTG 177
* Conductivity SN = 1851 MTG 053
* Number of Bytes Per Scan = 40
* Number of Voltage Words = 5
* Number of Scans Averaged by the Deck Unit = 1
* NMEA Latitude = 04 57.51 N
* NMEA Longitude = 051 40.36 W
* NMEA UTC (Time) = Jun 11 2023 19:11:47
** Ship:
** Station:
** Operator:
# nquan = 12
# nvalues = 10066                                 
# units = specified
# name 0 = depSM: Depth [salt water, m]
# name 1 = c0S/m: Conductivity [S/m]
# name 2 = density00: Density [density, kg/m^3]
# name 3 = flSP: Fluorescence, Seapoint
# name 4 = wetCDOM: Fluorescence, WET Labs CDOM [mg/m^3]
# name 5 = flECO-AFL: Fluorescence, WET Labs ECO-AFL/FL [mg/m^3]
# name 6 = sbeox0Mg/L: Oxygen, SBE 43 [mg/l]
# name 7 = sbeox0PS: Oxygen, SBE 43 [% saturation]
# name 8 = par: PAR/Irradiance, Biospherical/Licor [Watts/m^2]
# name 9 = sal00: Salinity, Practical [PSU]
# name 10 = t090C: Temperature [ITS-90, deg C]
# name 11 = flag:  0.000e+00
# span 0 =      2.042,     51.270                 
# span 1 =   4.799006,   5.719172                 
# span 2 =  1017.8948,  1024.3749                 
# span 3 = 4.8840e-03, 1.6850e-01                 
# span 4 =    -0.6890,   264.3110                 
# span 5 =     0.1131,     2.4025                 
# span 6 =     4.1453,     6.6848                 
# span 7 =     62.646,    101.052                 
# span 8 = 5.7150e-01, 1.0429e+03                 
# span 9 =    29.1195,    36.4543                 
# span 10 =    25.8716,    28.3183                
# span 11 = 0.0000e+00, 0.0000e+00                
# interval = seconds: 0.0416667
# start_time = Jun 11 2023 19:11:47 [NMEA time, header]
# bad_flag = -9.990e-29
*END*
[from data line 121]
      2.656   4.892400  1018.4128 1.5629e-01     3.5821     1.7920     5.8668     88.829 3.5230e+02    29.7856    28.2418  0.000e+00
      2.689   4.892352  1018.4127 1.5629e-01     7.1413     1.7615     5.8447     88.495 3.5330e+02    29.7852    28.2418  0.000e+00
      2.714   4.892268  1018.4122 1.5507e-01     8.1767     1.7615     5.8211     88.138 3.6133e+02    29.7845    28.2420  0.000e+00
      2.689   4.892130  1018.4114 1.5263e-01     8.1767     1.7615     5.7922     87.699 3.6851e+02    29.7836    28.2420  0.000e+00
      2.714   4.891992  1018.4108 1.5140e-01     8.0473     1.7920     5.7622     87.244 3.6955e+02    29.7826    28.2420  0.000e+00
      2.747   4.891812  1018.4102 1.5018e-01     7.9826     1.7615     5.7353     86.836 3.7059e+02    29.7815    28.2418  0.000e+00
      2.747   4.891577  1018.4087 1.5018e-01     7.9826     1.7920     5.7075     86.416 3.7268e+02    29.7797    28.2422  0.000e+00
      2.656   4.891390  1018.4068 1.5018e-01     7.9826     1.7615     5.6792     85.987 3.7268e+02    29.7780    28.2429  0.000e+00
      2.747   4.891134  1018.4054 1.4896e-01     7.9826     1.7615     5.6469     85.497 3.6542e+02    29.7759    28.2435  0.000e+00
      2.780   4.890975  1018.4046 1.4896e-01     7.9826     1.7615     5.6182     85.062 3.5729e+02    29.7746    28.2437  0.000e+00
      2.747   4.890961  1018.4040 1.4896e-01     7.9826     1.7615     5.5856     84.569 3.5429e+02    29.7742    28.2442  0.000e+00
      2.780   4.891009  1018.4040 1.4896e-01     7.9178     1.7615     5.5573     84.141 3.5230e+02    29.7743    28.2446  0.000e+00
      2.747   4.891148  1018.4050 1.4896e-01     8.3061     1.7615     5.5338     83.786 3.4641e+02    29.7756    28.2440  0.000e+00
      2.837   4.891335  1018.4074 1.5018e-01    10.9594     1.7615     5.5070     83.379 3.4447e+02    29.7777    28.2427  0.000e+00
      2.747   4.891604  1018.4103 1.5018e-01    12.2536     1.7615     5.4727     82.858 3.4254e+02    29.7810    28.2403  0.000e+00
      2.837   4.891923  1018.4137 1.4896e-01    12.3830     1.7615     5.4512     82.532 3.3966e+02    29.7843    28.2385  0.000e+00
      2.812   4.892179  1018.4158 1.4896e-01    12.2536     1.7615     5.4224     82.095 3.3775e+02    29.7868    28.2374  0.000e+00
      2.903   4.892303  1018.4176 1.5018e-01    12.2536     1.7615     5.3985     81.733 3.3775e+02    29.7882    28.2365  0.000e+00
      2.812   4.892421  1018.4179 1.5140e-01    12.1889     1.7615     5.3754     81.384 3.4157e+02    29.7891    28.2363  0.000e+00
      2.837   4.892573  1018.4191 1.5263e-01    12.2536     1.7615     5.3617     81.176 3.4350e+02    29.7904    28.2359  0.000e+00
      2.870   4.892864  1018.4207 1.5385e-01    12.1889     1.8836     5.3372     80.806 3.4447e+02    29.7923    28.2359  0.000e+00
      2.903   4.893313  1018.4233 1.5629e-01    12.1889     1.9752     5.3214     80.567 3.5131e+02    29.7955    28.2358  0.000e+00
      2.870   4.894144  1018.4274 1.5507e-01    12.2536     1.9752     5.3027     80.287 3.5729e+02    29.8012    28.2358  0.000e+00
      2.961   4.895113  1018.4323 1.5385e-01    12.2536     1.9752     5.2887     80.079 3.5729e+02    29.8074    28.2363  0.000e+00
      2.928   4.896095  1018.4364 1.5263e-01    12.2536     1.9752     5.2757     79.887 3.5729e+02    29.8135    28.2372  0.000e+00
      2.903   4.897050  1018.4412 1.5140e-01     7.8531     1.9752     5.2640     79.711 3.5729e+02    29.8201    28.2372  0.000e+00
      2.928   4.897978  1018.4461 1.5018e-01     3.7115     2.0057     5.2532     79.551 3.5729e+02    29.8264    28.2372  0.000e+00
      2.961   4.898684  1018.4495 1.4896e-01     2.8055     2.0057     5.2437     79.409 3.5429e+02    29.8309    28.2376  0.000e+00
      2.994   4.899155  1018.4523 1.5140e-01     2.9996     2.0057     5.2392     79.342 3.5131e+02    29.8344    28.2372  0.000e+00
      2.961   4.899439  1018.4538 1.5385e-01     3.1291     2.0057     5.2357     79.291 3.5033e+02    29.8364    28.2370  0.000e+00
      2.994   4.899446  1018.4543 1.5385e-01     3.0644     2.0057     5.2291     79.189 3.4544e+02    29.8367    28.2367  0.000e+00
      2.961   4.899362  1018.4540 1.5263e-01     3.1291     1.9752     5.2271     79.159 3.3775e+02    29.8364    28.2363  0.000e+00
      2.994   4.899196  1018.4533 1.5018e-01     3.1291     1.9752     5.2262     79.144 3.3775e+02    29.8352    28.2363  0.000e+00
      2.961   4.898954  1018.4518 1.4896e-01     3.1291     1.9752     5.2340     79.263 3.3117e+02    29.8335    28.2365  0.000e+00
      3.051   4.898864  1018.4511 1.4896e-01     3.1291     2.0057     5.2430     79.400 3.2381e+02    29.8324    28.2372  0.000e+00
      2.961   4.898850  1018.4506 1.4774e-01     3.1291     1.9752     5.2533     79.555 3.2109e+02    29.8323    28.2372  0.000e+00
      2.994   4.899030  1018.4516 1.4652e-01     3.1291     2.0057     5.2686     79.787 3.1929e+02    29.8334    28.2374  0.000e+00
      2.994   4.899342  1018.4531 1.4652e-01     3.7115     1.9752     5.2808     79.973 3.1306e+02    29.8355    28.2374  0.000e+00
      3.018   4.899529  1018.4540 1.4774e-01     5.5235     1.9752     5.2940     80.173 3.1131e+02    29.8367    28.2376  0.000e+00
      2.994   4.899639  1018.4542 1.4774e-01     6.1706     1.9752     5.3116     80.441 3.1131e+02    29.8372    28.2380  0.000e+00
      2.961   4.899605  1018.4538 1.4896e-01     6.1706     1.9752     5.3344     80.786 3.1306e+02    29.8368    28.2381  0.000e+00
      2.994   4.899556  1018.4535 1.4896e-01     6.1059     2.0057     5.3582     81.146 3.1306e+02    29.8364    28.2383  0.000e+00
      2.961   4.899459  1018.4527 1.5140e-01     6.1059     1.9752     5.3788     81.459 3.1306e+02    29.8356    28.2385  0.000e+00
      2.928   4.899362  1018.4521 1.5263e-01     6.1059     1.9752     5.4080     81.901 3.1750e+02    29.8350    28.2385  0.000e+00
      2.961   4.899189  1018.4513 1.5507e-01     6.1059     1.9752     5.4343     82.299 3.1839e+02    29.8338    28.2385  0.000e+00
      2.994   4.899058  1018.4510 1.5751e-01     6.1059     1.9752     5.4655     82.770 3.1929e+02    29.8330    28.2383  0.000e+00
      2.903   4.898954  1018.4499 1.5995e-01     6.1059     1.8531     5.4930     83.187 3.2290e+02    29.8322    28.2385  0.000e+00
      2.928   4.898926  1018.4496 1.6117e-01     6.1059     1.7310     5.5292     83.736 3.2655e+02    29.8318    28.2389  0.000e+00
      2.903   4.898871  1018.4490 1.6239e-01     6.1059     1.7004     5.5581     84.173 3.2655e+02    29.8313    28.2391  0.000e+00
      2.928   4.898871  1018.4486 1.6117e-01     6.1059     1.7004     5.5914     84.678 3.3398e+02    29.8308    28.2398  0.000e+00
      2.903   4.898899  1018.4476 1.5873e-01     7.5943     1.7004     5.6292     85.252 3.3966e+02    29.8302    28.2411  0.000e+00
      2.870   4.898864  1018.4463 1.5751e-01     8.3061     1.7004     5.6636     85.774 3.4062e+02    29.8292    28.2423  0.000e+00
      2.837   4.898850  1018.4451 1.5629e-01     8.3708     1.7004     5.6981     86.299 3.4836e+02    29.8284    28.2435  0.000e+00
      2.812   4.898788  1018.4440 1.5629e-01     8.3708     1.7004     5.7369     86.887 3.5529e+02    29.8274    28.2444  0.000e+00
      2.903   4.898642  1018.4434 1.5629e-01     8.3061     1.7004     5.7682     87.360 3.5629e+02    29.8262    28.2447  0.000e+00
      2.812   4.898414  1018.4418 1.5629e-01     8.3061     1.7004     5.8075     87.955 3.6235e+02    29.8246    28.2448  0.000e+00
      2.837   4.898088  1018.4398 1.5629e-01     8.3061     1.7004     5.8431     88.494 3.6748e+02    29.8221    28.2453  0.000e+00
      2.746   4.897472  1018.4357 1.5385e-01     8.3061     1.7004     5.8746     88.969 3.6955e+02    29.8174    28.2460  0.000e+00
      2.779   4.896676  1018.4306 1.5140e-01     8.3061     1.7004     5.9099     89.504 3.7163e+02    29.8111    28.2475  0.000e+00
      2.812   4.895860  1018.4261 1.5018e-01     8.3061     1.7004     5.9492     90.096 3.7478e+02    29.8051    28.2481  0.000e+00
      2.713   4.894981  1018.4211 1.5018e-01     8.3061     1.7004     5.9804     90.566 3.7584e+02    29.7991    28.2482  0.000e+00
      2.746   4.894109  1018.4172 1.5018e-01     8.3061     1.7004     6.0157     91.097 3.7690e+02    29.7935    28.2477  0.000e+00
      2.713   4.893341  1018.4134 1.5140e-01     9.4062     1.7004     6.0466     91.562 3.8009e+02    29.7885    28.2474  0.000e+00
      2.689   4.892573  1018.4102 1.5385e-01    11.0888     1.7004     6.0767     92.014 3.7902e+02    29.7838    28.2464  0.000e+00
      2.713   4.891812  1018.4073 1.5629e-01    11.5418     1.7004     6.1066     92.462 3.8116e+02    29.7793    28.2453  0.000e+00
      2.689   4.891023  1018.4041 1.5751e-01    11.4771     1.7004     6.1357     92.899 3.8439e+02    29.7748    28.2440  0.000e+00
      2.689   4.890380  1018.4025 1.5751e-01    11.4123     1.7004     6.1602     93.264 3.8547e+02    29.7717    28.2420  0.000e+00
      2.656   4.889965  1018.4020 1.5751e-01    11.4123     1.7004     6.1878     93.679 3.8655e+02    29.7702    28.2398  0.000e+00
      2.689   4.889757  1018.4027 1.5751e-01    11.4123     1.7004     6.2070     93.966 3.8655e+02    29.7701    28.2378  0.000e+00
      2.598   4.889916  1018.4028 1.5873e-01    11.4123     1.7004     6.2285     94.293 3.8655e+02    29.7710    28.2381  0.000e+00
      2.689   4.890574  1018.4055 1.5995e-01    11.4123     1.7004     6.2452     94.549 3.8547e+02    29.7746    28.2394  0.000e+00
      2.598   4.891694  1018.4092 1.5873e-01    11.4123     1.7004     6.2603     94.784 3.8331e+02    29.7810    28.2415  0.000e+00
      2.623   4.893133  1018.4155 1.5873e-01    11.4123     1.7615     6.2785     95.068 3.8116e+02    29.7899    28.2429  0.000e+00
      2.656   4.894656  1018.4230 1.5873e-01    11.4123     1.8531     6.2960     95.338 3.8223e+02    29.7999    28.2435  0.000e+00
      2.623   4.895832  1018.4286 1.5751e-01    11.0888     1.8836     6.3045     95.471 3.7268e+02    29.8077    28.2438  0.000e+00
      2.598   4.896434  1018.4318 1.5629e-01     9.6004     1.8836     6.3200     95.708 3.6955e+02    29.8120    28.2435  0.000e+00
      2.565   4.896469  1018.4320 1.5507e-01     8.8885     1.8836     6.3266     95.808 3.6748e+02    29.8124    28.2433  0.000e+00
      2.656   4.896060  1018.4300 1.5507e-01     8.8885     1.8836     6.3404     96.015 3.7373e+02    29.8093    28.2436  0.000e+00
      2.565   4.895507  1018.4267 1.5507e-01     8.9532     1.8836     6.3410     96.024 3.7796e+02    29.8055    28.2438  0.000e+00
      2.598   4.894932  1018.4231 1.5629e-01     8.9532     1.8836     6.3483     96.133 3.7796e+02    29.8010    28.2448  0.000e+00
      2.623   4.894455  1018.4201 1.5507e-01     8.9532     1.8836     6.3464     96.104 3.9982e+02    29.7971    28.2457  0.000e+00
      2.598   4.894067  1018.4174 1.5385e-01     8.9532     1.8836     6.3513     96.176 4.2057e+02    29.7940    28.2464  0.000e+00
      2.623   4.893818  1018.4167 1.5263e-01     8.9532     1.8836     6.3556     96.241 4.2533e+02    29.7927    28.2458  0.000e+00
      2.598   4.893638  1018.4167 1.5140e-01     8.9532     1.8836     6.3594     96.295 4.1704e+02    29.7923    28.2446  0.000e+00
      2.623   4.893389  1018.4165 1.5140e-01     8.9532     1.8836     6.3585     96.280 4.0548e+02    29.7914    28.2433  0.000e+00
      2.598   4.893071  1018.4170 1.5140e-01     8.9532     1.8836     6.3654     96.379 4.0434e+02    29.7909    28.2405  0.000e+00
      2.623   4.892746  1018.4179 1.5263e-01     8.9532     1.8836     6.3638     96.350 3.9535e+02    29.7907    28.2374  0.000e+00
      2.598   4.892476  1018.4175 1.5385e-01    10.6358     1.8836     6.3652     96.369 3.8223e+02    29.7897    28.2361  0.000e+00
      2.623   4.892324  1018.4169 1.5263e-01    12.1242     1.8836     6.3662     96.383 3.7902e+02    29.7887    28.2359  0.000e+00
      2.623   4.892379  1018.4165 1.5263e-01    12.4478     1.8836     6.3668     96.393 3.8873e+02    29.7885    28.2369  0.000e+00
      2.713   4.893023  1018.4193 1.5263e-01    12.3830     1.8836     6.3672     96.403 4.0434e+02    29.7922    28.2379  0.000e+00
      2.688   4.894123  1018.4242 1.5263e-01    12.3183     1.8836     6.3671     96.406 4.1007e+02    29.7992    28.2387  0.000e+00
      2.656   4.895313  1018.4307 1.5140e-01    12.2536     1.8836     6.3671     96.411 4.1007e+02    29.8078    28.2380  0.000e+00
      2.623   4.896441  1018.4380 1.4896e-01    12.1889     1.8836     6.3632     96.353 4.0777e+02    29.8168    28.2359  0.000e+00
      2.713   4.897362  1018.4439 1.4774e-01    12.2536     1.8836     6.3593     96.295 4.0662e+02    29.8237    28.2348  0.000e+00
      2.688   4.897639  1018.4470 1.4774e-01    12.2536     1.8836     6.3593     96.294 4.0094e+02    29.8270    28.2326  0.000e+00
      2.713   4.897570  1018.4486 1.4774e-01    12.2536     1.8836     6.3558     96.238 3.7690e+02    29.8280    28.2302  0.000e+00
      2.746   4.897507  1018.4505 1.4652e-01    12.2536     1.8531     6.3562     96.240 3.6645e+02    29.8292    28.2276  0.000e+00
      2.779   4.897500  1018.4532 1.4652e-01    12.2536     1.8225     6.3569     96.247 3.6542e+02    29.8312    28.2244  0.000e+00
      2.688   4.897923  1018.4571 1.4774e-01    75.1547     1.7615     6.3578     96.259 3.6032e+02    29.8358    28.2217  0.000e+00
      2.779   4.898677  1018.4623 1.3553e-01   220.1120     1.5783     6.3549     96.215 3.5629e+02    29.8417    28.2205  0.000e+00
      2.812   4.899868  1018.4684 1.2454e-01   264.3110     1.7920     6.3518     96.173 3.5629e+02    29.8497    28.2206  0.000e+00
      2.779   4.901737  1018.4766 1.2454e-01   264.3110     1.7920     6.3447     96.074 3.6851e+02    29.8615    28.2222  0.000e+00
      2.812   4.903939  1018.4870 1.2332e-01   264.3110     1.7615     6.3414     96.035 3.7796e+02    29.8757    28.2234  0.000e+00
      2.779   4.905955  1018.4974 1.2332e-01   259.9752     1.7615     6.3388     96.001 3.7796e+02    29.8896    28.2231  0.000e+00
      2.870   4.907915  1018.5103 1.2210e-01   259.3928     1.7310     6.3367     95.974 3.8223e+02    29.9050    28.2199  0.000e+00
      2.779   4.909738  1018.5220 1.2210e-01   259.7164     1.7615     6.3347     95.946 3.8655e+02    29.9196    28.2165  0.000e+00
      2.870   4.910576  1018.5289 1.2210e-01   259.9105     1.7615     6.3334     95.925 3.8655e+02    29.9271    28.2136  0.000e+00
      2.837   4.910805  1018.5319 1.2332e-01   259.9752     1.7615     6.3286     95.850 3.8009e+02    29.9302    28.2112  0.000e+00
      2.870   4.911082  1018.5336 1.2454e-01   259.9105     1.7615     6.3277     95.837 3.7373e+02    29.9322    28.2110  0.000e+00
      2.837   4.911747  1018.5361 1.2454e-01   259.9752     1.7615     6.3229     95.769 3.7373e+02    29.9361    28.2119  0.000e+00
      2.870   4.912731  1018.5394 1.2821e-01   251.9508     1.7004     6.3222     95.764 3.6542e+02    29.9414    28.2143  0.000e+00
      2.903   4.914118  1018.5452 1.5385e-01    97.9337     1.7004     6.3176     95.702 3.5330e+02    29.9497    28.2160  0.000e+00
      2.870   4.915580  1018.5525 1.5263e-01    11.7359     1.7004     6.3173     95.703 3.5131e+02    29.9596    28.2161  0.000e+00
      2.903   4.916807  1018.5602 1.5140e-01     0.0876     1.7310     6.3177     95.710 3.4350e+02    29.9690    28.2145  0.000e+00
      2.870   4.917771  1018.5656 1.5140e-01     5.9117     1.7310     6.3181     95.720 3.2932e+02    29.9761    28.2137  0.000e+00
      2.903   4.918402  1018.5680 1.5018e-01     9.2768     1.7004     6.3230     95.797 3.2563e+02    29.9796    28.2149  0.000e+00
      2.928   4.918874  1018.5700 1.4774e-01     9.7298     1.7004     6.3200     95.755 3.2381e+02    29.9824    28.2156  0.000e+00
      2.870   4.919179  1018.5716 1.4652e-01     9.5357     1.7004     6.3212     95.774 3.2019e+02    29.9848    28.2152  0.000e+00
