WS23139_STN05_04CTD.cnv
* Sea-Bird SBE 9 Data File:
* FileName = C:\ctd\Cruise_Data\WS23139_Rosenheim\WS23139_Rosenheim_STN05.hex
* Software Version Seasave V 7.26.7.121
* Temperature SN = 4097 MTG 177
* Conductivity SN = 1851 MTG 053
* Number of Bytes Per Scan = 40
* Number of Voltage Words = 5
* Number of Scans Averaged by the Deck Unit = 1
* NMEA Latitude = 01 36.61 N
* NMEA Longitude = 049 35.71 W
* NMEA UTC (Time) = Jun 08 2023 19:21:18
** Ship:
** Station:
** Operator:
# nquan = 12
# nvalues = 8946                                  
# units = specified
# name 0 = depSM: Depth [salt water, m]
# name 1 = c0S/m: Conductivity [S/m]
# name 2 = density00: Density [density, kg/m^3]
# name 3 = flSP: Fluorescence, Seapoint
# name 4 = wetCDOM: Fluorescence, WET Labs CDOM [mg/m^3]
# name 5 = flECO-AFL: Fluorescence, WET Labs ECO-AFL/FL [mg/m^3]
# name 6 = sbeox0Mg/L: Oxygen, SBE 43 [mg/l]
# name 7 = sbeox0PS: Oxygen, SBE 43 [% saturation]
# name 8 = par: PAR/Irradiance, Biospherical/Licor [Watts/m^2]
# name 9 = sal00: Salinity, Practical [PSU]
# name 10 = t090C: Temperature [ITS-90, deg C]
# name 11 = flag:  0.000e+00
# span 0 =      1.598,      7.996                 
# span 1 =   0.286384,   0.406249                 
# span 2 =   996.7241,   997.2963                 
# span 3 = 1.1722e-01, 1.4652e-01                 
# span 4 =    17.0424,    26.5552                 
# span 5 =     1.2120,     1.9446                 
# span 6 =     3.9161,     5.7156                 
# span 7 =     51.917,     75.914                 
# span 8 = 9.8755e-02, 6.8789e+02                 
# span 9 =     1.3432,     1.9493                 
# span 10 =    29.4673,    29.8063                
# span 11 = 0.0000e+00, 0.0000e+00                
# interval = seconds: 0.0416667
# start_time = Jun 08 2023 19:21:18 [NMEA time, header]
# bad_flag = -9.990e-29
*END*
[from data line 3249]
      7.015   0.403602   997.2651 1.3309e-01    23.9020     1.8836     4.8372     64.187 9.9065e-02     1.9403    29.5577  0.000e+00
      6.990   0.403595   997.2651 1.3187e-01    23.9020     1.8836     4.8494     64.348 9.9065e-02     1.9403    29.5573  0.000e+00
      6.957   0.403602   997.2651 1.3187e-01    23.9020     1.8836     4.8617     64.511 9.9065e-02     1.9404    29.5570  0.000e+00
      6.990   0.403605   997.2653 1.3187e-01    24.2255     1.8836     4.8746     64.682 9.9065e-02     1.9404    29.5568  0.000e+00
      7.015   0.403602   997.2656 1.3187e-01    24.3550     1.8836     4.8876     64.854 9.9065e-02     1.9404    29.5562  0.000e+00
      6.957   0.403605   997.2653 1.3187e-01    24.3550     1.8836     4.8961     64.967 9.9065e-02     1.9404    29.5564  0.000e+00
      6.990   0.403612   997.2655 1.3187e-01    24.3550     1.8836     4.9141     65.205 9.9065e-02     1.9404    29.5562  0.000e+00
      6.957   0.403615   997.2655 1.3187e-01    24.3550     1.8836     4.9230     65.323 9.9065e-02     1.9405    29.5560  0.000e+00
      6.932   0.403608   997.2654 1.3187e-01    24.3550     1.8836     4.9413     65.566 9.9065e-02     1.9404    29.5558  0.000e+00
      6.957   0.403615   997.2656 1.3187e-01    24.4197     1.8836     4.9554     65.753 9.9065e-02     1.9405    29.5557  0.000e+00
      6.932   0.403622   997.2654 1.3187e-01    24.3550     1.8836     4.9652     65.884 9.9065e-02     1.9405    29.5558  0.000e+00
      6.957   0.403625   997.2656 1.3065e-01    24.3550     1.8836     4.9797     66.075 9.9065e-02     1.9405    29.5557  0.000e+00
      6.957   0.403632   997.2656 1.2943e-01    24.3550     1.8531     4.9942     66.267 9.9065e-02     1.9406    29.5558  0.000e+00
      6.932   0.403625   997.2655 1.2943e-01    24.3550     1.8836     5.0134     66.522 9.9065e-02     1.9405    29.5557  0.000e+00
      6.899   0.403622   997.2653 1.3065e-01    24.2902     1.8836     5.0238     66.661 9.9065e-02     1.9405    29.5557  0.000e+00
      6.932   0.403625   997.2655 1.3065e-01    24.4197     1.8836     5.0342     66.798 9.9065e-02     1.9405    29.5557  0.000e+00
      6.957   0.403632   997.2656 1.3065e-01    24.6138     1.8836     5.0491     66.997 9.9375e-02     1.9406    29.5557  0.000e+00
      6.932   0.403625   997.2655 1.3187e-01    24.6785     1.8836     5.0597     67.136 9.9065e-02     1.9405    29.5557  0.000e+00
      6.957   0.403612   997.2656 1.3187e-01    24.6785     1.8836     5.0703     67.277 9.9065e-02     1.9405    29.5557  0.000e+00
      6.957   0.403615   997.2656 1.3065e-01    24.6785     1.8836     5.0804     67.411 9.9065e-02     1.9405    29.5557  0.000e+00
      6.932   0.403612   997.2661 1.3187e-01    24.6785     1.8836     5.0907     67.545 9.9065e-02     1.9405    29.5538  0.000e+00
      6.899   0.403595   997.2687 1.3187e-01    24.6785     1.8836     5.1013     67.676 9.9065e-02     1.9408    29.5451  0.000e+00
      6.990   0.403575   997.2722 1.3187e-01    24.6785     1.8836     5.1074     67.746 9.9065e-02     1.9411    29.5357  0.000e+00
      6.957   0.403568   997.2742 1.3187e-01    24.6785     1.8836     5.1173     67.870 9.9375e-02     1.9413    29.5288  0.000e+00
      6.957   0.403571   997.2750 1.3065e-01    24.6785     1.8836     5.1265     67.990 9.9375e-02     1.9414    29.5265  0.000e+00
      6.932   0.403558   997.2753 1.3065e-01    24.7432     1.8836     5.1356     68.108 9.9065e-02     1.9414    29.5251  0.000e+00
      7.015   0.403541   997.2768 1.3065e-01    24.6785     1.8836     5.1400     68.162 9.9065e-02     1.9414    29.5214  0.000e+00
      6.990   0.403514   997.2777 1.2943e-01    24.6785     1.8836     5.1438     68.208 9.9065e-02     1.9414    29.5182  0.000e+00
      6.957   0.403494   997.2781 1.2943e-01    24.2255     1.8836     5.1424     68.188 9.9065e-02     1.9414    29.5162  0.000e+00
      7.056   0.403470   997.2788 1.3065e-01    24.0961     1.8836     5.1452     68.224 9.9065e-02     1.9413    29.5151  0.000e+00
      7.015   0.403467   997.2788 1.3065e-01    24.0314     1.8836     5.1473     68.251 9.9065e-02     1.9413    29.5144  0.000e+00
      7.081   0.403460   997.2795 1.2943e-01    23.9667     1.8836     5.1444     68.210 9.9065e-02     1.9413    29.5133  0.000e+00
      7.056   0.403457   997.2803 1.2943e-01    24.0314     1.8836     5.1456     68.223 9.9065e-02     1.9414    29.5104  0.000e+00
      7.015   0.403460   997.2814 1.2821e-01    24.0314     1.8836     5.1463     68.229 9.9065e-02     1.9416    29.5066  0.000e+00
      7.114   0.403474   997.2827 1.2821e-01    24.0314     1.8836     5.1419     68.167 9.9065e-02     1.9418    29.5040  0.000e+00
      7.081   0.403464   997.2830 1.2821e-01    24.0314     1.8836     5.1365     68.094 9.9065e-02     1.9418    29.5025  0.000e+00
      7.114   0.403474   997.2840 1.2821e-01    24.0314     1.8836     5.1353     68.075 9.9065e-02     1.9419    29.5003  0.000e+00
      7.081   0.403491   997.2852 1.2943e-01    24.0314     1.8531     5.1290     67.987 9.9065e-02     1.9422    29.4963  0.000e+00
      7.138   0.403497   997.2866 1.2821e-01    24.0314     1.8836     5.1222     67.893 9.9065e-02     1.9423    29.4929  0.000e+00
      7.237   0.403518   997.2881 1.2821e-01    24.0314     1.8836     5.1192     67.850 9.9065e-02     1.9425    29.4899  0.000e+00
      7.138   0.403565   997.2885 1.2821e-01    24.0314     1.8836     5.1110     67.740 9.9065e-02     1.9429    29.4879  0.000e+00
      7.180   0.403615   997.2892 1.2821e-01    23.9667     1.8836     5.0977     67.562 9.9065e-02     1.9432    29.4870  0.000e+00
      7.262   0.403632   997.2898 1.2821e-01    23.9667     1.8836     5.0885     67.439 9.9065e-02     1.9433    29.4864  0.000e+00
      7.204   0.403625   997.2895 1.2821e-01    23.9020     1.8836     5.0786     67.308 9.9065e-02     1.9432    29.4864  0.000e+00
      7.237   0.403619   997.2894 1.2821e-01    23.9667     1.8836     5.0636     67.110 9.9065e-02     1.9432    29.4872  0.000e+00
      7.262   0.403598   997.2878 1.2821e-01    23.9020     1.8836     5.0524     66.967 9.9065e-02     1.9429    29.4921  0.000e+00
      7.295   0.403608   997.2853 1.2821e-01    23.9020     1.8836     5.0404     66.818 9.9065e-02     1.9426    29.5001  0.000e+00
      7.262   0.403619   997.2824 1.2821e-01    23.9020     1.8836     5.0238     66.606 9.9065e-02     1.9423    29.5087  0.000e+00
      7.295   0.403639   997.2801 1.2821e-01    23.9020     1.8836     5.0114     66.452 9.9065e-02     1.9421    29.5164  0.000e+00
      7.320   0.403656   997.2779 1.2821e-01    23.9020     1.8836     4.9990     66.295 9.9065e-02     1.9419    29.5236  0.000e+00
      7.320   0.403659   997.2757 1.2821e-01    23.9020     1.8836     4.9866     66.138 9.9065e-02     1.9417    29.5302  0.000e+00
      7.361   0.403645   997.2741 1.2943e-01    23.9020     1.8836     4.9699     65.922 9.9065e-02     1.9414    29.5355  0.000e+00
      7.386   0.403642   997.2728 1.2821e-01    23.9020     1.8531     4.9578     65.766 9.9065e-02     1.9412    29.5399  0.000e+00
      7.295   0.403645   997.2712 1.2821e-01    23.9020     1.8836     4.9458     65.612 9.9065e-02     1.9411    29.5434  0.000e+00
      7.443   0.403652   997.2711 1.2698e-01    23.9667     1.8836     4.9294     65.397 9.9065e-02     1.9410    29.5460  0.000e+00
      7.386   0.403656   997.2701 1.2821e-01    23.9667     1.8836     4.9177     65.245 9.9065e-02     1.9410    29.5482  0.000e+00
      7.361   0.403642   997.2694 1.2821e-01    23.7078     1.8836     4.9061     65.093 9.9065e-02     1.9408    29.5499  0.000e+00
      7.320   0.403632   997.2685 1.2821e-01    23.9020     1.8836     4.8950     64.947 9.9065e-02     1.9407    29.5518  0.000e+00
      7.419   0.403635   997.2686 1.2821e-01    23.9020     1.8836     4.8843     64.807 9.9065e-02     1.9407    29.5531  0.000e+00
      7.320   0.403629   997.2678 1.2698e-01    23.9667     1.8836     4.8783     64.727 9.9065e-02     1.9406    29.5540  0.000e+00
      7.386   0.403625   997.2677 1.2821e-01    23.9020     1.8836     4.8682     64.595 9.9065e-02     1.9405    29.5551  0.000e+00
      7.361   0.403612   997.2672 1.2821e-01    23.9020     1.8836     4.8584     64.467 9.9065e-02     1.9404    29.5560  0.000e+00
      7.320   0.403608   997.2669 1.2821e-01    23.9020     1.8836     4.8493     64.346 9.9065e-02     1.9404    29.5566  0.000e+00
      7.361   0.403595   997.2669 1.2943e-01    23.9020     1.8836     4.8404     64.229 9.9065e-02     1.9403    29.5568  0.000e+00
      7.386   0.403588   997.2670 1.2943e-01    23.9020     1.8836     4.8364     64.175 9.9065e-02     1.9403    29.5568  0.000e+00
      7.295   0.403592   997.2666 1.3065e-01    24.0961     1.8836     4.8330     64.130 9.9065e-02     1.9403    29.5568  0.000e+00
      7.320   0.403578   997.2667 1.3065e-01    24.2255     1.8836     4.8301     64.091 9.9065e-02     1.9402    29.5566  0.000e+00
      7.320   0.403575   997.2669 1.3065e-01    24.2255     1.8836     4.8276     64.058 9.9065e-02     1.9402    29.5562  0.000e+00
      7.295   0.403575   997.2669 1.3065e-01    24.2255     1.8836     4.8257     64.031 9.9065e-02     1.9403    29.5557  0.000e+00
      7.262   0.403575   997.2669 1.3065e-01    24.2255     1.8836     4.8241     64.011 9.9065e-02     1.9403    29.5553  0.000e+00
      7.295   0.403568   997.2673 1.3065e-01    24.2255     1.8836     4.8232     63.997 9.9065e-02     1.9403    29.5545  0.000e+00
      7.262   0.403565   997.2672 1.3187e-01    24.2255     1.8836     4.8224     63.986 9.9065e-02     1.9403    29.5544  0.000e+00
      7.262   0.403598   997.2675 1.3187e-01    24.2255     1.8836     4.8175     63.921 9.9065e-02     1.9405    29.5538  0.000e+00
      7.237   0.403622   997.2675 1.3187e-01    24.2255     1.8836     4.8175     63.921 9.9065e-02     1.9406    29.5536  0.000e+00
      7.204   0.403642   997.2676 1.3187e-01    24.2255     1.8836     4.8181     63.928 9.9065e-02     1.9407    29.5531  0.000e+00
      7.237   0.403652   997.2678 1.3187e-01    24.2255     1.8836     4.8190     63.940 9.9065e-02     1.9408    29.5531  0.000e+00
      7.204   0.403693   997.2680 1.3187e-01    24.2255     1.8836     4.8155     63.893 9.9065e-02     1.9410    29.5525  0.000e+00
      7.180   0.403709   997.2680 1.3187e-01    23.9020     1.8836     4.8165     63.907 9.9065e-02     1.9411    29.5523  0.000e+00
      7.081   0.403713   997.2677 1.3187e-01    23.1901     1.8836     4.8225     63.985 9.9065e-02     1.9411    29.5519  0.000e+00
      7.204   0.403716   997.2684 1.3309e-01    22.9313     1.8836     4.8198     63.950 9.9065e-02     1.9411    29.5516  0.000e+00
      7.114   0.403730   997.2682 1.3309e-01    22.9313     1.8836     4.8216     63.972 9.9065e-02     1.9412    29.5510  0.000e+00
      7.081   0.403726   997.2683 1.3187e-01    22.9960     1.8836     4.8236     63.999 9.9065e-02     1.9412    29.5505  0.000e+00
      7.114   0.403723   997.2686 1.3187e-01    22.9960     1.8836     4.8260     64.030 9.9065e-02     1.9412    29.5499  0.000e+00
      7.081   0.403716   997.2686 1.3309e-01    22.9960     1.8836     4.8238     64.000 9.9065e-02     1.9412    29.5492  0.000e+00
      7.015   0.403723   997.2686 1.3309e-01    22.9960     1.8836     4.8261     64.030 9.9065e-02     1.9413    29.5486  0.000e+00
      7.114   0.403730   997.2695 1.3431e-01    22.9960     1.8836     4.8289     64.065 9.9065e-02     1.9414    29.5471  0.000e+00
      7.015   0.403730   997.2694 1.3553e-01    22.9960     1.8836     4.8269     64.038 9.9065e-02     1.9414    29.5462  0.000e+00
      6.990   0.403730   997.2696 1.3431e-01    22.9960     1.8836     4.8249     64.010 9.9065e-02     1.9415    29.5451  0.000e+00
      7.015   0.403733   997.2701 1.3431e-01    22.9960     1.8836     4.8322     64.105 9.9065e-02     1.9415    29.5442  0.000e+00
      6.990   0.403716   997.2703 1.3431e-01    22.9960     1.8836     4.8305     64.082 9.9065e-02     1.9415    29.5431  0.000e+00
      6.957   0.403736   997.2702 1.3553e-01    23.9667     1.8836     4.8376     64.176 9.9065e-02     1.9416    29.5429  0.000e+00
      6.957   0.403736   997.2705 1.3553e-01    24.5491     1.8836     4.8496     64.335 9.9065e-02     1.9416    29.5422  0.000e+00
      6.990   0.403750   997.2707 1.3553e-01    24.6138     1.8836     4.8528     64.377 9.9065e-02     1.9417    29.5419  0.000e+00
      6.957   0.403757   997.2707 1.3431e-01    24.5491     1.8836     4.8604     64.477 9.9065e-02     1.9417    29.5416  0.000e+00
      6.932   0.403750   997.2707 1.3431e-01    24.5491     1.8836     4.8682     64.580 9.9065e-02     1.9417    29.5414  0.000e+00
      6.957   0.403730   997.2707 1.3553e-01    24.5491     1.8836     4.8761     64.685 9.9065e-02     1.9416    29.5414  0.000e+00
      6.957   0.403740   997.2708 1.3553e-01    24.5491     1.8836     4.8886     64.851 9.9065e-02     1.9417    29.5412  0.000e+00
      6.932   0.403736   997.2708 1.3553e-01    24.5491     1.8836     4.9014     65.020 9.9065e-02     1.9417    29.5408  0.000e+00
      6.957   0.403743   997.2708 1.3553e-01    24.5491     1.8836     4.9099     65.133 9.9065e-02     1.9417    29.5412  0.000e+00
      6.932   0.403736   997.2708 1.3675e-01    24.5491     1.8836     4.9185     65.246 9.9065e-02     1.9417    29.5408  0.000e+00
      6.899   0.403750   997.2706 1.3675e-01    24.5491     1.8836     4.9314     65.419 9.9065e-02     1.9417    29.5410  0.000e+00
      6.932   0.403740   997.2708 1.3675e-01    24.4844     1.8836     4.9401     65.533 9.9065e-02     1.9417    29.5410  0.000e+00
      6.957   0.403733   997.2715 1.3675e-01    24.7432     1.8836     4.9535     65.709 9.9065e-02     1.9417    29.5390  0.000e+00
      6.957   0.403736   997.2729 1.3431e-01    25.0021     1.8836     4.9670     65.884 9.9065e-02     1.9419    29.5349  0.000e+00
      6.932   0.403733   997.2735 1.3431e-01    25.0668     1.8836     4.9760     66.000 9.9065e-02     1.9420    29.5325  0.000e+00
      7.015   0.403719   997.2746 1.3431e-01    25.0668     1.8836     4.9849     66.115 9.9065e-02     1.9420    29.5301  0.000e+00
      6.932   0.403713   997.2755 1.3553e-01    25.0668     1.8836     4.9937     66.228 9.9065e-02     1.9421    29.5263  0.000e+00
      7.015   0.403709   997.2777 1.3431e-01    25.0668     1.8836     5.0027     66.341 9.9065e-02     1.9423    29.5206  0.000e+00
      6.932   0.403703   997.2794 1.3431e-01    25.0668     1.8836     5.0117     66.453 9.9065e-02     1.9425    29.5144  0.000e+00
      7.015   0.403699   997.2810 1.3309e-01    25.0668     1.8836     5.0205     66.565 9.9065e-02     1.9427    29.5105  0.000e+00
      7.015   0.403676   997.2820 1.3309e-01    25.0668     1.8836     5.0244     66.613 9.9065e-02     1.9427    29.5073  0.000e+00
      7.056   0.403679   997.2832 1.3309e-01    25.0668     1.8836     5.0279     66.656 9.9065e-02     1.9428    29.5042  0.000e+00
      7.015   0.403686   997.2844 1.3187e-01    25.0668     1.8836     5.0311     66.694 9.9065e-02     1.9430    29.5000  0.000e+00
      7.056   0.403693   997.2859 1.3187e-01    25.0668     1.8836     5.0388     66.791 9.9065e-02     1.9432    29.4960  0.000e+00
      7.081   0.403703   997.2871 1.3187e-01    25.0668     1.8836     5.0371     66.766 9.9065e-02     1.9434    29.4931  0.000e+00
      7.081   0.403726   997.2880 1.3187e-01    25.1962     1.8836     5.0396     66.796 9.9065e-02     1.9436    29.4905  0.000e+00
      7.114   0.403743   997.2888 1.3187e-01    25.1962     1.8836     5.0419     66.825 9.9065e-02     1.9437    29.4888  0.000e+00
      7.081   0.403757   997.2890 1.3309e-01    25.1962     1.8836     5.0486     66.912 9.9065e-02     1.9439    29.4879  0.000e+00
      7.114   0.403753   997.2890 1.3187e-01    25.1962     1.8836     5.0413     66.815 9.9065e-02     1.9438    29.4881  0.000e+00
