WS23139_STN20_18CTD.cnv
* Sea-Bird SBE 9 Data File:
* FileName = C:\ctd\Cruise_Data\WS23139_Rosenheim\WS23139_Rosenheim_STN20.hex
* Software Version Seasave V 7.26.7.121
* Temperature SN = 4097 MTG 177
* Conductivity SN = 1851 MTG 053
* Number of Bytes Per Scan = 40
* Number of Voltage Words = 5
* Number of Scans Averaged by the Deck Unit = 1
* NMEA Latitude = 05 54.61 N
* NMEA Longitude = 053 57.57 W
* NMEA UTC (Time) = Jun 16 2023 20:01:31
** Ship:
** Station:
** Operator:
# nquan = 12
# nvalues = 5309                                  
# units = specified
# name 0 = depSM: Depth [salt water, m]
# name 1 = c0S/m: Conductivity [S/m]
# name 2 = density00: Density [density, kg/m^3]
# name 3 = flSP: Fluorescence, Seapoint
# name 4 = wetCDOM: Fluorescence, WET Labs CDOM [mg/m^3]
# name 5 = flECO-AFL: Fluorescence, WET Labs ECO-AFL/FL [mg/m^3]
# name 6 = sbeox0Mg/L: Oxygen, SBE 43 [mg/l]
# name 7 = sbeox0PS: Oxygen, SBE 43 [% saturation]
# name 8 = par: PAR/Irradiance, Biospherical/Licor [Watts/m^2]
# name 9 = sal00: Salinity, Practical [PSU]
# name 10 = t090C: Temperature [ITS-90, deg C]
# name 11 = flag:  0.000e+00
# span 0 =      1.775,      4.943                 
# span 1 =   5.524066,   5.579137                 
# span 2 =  1022.2651,  1022.7171                 
# span 3 = 1.1600e-01, 1.9170e-01                 
# span 4 =    -0.6890,   264.3110                 
# span 5 =     1.3647,     2.9214                 
# span 6 =     4.0332,     5.6782                 
# span 7 =     62.076,     87.611                 
# span 8 = 9.8755e-02, 4.7196e+02                 
# span 9 =    34.6561,    35.0268                 
# span 10 =    27.0819,    27.7102                
# span 11 = 0.0000e+00, 0.0000e+00                
# interval = seconds: 0.0416667
# start_time = Jun 16 2023 20:01:31 [NMEA time, header]
# bad_flag = -9.990e-29
*END*
[from data line 1204]
      2.005   5.555135  1022.3037 1.5385e-01    16.2011     2.0667     5.4051     83.400 4.2893e+02    34.7410    27.7075  0.000e+00
      1.939   5.555186  1022.3039 1.5263e-01    16.2011     2.0362     5.4053     83.402 4.3257e+02    34.7415    27.7073  0.000e+00
      1.972   5.555143  1022.3037 1.5140e-01    16.2011     1.9446     5.4053     83.403 4.3257e+02    34.7411    27.7075  0.000e+00
      2.005   5.555113  1022.3036 1.5140e-01    16.2011     1.9141     5.4054     83.403 4.1354e+02    34.7408    27.7075  0.000e+00
      2.038   5.555048  1022.3034 1.5140e-01    16.2011     1.9446     5.4094     83.466 4.0321e+02    34.7404    27.7075  0.000e+00
      2.005   5.555026  1022.3030 1.5018e-01    16.2011     1.9446     5.4056     83.407 4.0207e+02    34.7401    27.7076  0.000e+00
      2.005   5.555011  1022.3032 1.4774e-01    15.5540     1.9446     5.4056     83.407 3.7163e+02    34.7403    27.7073  0.000e+00
      2.038   5.554982  1022.3031 1.4652e-01     7.7884     1.9446     5.4057     83.407 3.4934e+02    34.7399    27.7075  0.000e+00
      1.939   5.555077  1022.3030 1.4652e-01     3.7762     1.9752     5.4056     83.407 3.4544e+02    34.7405    27.7076  0.000e+00
      2.095   5.555179  1022.3043 1.4652e-01     3.3232     1.9752     5.4057     83.408 3.1750e+02    34.7413    27.7075  0.000e+00
      2.005   5.555237  1022.3043 1.4896e-01     3.5821     1.9752     5.4058     83.411 2.9181e+02    34.7417    27.7075  0.000e+00
      2.062   5.555354  1022.3053 1.5140e-01     3.7762     1.9752     5.4056     83.408 2.8693e+02    34.7427    27.7073  0.000e+00
      2.038   5.555420  1022.3057 1.5385e-01     3.7762     1.9752     5.4054     83.405 2.5858e+02    34.7433    27.7071  0.000e+00
      2.062   5.555449  1022.3058 1.5629e-01     3.7762     1.9752     5.4094     83.467 2.2530e+02    34.7433    27.7073  0.000e+00
      2.038   5.555442  1022.3059 1.5873e-01     3.7115     1.9752     5.4096     83.470 2.1783e+02    34.7435    27.7070  0.000e+00
      2.062   5.555500  1022.3063 1.6361e-01     3.7762     1.9752     5.4058     83.411 1.9741e+02    34.7438    27.7071  0.000e+00
      2.062   5.555493  1022.3062 1.6361e-01     3.7762     1.9752     5.4058     83.411 1.6444e+02    34.7438    27.7071  0.000e+00
      2.153   5.555508  1022.3067 1.6239e-01     3.7762     1.9752     5.4058     83.411 1.5545e+02    34.7439    27.7071  0.000e+00
      2.062   5.555522  1022.3065 1.6361e-01     3.7762     1.9752     5.4100     83.475 1.4408e+02    34.7441    27.7069  0.000e+00
      2.153   5.555625  1022.3074 1.6606e-01   117.3476     1.8836     5.4104     83.482 1.1702e+02    34.7448    27.7069  0.000e+00
      2.120   5.555683  1022.3078 1.3797e-01   242.0497     1.9141     5.4105     83.484 1.0877e+02    34.7454    27.7067  0.000e+00
      2.153   5.555771  1022.3082 1.2943e-01   264.3110     2.0667     5.4107     83.487 1.0282e+02    34.7458    27.7069  0.000e+00
      2.120   5.555771  1022.3082 1.2698e-01   264.3110     2.0667     5.4109     83.490 8.3038e+01    34.7460    27.7067  0.000e+00
      2.186   5.555720  1022.3082 1.2454e-01   264.3110     2.0362     5.4071     83.431 7.6106e+01    34.7456    27.7067  0.000e+00
      2.219   5.555610  1022.3076 1.2332e-01   259.5869     2.0057     5.4073     83.434 7.3788e+01    34.7447    27.7069  0.000e+00
      2.186   5.555508  1022.3071 1.2454e-01   259.4575     2.0057     5.4033     83.372 6.1462e+01    34.7441    27.7067  0.000e+00
      2.219   5.555413  1022.3067 1.2821e-01   259.7811     2.0057     5.4071     83.430 5.6490e+01    34.7434    27.7067  0.000e+00
      2.186   5.555347  1022.3061 1.3065e-01   259.9752     1.9752     5.4030     83.368 5.5545e+01    34.7429    27.7069  0.000e+00
      2.244   5.555406  1022.3070 1.2943e-01   259.9752     1.9141     5.4071     83.430 4.9357e+01    34.7435    27.7065  0.000e+00
      2.219   5.555406  1022.3068 1.2698e-01   259.9752     1.8836     5.4031     83.368 4.6136e+01    34.7434    27.7067  0.000e+00
      2.244   5.555420  1022.3070 1.2698e-01   259.9752     1.8836     5.4069     83.427 4.5749e+01    34.7436    27.7065  0.000e+00
      2.219   5.555369  1022.3065 1.3919e-01   219.9826     1.7004     5.4031     83.368 4.4230e+01    34.7431    27.7067  0.000e+00
      2.244   5.555340  1022.3065 1.5263e-01    69.9130     1.8531     5.4029     83.365 4.3368e+01    34.7429    27.7067  0.000e+00
      2.153   5.555259  1022.3058 1.5140e-01    10.8946     1.8225     5.4029     83.365 4.3125e+01    34.7425    27.7065  0.000e+00
      2.244   5.555077  1022.3051 1.4896e-01     7.9178     1.8225     5.3988     83.302 4.5110e+01    34.7411    27.7067  0.000e+00
      2.186   5.554989  1022.3042 1.5018e-01    13.6773     1.8225     5.3985     83.296 4.6921e+01    34.7403    27.7069  0.000e+00
      2.219   5.554909  1022.3039 1.5018e-01    15.8775     1.8225     5.4022     83.353 4.7319e+01    34.7398    27.7069  0.000e+00
      2.186   5.554916  1022.3040 1.4896e-01    16.0070     1.8225     5.4021     83.351 5.2213e+01    34.7399    27.7067  0.000e+00
      2.153   5.554931  1022.3038 1.4896e-01    15.8128     1.8225     5.4017     83.346 5.8429e+01    34.7399    27.7069  0.000e+00
      2.186   5.554865  1022.3032 1.4774e-01    15.7481     1.8225     5.4016     83.344 5.9926e+01    34.7392    27.7073  0.000e+00
      2.186   5.554756  1022.3028 1.4652e-01    15.7481     1.8225     5.4013     83.340 6.7249e+01    34.7386    27.7071  0.000e+00
      2.153   5.554770  1022.3028 1.4652e-01    15.7481     1.7920     5.3972     83.276 8.0509e+01    34.7387    27.7071  0.000e+00
      2.120   5.554697  1022.3022 1.4652e-01    15.7481     1.8225     5.3969     83.272 8.4927e+01    34.7382    27.7071  0.000e+00
      2.153   5.554559  1022.3016 1.4530e-01    15.6834     1.8225     5.3965     83.265 9.3974e+01    34.7372    27.7071  0.000e+00
      2.120   5.554624  1022.3020 1.4408e-01    17.0424     1.8225     5.3960     83.257 1.1868e+02    34.7378    27.7069  0.000e+00
      2.120   5.554726  1022.3029 1.4408e-01    17.9484     1.8225     5.3998     83.315 1.2840e+02    34.7388    27.7065  0.000e+00
      2.153   5.554865  1022.3037 1.4286e-01    18.1425     1.8225     5.4035     83.373 1.3891e+02    34.7397    27.7065  0.000e+00
      2.062   5.555062  1022.3046 1.4408e-01    18.0778     1.7920     5.3994     83.310 1.7942e+02    34.7413    27.7063  0.000e+00
      2.095   5.555179  1022.3055 1.4530e-01    18.0778     1.8225     5.3991     83.306 1.9741e+02    34.7422    27.7062  0.000e+00
      2.062   5.555340  1022.3064 1.4774e-01    18.0131     1.8225     5.3990     83.305 2.0650e+02    34.7435    27.7060  0.000e+00
      2.095   5.555486  1022.3073 1.5140e-01    18.0778     1.8225     5.4030     83.366 2.6224e+02    34.7445    27.7060  0.000e+00
      2.062   5.555588  1022.3079 1.5385e-01    18.0778     1.8225     5.4031     83.368 2.9018e+02    34.7454    27.7058  0.000e+00
      2.062   5.555646  1022.3082 1.5873e-01    18.0778     1.8225     5.4032     83.371 2.9595e+02    34.7458    27.7058  0.000e+00
      1.972   5.555814  1022.3090 1.6361e-01    18.0778     1.7920     5.4035     83.376 3.4254e+02    34.7473    27.7054  0.000e+00
      2.062   5.555917  1022.3099 1.6606e-01    18.0778     1.7920     5.4077     83.441 3.7163e+02    34.7480    27.7054  0.000e+00
      1.972   5.555938  1022.3095 1.6239e-01    18.0778     1.7920     5.4040     83.384 3.7478e+02    34.7480    27.7056  0.000e+00
      2.005   5.555902  1022.3094 1.5751e-01    12.1889     1.7920     5.4082     83.448 4.0777e+02    34.7478    27.7056  0.000e+00
      2.062   5.555822  1022.3094 1.5507e-01     2.2878     1.8225     5.4046     83.392 4.3014e+02    34.7473    27.7054  0.000e+00
      1.972   5.555829  1022.3089 1.5385e-01    -0.6890     1.8225     5.4087     83.455 4.3378e+02    34.7473    27.7056  0.000e+00
      2.005   5.555844  1022.3091 1.5140e-01    -0.5596     1.8225     5.4090     83.461 4.5247e+02    34.7474    27.7056  0.000e+00
      1.972   5.555800  1022.3089 1.5018e-01    -0.2360     1.8225     5.4094     83.465 4.6931e+02    34.7472    27.7054  0.000e+00
      2.005   5.555792  1022.3087 1.4896e-01    -0.1066     1.8225     5.4137     83.532 4.7196e+02    34.7469    27.7057  0.000e+00
      2.005   5.555698  1022.3082 1.4774e-01    -0.1066     1.8225     5.4104     83.482 4.4490e+02    34.7462    27.7058  0.000e+00
      2.038   5.555595  1022.3078 1.4896e-01    -0.1066     1.8225     5.4110     83.490 4.2057e+02    34.7455    27.7058  0.000e+00
      2.005   5.555442  1022.3065 1.5018e-01    -0.1066     1.8225     5.4153     83.556 4.1587e+02    34.7441    27.7062  0.000e+00
      2.038   5.555216  1022.3054 1.5018e-01    -0.1066     1.8225     5.4158     83.564 3.9646e+02    34.7425    27.7062  0.000e+00
      2.005   5.554960  1022.3036 1.4896e-01    -0.1713     1.8225     5.4163     83.571 3.7059e+02    34.7404    27.7065  0.000e+00
      2.062   5.554799  1022.3027 1.4896e-01    -0.1066     1.8225     5.4170     83.581 3.6439e+02    34.7390    27.7069  0.000e+00
      2.038   5.554726  1022.3024 1.5018e-01     1.0583     1.8225     5.4177     83.591 3.5629e+02    34.7387    27.7067  0.000e+00
      2.005   5.554675  1022.3018 1.5018e-01    10.1828     1.7920     5.4183     83.601 3.4062e+02    34.7382    27.7069  0.000e+00
      2.038   5.554726  1022.3022 1.5018e-01    14.5186     1.7920     5.4189     83.611 3.3681e+02    34.7385    27.7069  0.000e+00
      2.062   5.554719  1022.3024 1.4896e-01    14.9716     1.7920     5.4196     83.621 3.2199e+02    34.7386    27.7067  0.000e+00
      2.038   5.554705  1022.3021 1.5263e-01    14.6480     1.7920     5.4240     83.688 2.8613e+02    34.7384    27.7069  0.000e+00
      2.062   5.554719  1022.3023 1.5629e-01    14.3244     1.7920     5.4286     83.759 2.7431e+02    34.7385    27.7069  0.000e+00
      2.062   5.554770  1022.3027 1.5751e-01    14.4539     1.7920     5.4291     83.768 2.6298e+02    34.7390    27.7067  0.000e+00
      2.095   5.555099  1022.3051 1.5873e-01    14.4539     1.7920     5.4258     83.717 2.2091e+02    34.7417    27.7062  0.000e+00
      2.062   5.555515  1022.3075 1.5873e-01    14.4539     1.7920     5.4260     83.721 2.0534e+02    34.7449    27.7058  0.000e+00
      2.095   5.555953  1022.3101 1.5995e-01    14.4539     1.7920     5.4264     83.729 1.9909e+02    34.7481    27.7056  0.000e+00
      2.062   5.556201  1022.3116 1.5995e-01    14.4539     1.7920     5.4266     83.732 1.6260e+02    34.7501    27.7053  0.000e+00
      2.120   5.556384  1022.3129 1.5873e-01    14.4539     1.7920     5.4270     83.739 1.4695e+02    34.7515    27.7051  0.000e+00
      2.095   5.556523  1022.3136 1.5873e-01    14.4539     1.8225     5.4271     83.741 1.4408e+02    34.7525    27.7051  0.000e+00
      2.120   5.556632  1022.3144 1.5995e-01    11.4123     1.8836     5.4272     83.743 1.1735e+02    34.7534    27.7049  0.000e+00
      2.095   5.556727  1022.3148 1.6606e-01     8.5003     1.8836     5.4313     83.806 1.0369e+02    34.7541    27.7049  0.000e+00
      2.186   5.556756  1022.3153 1.7216e-01     7.7884     1.8836     5.4314     83.808 1.0225e+02    34.7543    27.7049  0.000e+00
      2.120   5.556786  1022.3152 1.7460e-01     7.9178     1.8836     5.4273     83.745 8.4214e+01    34.7545    27.7049  0.000e+00
      2.153   5.556771  1022.3153 1.7582e-01     8.0473     1.8836     5.4233     83.684 7.2758e+01    34.7544    27.7049  0.000e+00
      2.186   5.556625  1022.3145 1.7705e-01     8.0473     1.8836     5.4271     83.742 7.1140e+01    34.7532    27.7051  0.000e+00
      2.153   5.556304  1022.3123 1.8193e-01     8.0473     1.8836     5.4271     83.740 6.1983e+01    34.7507    27.7054  0.000e+00
      2.186   5.556026  1022.3110 1.8926e-01     8.0473     1.8836     5.4230     83.677 5.4005e+01    34.7487    27.7054  0.000e+00
      2.219   5.555741  1022.3091 1.8926e-01     8.1120     1.8836     5.4307     83.795 5.2655e+01    34.7463    27.7060  0.000e+00
      2.186   5.555530  1022.3080 1.8193e-01     8.0473     1.8836     5.4266     83.730 4.9081e+01    34.7450    27.7058  0.000e+00
      2.186   5.555376  1022.3071 1.7460e-01     8.0473     1.8836     5.4261     83.723 4.4857e+01    34.7437    27.7060  0.000e+00
      2.153   5.555311  1022.3064 1.7460e-01     8.0473     1.8836     5.4256     83.715 4.3859e+01    34.7431    27.7062  0.000e+00
      2.244   5.555296  1022.3069 1.7216e-01     8.1767     1.8836     5.4212     83.647 4.3368e+01    34.7431    27.7060  0.000e+00
      2.219   5.555230  1022.3061 1.6484e-01     8.5650     1.8836     5.4206     83.638 4.2284e+01    34.7425    27.7063  0.000e+00
      2.186   5.555165  1022.3058 1.5995e-01     8.6944     1.8836     5.4203     83.632 4.1811e+01    34.7421    27.7062  0.000e+00
      2.186   5.555019  1022.3050 1.5995e-01     8.7591     1.8836     5.4197     83.623 4.3004e+01    34.7411    27.7062  0.000e+00
      2.153   5.554909  1022.3044 1.5873e-01     8.6944     1.8836     5.4191     83.613 4.5492e+01    34.7404    27.7060  0.000e+00
      2.186   5.554953  1022.3047 1.5995e-01     8.6944     1.8836     5.4185     83.604 4.6266e+01    34.7406    27.7062  0.000e+00
      2.219   5.554946  1022.3048 1.6117e-01     8.7591     1.8836     5.4141     83.536 4.7854e+01    34.7406    27.7062  0.000e+00
      2.186   5.555033  1022.3051 1.6117e-01     8.6944     1.8836     5.4134     83.525 5.4309e+01    34.7412    27.7062  0.000e+00
      2.120   5.555055  1022.3049 1.6117e-01     8.6944     1.8836     5.4126     83.514 5.7129e+01    34.7414    27.7062  0.000e+00
      2.219   5.555092  1022.3055 1.6361e-01     8.6944     1.8836     5.4080     83.443 5.8758e+01    34.7416    27.7062  0.000e+00
      2.120   5.555113  1022.3054 1.6606e-01     8.6944     1.8836     5.4073     83.432 7.0542e+01    34.7419    27.7060  0.000e+00
      2.153   5.555179  1022.3059 1.6850e-01     8.6944     1.8836     5.4065     83.419 7.6536e+01    34.7424    27.7060  0.000e+00
      2.120   5.555172  1022.3055 1.6972e-01    13.1596     1.8836     5.4058     83.408 7.8057e+01    34.7422    27.7062  0.000e+00
      2.153   5.555092  1022.3053 1.6850e-01   162.7115     1.7004     5.4049     83.396 9.5573e+01    34.7416    27.7062  0.000e+00
      2.120   5.554967  1022.3045 1.4286e-01   256.7396     1.8836     5.4083     83.447 1.0635e+02    34.7407    27.7062  0.000e+00
      2.120   5.554814  1022.3035 1.4286e-01   264.3110     1.9446     5.3999     83.317 1.0786e+02    34.7395    27.7063  0.000e+00
      2.095   5.554617  1022.3024 1.4286e-01   264.3110     1.9446     5.4031     83.365 1.3058e+02    34.7382    27.7063  0.000e+00
      2.120   5.554464  1022.3015 1.3919e-01   262.0460     1.9446     5.3947     83.236 1.4778e+02    34.7370    27.7065  0.000e+00
      2.095   5.554296  1022.3005 1.3675e-01   259.3928     1.9141     5.3897     83.159 1.5114e+02    34.7357    27.7065  0.000e+00
      2.062   5.554252  1022.3003 1.3675e-01   259.5869     1.9446     5.3886     83.140 1.7395e+02    34.7356    27.7063  0.000e+00
      2.062   5.554215  1022.2999 1.3675e-01   259.9105     1.9141     5.3837     83.065 1.9576e+02    34.7352    27.7065  0.000e+00
      2.095   5.554288  1022.3006 1.3675e-01   259.9752     1.9141     5.3826     83.049 2.0077e+02    34.7358    27.7063  0.000e+00
      2.005   5.554274  1022.2998 1.3675e-01   259.9105     1.9141     5.3775     82.971 2.2029e+02    34.7355    27.7067  0.000e+00
      2.038   5.554215  1022.2998 1.3675e-01   259.9105     1.9446     5.3724     82.891 2.4513e+02    34.7352    27.7065  0.000e+00
      2.062   5.554172  1022.2994 1.3553e-01   259.9752     1.9141     5.3672     82.810 2.5141e+02    34.7346    27.7069  0.000e+00
      2.005   5.554128  1022.2991 1.6117e-01   172.9362     1.6699     5.3657     82.788 2.6521e+02    34.7344    27.7067  0.000e+00
