WS23139_STN21_CTD20.cnv
* Sea-Bird SBE 9 Data File:
* FileName = C:\ctd\Cruise_Data\WS23139_Rosenheim\WS23139_Rosenheim_STN21_02.hex
* Software Version Seasave V 7.26.7.121
* Temperature SN = 4097 MTG 177
* Conductivity SN = 1851 MTG 053
* Number of Bytes Per Scan = 40
* Number of Voltage Words = 5
* Number of Scans Averaged by the Deck Unit = 1
* NMEA Latitude = 06 01.18 N
* NMEA Longitude = 054 01.52 W
* NMEA UTC (Time) = Jun 16 2023 22:46:53
** Ship:
** Station:
** Operator:
# nquan = 12
# nvalues = 5838                                  
# units = specified
# name 0 = depSM: Depth [salt water, m]
# name 1 = c0S/m: Conductivity [S/m]
# name 2 = density00: Density [density, kg/m^3]
# name 3 = flSP: Fluorescence, Seapoint
# name 4 = wetCDOM: Fluorescence, WET Labs CDOM [mg/m^3]
# name 5 = flECO-AFL: Fluorescence, WET Labs ECO-AFL/FL [mg/m^3]
# name 6 = sbeox0Mg/L: Oxygen, SBE 43 [mg/l]
# name 7 = sbeox0PS: Oxygen, SBE 43 [% saturation]
# name 8 = par: PAR/Irradiance, Biospherical/Licor [Watts/m^2]
# name 9 = sal00: Salinity, Practical [PSU]
# name 10 = t090C: Temperature [ITS-90, deg C]
# name 11 = flag:  0.000e+00
# span 0 =      0.446,     15.008                 
# span 1 =  -0.174244,   5.704735                 
# span 2 =   996.9247,  1023.4689                 
# span 3 = 9.2796e-02, 1.7216e-01                 
# span 4 =    -0.6890,   264.3110                 
# span 5 =    -0.2226,     1.7310                 
# span 6 =     4.0530,    10.5127                 
# span 7 =     61.963,    104.101                 
# span 8 = 9.8755e-02, 1.4643e+01                 
# span 9 =     0.0000,    36.0641                 
# span 10 =    10.0412,    27.6627                
# span 11 = 0.0000e+00, 0.0000e+00                
# interval = seconds: 0.0416667
# start_time = Jun 16 2023 22:46:53 [NMEA time, header]
# bad_flag = -9.990e-29
*END*
[from data line 482]
      3.264   5.441651  1021.7652 1.1477e-01   259.3928     1.5173     4.8282     74.107 1.7041e+00    33.9898    27.6426  0.000e+00
      3.231   5.440949  1021.7612 1.1477e-01   259.7164     1.4868     4.8433     74.336 1.7382e+00    33.9848    27.6428  0.000e+00
      3.264   5.440175  1021.7573 1.1477e-01   259.8458     1.5173     4.8628     74.632 1.7530e+00    33.9793    27.6428  0.000e+00
      3.264   5.439400  1021.7529 1.1477e-01   259.9105     1.4868     4.8824     74.932 1.7186e+00    33.9737    27.6431  0.000e+00
      3.297   5.438749  1021.7495 1.1477e-01   259.9105     1.5173     4.8983     75.175 1.6802e+00    33.9690    27.6432  0.000e+00
      3.322   5.438112  1021.7461 1.1477e-01   259.9752     1.5173     4.9144     75.420 1.6659e+00    33.9644    27.6433  0.000e+00
      3.355   5.437584  1021.7435 1.1600e-01   256.6749     1.4868     4.9347     75.729 1.6472e+00    33.9607    27.6433  0.000e+00
      3.322   5.436991  1021.7403 1.4286e-01   116.3122     1.3647     4.9549     76.037 1.6058e+00    33.9567    27.6432  0.000e+00
      3.355   5.436398  1021.7374 1.4042e-01    20.8605     1.4257     4.9754     76.350 1.5922e+00    33.9525    27.6431  0.000e+00
      3.322   5.435964  1021.7352 1.4042e-01     4.9410     1.4562     4.9959     76.663 1.5877e+00    33.9497    27.6428  0.000e+00
      3.387   5.435479  1021.7331 1.4042e-01    10.4416     1.4257     5.0167     76.980 1.5698e+00    33.9464    27.6426  0.000e+00
      3.354   5.434951  1021.7305 1.4042e-01    13.9362     1.4257     5.0294     77.173 1.5698e+00    33.9430    27.6422  0.000e+00
      3.387   5.434315  1021.7276 1.4042e-01    14.6480     1.4257     5.0501     77.489 1.5565e+00    33.9388    27.6418  0.000e+00
      3.412   5.433808  1021.7255 1.4164e-01    14.3891     1.4257     5.0666     77.739 1.5088e+00    33.9356    27.6413  0.000e+00
      3.321   5.433396  1021.7231 1.4164e-01    14.3244     1.4257     5.0826     77.983 1.4960e+00    33.9329    27.6411  0.000e+00
      3.478   5.432890  1021.7217 1.4286e-01    14.2597     1.4257     5.0986     78.228 1.4876e+00    33.9298    27.6404  0.000e+00
      3.321   5.432275  1021.7182 1.4286e-01    14.2597     1.4257     5.1143     78.467 1.4501e+00    33.9258    27.6400  0.000e+00
      3.412   5.431689  1021.7159 1.4286e-01    14.2597     1.4257     5.1260     78.643 1.4297e+00    33.9221    27.6395  0.000e+00
      3.387   5.431046  1021.7122 1.4408e-01    14.2597     1.4257     5.1370     78.809 1.4257e+00    33.9174    27.6397  0.000e+00
      3.387   5.430272  1021.7086 1.4286e-01    13.8714     1.4257     5.1558     79.095 1.3819e+00    33.9124    27.6391  0.000e+00
      3.412   5.429636  1021.7059 1.4286e-01    13.2890     1.4257     5.1623     79.193 1.3586e+00    33.9083    27.6385  0.000e+00
      3.445   5.429188  1021.7041 1.4286e-01    13.1596     1.4257     5.1681     79.280 1.3548e+00    33.9056    27.6380  0.000e+00
      3.354   5.428891  1021.7023 1.4286e-01    13.1596     1.4257     5.1769     79.414 1.3319e+00    33.9036    27.6378  0.000e+00
      3.387   5.428783  1021.7020 1.4286e-01    13.1596     1.4257     5.1853     79.541 1.3169e+00    33.9030    27.6377  0.000e+00
      3.412   5.428804  1021.7028 1.4164e-01    13.1596     1.4257     5.1850     79.537 1.3132e+00    33.9036    27.6371  0.000e+00
      3.387   5.428913  1021.7043 1.4164e-01    13.1596     1.4257     5.1919     79.642 1.2801e+00    33.9052    27.6358  0.000e+00
      3.321   5.429253  1021.7076 1.4164e-01    13.1596     1.4257     5.1944     79.679 1.2478e+00    33.9091    27.6338  0.000e+00
      3.354   5.429788  1021.7116 1.4164e-01    13.2890     1.4257     5.1924     79.648 1.2372e+00    33.9138    27.6325  0.000e+00
      3.387   5.430236  1021.7156 1.4164e-01    13.1596     1.4257     5.1894     79.603 1.2267e+00    33.9182    27.6308  0.000e+00
      3.354   5.430670  1021.7195 1.4164e-01    13.2243     1.4257     5.1935     79.666 1.2095e+00    33.9226    27.6288  0.000e+00
      3.321   5.430981  1021.7230 1.4164e-01    13.1596     1.4257     5.1853     79.538 1.2026e+00    33.9265    27.6265  0.000e+00
      3.296   5.431220  1021.7265 1.4164e-01    33.7384     1.4257     5.1839     79.514 1.1924e+00    33.9301    27.6238  0.000e+00
      3.263   5.431545  1021.7309 1.3675e-01   188.0143     1.2731     5.1738     79.358 1.1590e+00    33.9347    27.6206  0.000e+00
      3.321   5.431834  1021.7350 1.1477e-01   263.5344     1.5173     5.1709     79.312 1.1525e+00    33.9387    27.6179  0.000e+00
      3.230   5.432037  1021.7379 1.1600e-01   264.3110     1.5478     5.1632     79.191 1.1234e+00    33.9420    27.6154  0.000e+00
      3.263   5.432341  1021.7422 1.1722e-01   264.3110     1.5173     5.1550     79.064 1.0644e+00    33.9463    27.6124  0.000e+00
      3.230   5.432673  1021.7464 1.1722e-01   260.9459     1.5173     5.1461     78.925 1.0434e+00    33.9507    27.6095  0.000e+00
      3.263   5.432992  1021.7517 1.1722e-01   259.3281     1.4868     5.1330     78.721 1.0287e+00    33.9559    27.6054  0.000e+00
      3.172   5.433238  1021.7582 1.1600e-01   259.5869     1.5173     5.1272     78.626 9.8017e-01    33.9623    27.5990  0.000e+00
      3.205   5.433628  1021.7664 1.1600e-01   259.9105     1.5173     5.1131     78.405 9.6085e-01    33.9701    27.5920  0.000e+00
      3.172   5.433939  1021.7746 1.1477e-01   259.9105     1.5173     5.1025     78.235 9.5268e-01    33.9778    27.5844  0.000e+00
      3.139   5.434106  1021.7818 1.1477e-01   259.9105     1.4868     5.0914     78.059 9.0254e-01    33.9844    27.5770  0.000e+00
      3.081   5.434171  1021.7881 1.1600e-01   259.9752     1.4868     5.0801     77.879 8.7971e-01    33.9901    27.5698  0.000e+00
      3.114   5.434338  1021.7948 1.1722e-01   259.9105     1.5173     5.0687     77.698 8.7721e-01    33.9960    27.5632  0.000e+00
      3.081   5.434374  1021.8014 1.4652e-01   144.2036     1.3036     5.0531     77.452 8.3574e-01    34.0017    27.5557  0.000e+00
      3.114   5.434468  1021.8076 1.4774e-01    29.0790     1.4257     5.0412     77.263 8.1691e-01    34.0070    27.5493  0.000e+00
      3.015   5.434598  1021.8133 1.5018e-01     3.4526     1.3952     5.0248     77.007 8.1226e-01    34.0125    27.5431  0.000e+00
      2.990   5.434635  1021.8199 1.5385e-01     7.7884     1.3647     5.0128     76.816 7.7825e-01    34.0182    27.5355  0.000e+00
      3.015   5.434570  1021.8264 1.5507e-01    12.1889     1.3647     5.0008     76.625 7.5637e-01    34.0234    27.5278  0.000e+00
      2.957   5.434519  1021.8335 1.5507e-01    13.1596     1.3647     4.9889     76.433 7.5206e-01    34.0295    27.5190  0.000e+00
      2.924   5.434396  1021.8418 1.5263e-01    12.9655     1.3647     4.9811     76.303 7.2882e-01    34.0362    27.5086  0.000e+00
      2.957   5.434266  1021.8484 1.5140e-01    12.8360     1.3647     4.9696     76.120 7.0830e-01    34.0412    27.5004  0.000e+00
      2.866   5.434071  1021.8534 1.4896e-01    12.7713     1.3647     4.9623     76.001 7.0427e-01    34.0452    27.4930  0.000e+00
      2.899   5.433948  1021.8589 1.4652e-01    12.7713     1.3647     4.9594     75.950 6.8248e-01    34.0494    27.4861  0.000e+00
      2.866   5.433587  1021.8642 1.4530e-01    12.8360     1.3647     4.9531     75.844 6.5758e-01    34.0530    27.4777  0.000e+00
      2.833   5.433138  1021.8679 1.4408e-01    12.7713     1.3647     4.9473     75.747 6.5196e-01    34.0550    27.4705  0.000e+00
      2.833   5.432423  1021.8700 1.4286e-01    62.7945     1.3952     4.9381     75.597 6.2816e-01    34.0549    27.4637  0.000e+00
      2.809   5.431316  1021.8689 1.3065e-01   212.2817     1.2731     4.9373     75.576 5.9832e-01    34.0513    27.4581  0.000e+00
      2.833   5.429971  1021.8659 1.1722e-01   264.3110     1.4868     4.9333     75.506 5.8981e-01    34.0451    27.4535  0.000e+00
      2.685   5.428417  1021.8601 1.1722e-01   264.3110     1.4868     4.9298     75.445 5.8309e-01    34.0368    27.4500  0.000e+00
      2.775   5.426942  1021.8534 1.1722e-01   264.3110     1.4562     4.9306     75.452 5.6987e-01    34.0269    27.4491  0.000e+00
      2.709   5.425713  1021.8440 1.1722e-01   260.1047     1.4562     4.9238     75.347 5.6499e-01    34.0162    27.4520  0.000e+00
      2.808   5.424817  1021.8308 1.1722e-01   259.3928     1.4562     4.9250     75.372 5.5217e-01    34.0024    27.4623  0.000e+00
      2.709   5.424918  1021.8141 1.1722e-01   259.7164     1.4562     4.9220     75.345 5.1838e-01    33.9890    27.4817  0.000e+00
      2.685   5.425517  1021.7962 1.1722e-01   259.9105     1.4562     4.9192     75.327 5.0660e-01    33.9757    27.5058  0.000e+00
      2.652   5.425755  1021.7784 1.1722e-01   259.9752     1.4562     4.9131     75.255 5.0225e-01    33.9616    27.5276  0.000e+00
      2.685   5.425712  1021.7590 1.1722e-01   259.9752     1.4257     4.9153     75.309 4.8382e-01    33.9452    27.5498  0.000e+00
      2.652   5.425690  1021.7440 1.1600e-01   259.9105     1.4257     4.9063     75.186 4.7554e-01    33.9326    27.5669  0.000e+00
      2.651   5.425856  1021.7336 1.1722e-01   257.1926     1.4257     4.9018     75.131 4.7554e-01    33.9244    27.5798  0.000e+00
      2.684   5.426174  1021.7253 1.4530e-01   104.2756     1.3036     4.9015     75.138 4.7966e-01    33.9182    27.5915  0.000e+00
      2.651   5.426462  1021.7191 1.4530e-01     7.9826     1.3647     4.8975     75.085 4.8243e-01    33.9139    27.6003  0.000e+00
      2.561   5.426701  1021.7139 1.4530e-01    -0.6890     1.3952     4.8978     75.097 4.8382e-01    33.9106    27.6073  0.000e+00
      2.651   5.427026  1021.7113 1.4530e-01    -0.6890     1.3952     4.8987     75.117 5.1541e-01    33.9089    27.6128  0.000e+00
      2.618   5.427445  1021.7102 1.4530e-01     1.1230     1.3952     4.8916     75.013 5.3348e-01    33.9092    27.6164  0.000e+00
      2.594   5.427995  1021.7107 1.4530e-01     2.6114     1.3952     4.8886     74.971 5.3501e-01    33.9111    27.6191  0.000e+00
      2.593   5.428681  1021.7121 1.4530e-01     2.7408     1.3952     4.8856     74.930 5.1987e-01    33.9140    27.6217  0.000e+00
      2.618   5.429535  1021.7146 1.4530e-01     2.6761     1.3952     4.8865     74.949 5.0806e-01    33.9183    27.6241  0.000e+00
      2.593   5.430460  1021.7176 1.4408e-01     2.5467     1.3952     4.8794     74.844 5.0806e-01    33.9233    27.6262  0.000e+00
      2.560   5.431364  1021.7201 1.4408e-01     2.6114     1.3952     4.8764     74.802 5.1987e-01    33.9279    27.6287  0.000e+00
      2.651   5.432362  1021.7242 1.4286e-01     2.6114     1.3952     4.8691     74.695 5.3195e-01    33.9336    27.6303  0.000e+00
      2.560   5.433360  1021.7283 1.4286e-01     2.6114     1.3952     4.8696     74.707 5.3501e-01    33.9399    27.6313  0.000e+00
      2.593   5.434582  1021.7335 1.4530e-01    92.5625     1.3647     4.8619     74.594 5.4587e-01    33.9474    27.6329  0.000e+00
      2.593   5.435812  1021.7393 1.2576e-01   231.4368     1.3036     4.8622     74.603 5.6176e-01    33.9554    27.6338  0.000e+00
      2.618   5.436933  1021.7446 1.1966e-01   264.3110     1.4868     4.8546     74.490 5.6499e-01    33.9627    27.6345  0.000e+00
      2.593   5.437902  1021.7495 1.1844e-01   264.3110     1.4868     4.8507     74.433 5.7644e-01    33.9695    27.6347  0.000e+00
      2.560   5.438698  1021.7536 1.1844e-01   264.3110     1.4562     4.8467     74.374 5.9661e-01    33.9750    27.6347  0.000e+00
      2.651   5.439393  1021.7578 1.1844e-01   259.7164     1.4257     4.8384     74.249 6.0521e-01    33.9800    27.6345  0.000e+00
      2.593   5.440138  1021.7618 1.1844e-01   259.3928     1.4562     4.8300     74.121 6.1570e-01    33.9855    27.6342  0.000e+00
      2.618   5.440862  1021.7658 1.1722e-01   259.7811     1.4562     4.8251     74.048 6.4639e-01    33.9906    27.6341  0.000e+00
      2.651   5.441282  1021.7685 1.1722e-01   259.9105     1.4562     4.8201     73.973 6.5570e-01    33.9939    27.6336  0.000e+00
      2.618   5.441463  1021.7692 1.1600e-01   259.9752     1.4562     4.8110     73.834 6.6896e-01    33.9951    27.6338  0.000e+00
      2.651   5.441499  1021.7694 1.1477e-01   259.9752     1.4562     4.8057     73.752 7.1849e-01    33.9952    27.6339  0.000e+00
      2.683   5.441426  1021.7693 1.1477e-01   259.9105     1.4562     4.7963     73.607 7.3929e-01    33.9948    27.6338  0.000e+00
      2.650   5.441376  1021.7690 1.1966e-01   235.5784     1.3341     4.7903     73.516 7.5206e-01    33.9946    27.6336  0.000e+00
      2.708   5.441231  1021.7685 1.3797e-01    75.6077     1.3952     4.7803     73.362 8.3574e-01    33.9936    27.6336  0.000e+00
      2.683   5.440949  1021.7668 1.3797e-01     2.2878     1.3952     4.7738     73.261 8.8222e-01    33.9915    27.6338  0.000e+00
      2.774   5.440630  1021.7656 1.3675e-01    -0.6890     1.4257     4.7592     73.036 8.8979e-01    33.9893    27.6336  0.000e+00
      2.741   5.440290  1021.7637 1.3797e-01     0.9935     1.3952     4.7481     72.864 1.0142e+00    33.9869    27.6336  0.000e+00
      2.774   5.439900  1021.7620 1.3797e-01     3.9703     1.3952     4.7407     72.750 1.0889e+00    33.9844    27.6333  0.000e+00
      2.807   5.439487  1021.7597 1.3675e-01     4.6822     1.3952     4.7335     72.638 1.1044e+00    33.9813    27.6336  0.000e+00
      2.774   5.439125  1021.7580 1.3675e-01     4.6822     1.3647     4.7181     72.401 1.2233e+00    33.9790    27.6333  0.000e+00
      2.832   5.438836  1021.7567 1.3675e-01     4.4233     1.3952     4.7105     72.284 1.3244e+00    33.9769    27.6333  0.000e+00
      2.864   5.438532  1021.7553 1.3675e-01     4.4880     1.3952     4.7033     72.172 1.3395e+00    33.9749    27.6332  0.000e+00
      2.897   5.438178  1021.7536 1.3675e-01     4.4880     1.3952     4.6963     72.064 1.3702e+00    33.9725    27.6331  0.000e+00
      2.864   5.437888  1021.7521 1.3675e-01     4.4233     1.3952     4.6814     71.834 1.3977e+00    33.9706    27.6329  0.000e+00
      2.897   5.437599  1021.7507 1.3675e-01     4.4233     1.3952     4.6701     71.660 1.4016e+00    33.9685    27.6329  0.000e+00
      2.922   5.437374  1021.7499 1.3553e-01     6.1706     1.3647     4.6631     71.551 1.4257e+00    33.9671    27.6326  0.000e+00
      2.955   5.437259  1021.7495 1.3553e-01     7.7237     1.3647     4.6563     71.446 1.4625e+00    33.9664    27.6325  0.000e+00
      2.897   5.437201  1021.7493 1.3553e-01     8.0473     1.3647     4.6416     71.221 1.4666e+00    33.9662    27.6321  0.000e+00
      2.988   5.437157  1021.7496 1.3553e-01     7.9826     1.3647     4.6351     71.121 1.4542e+00    33.9661    27.6319  0.000e+00
      3.013   5.437223  1021.7501 1.3675e-01     7.9178     1.3647     4.6287     71.022 1.4338e+00    33.9666    27.6318  0.000e+00
      2.988   5.437244  1021.7505 1.3675e-01     7.9178     1.3647     4.6227     70.930 1.4297e+00    33.9671    27.6314  0.000e+00
      3.012   5.437172  1021.7504 1.3675e-01     7.9826     1.3647     4.6170     70.843 1.4216e+00    33.9667    27.6312  0.000e+00
      2.988   5.437172  1021.7507 1.3675e-01     7.9178     1.3952     4.6117     70.760 1.4016e+00    33.9670    27.6308  0.000e+00
      3.078   5.437158  1021.7513 1.3675e-01     7.9178     1.3647     4.5985     70.557 1.3898e+00    33.9672    27.6303  0.000e+00
      3.012   5.437223  1021.7514 1.3797e-01     7.9178     1.3952     4.5933     70.477 1.3977e+00    33.9677    27.6303  0.000e+00
      3.111   5.437302  1021.7526 1.3797e-01     7.9178     1.3647     4.5881     70.398 1.3937e+00    33.9685    27.6299  0.000e+00
      3.012   5.437389  1021.7528 1.3919e-01     7.9178     1.3647     4.5830     70.320 1.3898e+00    33.9693    27.6298  0.000e+00
      3.111   5.437541  1021.7545 1.3797e-01    65.1889     1.3952     4.5783     70.248 1.3898e+00    33.9707    27.6292  0.000e+00
