WS23139_STN18_17CTD.cnv
* Sea-Bird SBE 9 Data File:
* FileName = C:\ctd\Cruise_Data\WS23139_Rosenheim\WS23139_Rosenheim_STN18.hex
* Software Version Seasave V 7.26.7.121
* Temperature SN = 4097 MTG 177
* Conductivity SN = 1851 MTG 053
* Number of Bytes Per Scan = 40
* Number of Voltage Words = 5
* Number of Scans Averaged by the Deck Unit = 1
* NMEA Latitude = 06 07.22 N
* NMEA Longitude = 054 05.07 W
* NMEA UTC (Time) = Jun 16 2023 11:19:15
** Ship:
** Station:
** Operator:
# nquan = 12
# nvalues = 9812                                  
# units = specified
# name 0 = depSM: Depth [salt water, m]
# name 1 = c0S/m: Conductivity [S/m]
# name 2 = density00: Density [density, kg/m^3]
# name 3 = flSP: Fluorescence, Seapoint
# name 4 = wetCDOM: Fluorescence, WET Labs CDOM [mg/m^3]
# name 5 = flECO-AFL: Fluorescence, WET Labs ECO-AFL/FL [mg/m^3]
# name 6 = sbeox0Mg/L: Oxygen, SBE 43 [mg/l]
# name 7 = sbeox0PS: Oxygen, SBE 43 [% saturation]
# name 8 = par: PAR/Irradiance, Biospherical/Licor [Watts/m^2]
# name 9 = sal00: Salinity, Practical [PSU]
# name 10 = t090C: Temperature [ITS-90, deg C]
# name 11 = flag:  0.000e+00
# span 0 =      1.265,     19.229                 
# span 1 =   5.695598,   5.701014                 
# span 2 =  1023.4152,  1023.4976                 
# span 3 = 6.7155e-02, 1.2698e-01                 
# span 4 =    -0.6890,   264.3110                 
# span 5 =     0.2658,     0.6626                 
# span 6 =     3.9988,     5.5799                 
# span 7 =     61.760,     86.188                 
# span 8 = 9.8755e-02, 4.9647e+03                 
# span 9 =    36.0419,    36.0641                 
# span 10 =    27.2919,    27.3324                
# span 11 = 0.0000e+00, 0.0000e+00                
# interval = seconds: 0.0416667
# start_time = Jun 16 2023 11:19:15 [NMEA time, header]
# bad_flag = -9.990e-29
*END*
[from data line 4933]
     18.018   5.697008  1023.4921 9.8901e-02   259.7811     0.5710     5.5235     85.280 9.9065e-02    36.0519    27.2981  0.000e+00
     18.092   5.696993  1023.4923 9.8901e-02   259.9105     0.5710     5.5237     85.283 9.9375e-02    36.0518    27.2981  0.000e+00
     18.092   5.697023  1023.4926 9.8901e-02   259.9105     0.5710     5.5277     85.343 9.9375e-02    36.0521    27.2980  0.000e+00
     18.034   5.697008  1023.4923 9.8901e-02   259.9105     0.5710     5.5238     85.283 9.9375e-02    36.0521    27.2980  0.000e+00
     18.075   5.696993  1023.4922 9.8901e-02   259.9105     0.5710     5.5279     85.348 9.9375e-02    36.0518    27.2981  0.000e+00
     18.034   5.697023  1023.4924 9.8901e-02   259.9105     0.5710     5.5243     85.291 9.9065e-02    36.0522    27.2980  0.000e+00
     18.092   5.697008  1023.4925 9.7680e-02   259.9105     0.5710     5.5282     85.352 9.9375e-02    36.0520    27.2980  0.000e+00
     18.034   5.697023  1023.4922 9.8901e-02   259.9752     0.5710     5.5243     85.292 9.9065e-02    36.0520    27.2981  0.000e+00
     18.075   5.697038  1023.4925 9.8901e-02   259.9105     0.5710     5.5203     85.230 9.9375e-02    36.0521    27.2981  0.000e+00
     18.092   5.697038  1023.4927 9.8901e-02   259.9105     0.5710     5.5200     85.226 9.9065e-02    36.0523    27.2980  0.000e+00
     18.092   5.697008  1023.4924 9.8901e-02   259.9105     0.5710     5.5238     85.284 9.9065e-02    36.0519    27.2981  0.000e+00
     18.034   5.697023  1023.4922 9.8901e-02   259.9752     0.5710     5.5237     85.282 9.9065e-02    36.0520    27.2981  0.000e+00
     18.075   5.697038  1023.4925 1.0012e-01   259.9105     0.5710     5.5237     85.282 9.9065e-02    36.0521    27.2981  0.000e+00
     18.092   5.697038  1023.4925 1.0012e-01   259.9105     0.5710     5.5236     85.281 9.9065e-02    36.0521    27.2981  0.000e+00
     18.034   5.697037  1023.4923 1.0012e-01   259.9752     0.5710     5.5275     85.342 9.9065e-02    36.0522    27.2981  0.000e+00
     18.075   5.697074  1023.4928 9.8901e-02   259.9105     0.5710     5.5237     85.282 9.9375e-02    36.0525    27.2980  0.000e+00
     18.158   5.697089  1023.4932 9.8901e-02   259.9105     0.5710     5.5237     85.282 9.9065e-02    36.0526    27.2980  0.000e+00
     18.034   5.697052  1023.4925 9.7680e-02   259.9105     0.5710     5.5236     85.280 9.9065e-02    36.0524    27.2980  0.000e+00
     18.092   5.697074  1023.4929 9.7680e-02   259.9105     0.5710     5.5235     85.280 9.9375e-02    36.0525    27.2980  0.000e+00
     18.075   5.697089  1023.4929 9.7680e-02   259.9105     0.5710     5.5275     85.341 9.9375e-02    36.0526    27.2980  0.000e+00
     18.092   5.697089  1023.4930 9.7680e-02   259.9105     0.5710     5.5276     85.343 9.9375e-02    36.0526    27.2980  0.000e+00
     18.158   5.697052  1023.4931 9.7680e-02   259.9105     0.5710     5.5238     85.284 9.9375e-02    36.0524    27.2979  0.000e+00
     18.092   5.697038  1023.4927 9.7680e-02   259.9105     0.5710     5.5277     85.344 9.9375e-02    36.0523    27.2980  0.000e+00
     18.075   5.697008  1023.4925 9.8901e-02   259.9105     0.5710     5.5240     85.287 9.9065e-02    36.0520    27.2980  0.000e+00
     18.158   5.697023  1023.4929 9.8901e-02   259.9752     0.5710     5.5280     85.348 9.9375e-02    36.0521    27.2980  0.000e+00
     18.092   5.697074  1023.4929 9.8901e-02   259.9752     0.5710     5.5280     85.349 9.9065e-02    36.0525    27.2980  0.000e+00
     18.092   5.697052  1023.4928 9.8901e-02   259.9105     0.5710     5.5281     85.351 9.9375e-02    36.0524    27.2980  0.000e+00
     18.133   5.697038  1023.4929 9.8901e-02   259.9752     0.5710     5.5283     85.353 9.9065e-02    36.0523    27.2979  0.000e+00
     18.158   5.697008  1023.4928 9.8901e-02   259.8458     0.5710     5.5284     85.355 9.9065e-02    36.0520    27.2980  0.000e+00
     18.158   5.697023  1023.4929 9.8901e-02   259.9105     0.5710     5.5285     85.356 9.9375e-02    36.0521    27.2980  0.000e+00
     18.158   5.697038  1023.4930 1.1600e-01   198.3037     0.5100     5.5286     85.357 9.9065e-02    36.0522    27.2980  0.000e+00
     18.133   5.697074  1023.4931 1.2210e-01    53.9288     0.5100     5.5288     85.361 9.9375e-02    36.0525    27.2980  0.000e+00
     18.158   5.697052  1023.4930 1.2332e-01     5.5882     0.5405     5.5289     85.363 9.9375e-02    36.0523    27.2980  0.000e+00
     18.158   5.697074  1023.4930 1.2332e-01     5.5882     0.5100     5.5329     85.425 9.9065e-02    36.0524    27.2981  0.000e+00
     18.257   5.697089  1023.4938 1.2332e-01    11.0888     0.5710     5.5333     85.430 9.9375e-02    36.0527    27.2978  0.000e+00
     18.158   5.697089  1023.4931 1.2332e-01    12.9007     0.5710     5.5334     85.433 9.9065e-02    36.0525    27.2981  0.000e+00
     18.158   5.697023  1023.4929 1.2210e-01    12.9007     0.6015     5.5376     85.498 9.9375e-02    36.0521    27.2980  0.000e+00
     18.215   5.696993  1023.4930 1.2210e-01    12.6419     0.6015     5.5301     85.381 9.9375e-02    36.0519    27.2980  0.000e+00
     18.199   5.696964  1023.4927 1.2210e-01    12.6419     0.5710     5.5300     85.380 9.9375e-02    36.0517    27.2980  0.000e+00
     18.215   5.696979  1023.4927 1.2332e-01    12.5772     0.6015     5.5302     85.383 9.9065e-02    36.0517    27.2981  0.000e+00
     18.281   5.696993  1023.4931 1.2332e-01    12.6419     0.6015     5.5302     85.383 9.9065e-02    36.0518    27.2981  0.000e+00
     18.215   5.697023  1023.4931 1.2332e-01    12.6419     0.6015     5.5301     85.382 9.9375e-02    36.0521    27.2980  0.000e+00
     18.199   5.697008  1023.4930 1.2210e-01    12.1889     0.6015     5.5301     85.381 9.9065e-02    36.0520    27.2980  0.000e+00
     18.281   5.696927  1023.4929 1.2332e-01     6.0412     0.6015     5.5341     85.443 9.9065e-02    36.0514    27.2980  0.000e+00
     18.281   5.697038  1023.4933 1.2210e-01     2.6761     0.6015     5.5304     85.386 9.9375e-02    36.0521    27.2981  0.000e+00
     18.281   5.697052  1023.4935 1.2332e-01     2.2231     0.6015     5.5303     85.385 9.9065e-02    36.0523    27.2980  0.000e+00
     18.256   5.697008  1023.4929 1.2210e-01     2.4819     0.6015     5.5302     85.383 9.9065e-02    36.0517    27.2983  0.000e+00
     18.339   5.697060  1023.4938 1.2210e-01     2.8055     0.6015     5.5304     85.386 9.9375e-02    36.0523    27.2980  0.000e+00
     18.281   5.697089  1023.4936 1.2210e-01     2.6761     0.6015     5.5303     85.384 9.9065e-02    36.0524    27.2981  0.000e+00
     18.339   5.697052  1023.4936 1.2210e-01     2.6114     0.5710     5.5302     85.383 9.9065e-02    36.0521    27.2981  0.000e+00
     18.322   5.697038  1023.4936 1.2088e-01     2.6114     0.6015     5.5301     85.381 9.9375e-02    36.0522    27.2980  0.000e+00
     18.339   5.697038  1023.4935 1.2210e-01     2.6761     0.5710     5.5302     85.383 9.9065e-02    36.0520    27.2981  0.000e+00
     18.339   5.697075  1023.4936 1.2210e-01     2.6761     0.6015     5.5341     85.443 9.9375e-02    36.0522    27.2983  0.000e+00
     18.396   5.697052  1023.4939 1.2210e-01     2.6114     0.5710     5.5304     85.386 9.9065e-02    36.0521    27.2981  0.000e+00
     18.380   5.697038  1023.4939 1.2210e-01     2.6114     0.6015     5.5303     85.383 9.9375e-02    36.0522    27.2980  0.000e+00
     18.339   5.697038  1023.4935 1.2210e-01     9.0827     0.6015     5.5303     85.384 9.9375e-02    36.0520    27.2981  0.000e+00
     18.396   5.697038  1023.4936 1.2210e-01    17.1718     0.5710     5.5302     85.382 9.9065e-02    36.0519    27.2983  0.000e+00
     18.396   5.697038  1023.4938 1.2210e-01    19.2426     0.5710     5.5258     85.315 9.9375e-02    36.0520    27.2981  0.000e+00
     18.438   5.697104  1023.4943 1.2210e-01    19.0485     0.5710     5.5253     85.307 9.9065e-02    36.0525    27.2981  0.000e+00
     18.462   5.697067  1023.4942 1.2210e-01    18.7896     0.6015     5.5289     85.363 9.9375e-02    36.0522    27.2981  0.000e+00
     18.396   5.697038  1023.4939 1.2332e-01    18.6602     0.5710     5.5247     85.298 9.9065e-02    36.0522    27.2980  0.000e+00
     18.462   5.697038  1023.4940 1.2210e-01    18.6602     0.5710     5.5244     85.293 9.9065e-02    36.0520    27.2981  0.000e+00
     18.438   5.697038  1023.4939 1.2210e-01    18.6602     0.5710     5.5240     85.286 9.9065e-02    36.0520    27.2981  0.000e+00
     18.462   5.697038  1023.4940 1.2332e-01    18.6602     0.5710     5.5278     85.346 9.9375e-02    36.0520    27.2981  0.000e+00
     18.462   5.697075  1023.4944 1.2332e-01    18.7249     0.5710     5.5276     85.343 9.9375e-02    36.0524    27.2980  0.000e+00
     18.438   5.697023  1023.4937 1.2332e-01    18.6602     0.5710     5.5274     85.340 9.9375e-02    36.0518    27.2983  0.000e+00
     18.520   5.696993  1023.4940 1.2332e-01    18.6602     0.5710     5.5233     85.276 9.9065e-02    36.0517    27.2981  0.000e+00
     18.462   5.696964  1023.4936 1.2210e-01    52.8934     0.5405     5.5269     85.331 9.9065e-02    36.0515    27.2981  0.000e+00
     18.520   5.697053  1023.4944 1.1600e-01   202.7042     0.5710     5.5229     85.270 9.9065e-02    36.0521    27.2981  0.000e+00
     18.504   5.697053  1023.4941 1.0012e-01   264.3110     0.6321     5.5227     85.267 9.9375e-02    36.0520    27.2983  0.000e+00
     18.520   5.697008  1023.4941 1.0012e-01   264.3110     0.6015     5.5223     85.261 9.9065e-02    36.0518    27.2981  0.000e+00
     18.520   5.697023  1023.4944 9.8901e-02   264.3110     0.6015     5.5222     85.258 9.9065e-02    36.0520    27.2979  0.000e+00
     18.462   5.697038  1023.4940 9.8901e-02   260.3635     0.6015     5.5217     85.252 9.9065e-02    36.0520    27.2981  0.000e+00
     18.561   5.697075  1023.4946 9.8901e-02   259.3928     0.6015     5.5256     85.312 9.9065e-02    36.0522    27.2981  0.000e+00
     18.462   5.697052  1023.4940 9.8901e-02   259.7164     0.6015     5.5216     85.250 9.9065e-02    36.0520    27.2983  0.000e+00
     18.520   5.697038  1023.4943 9.8901e-02   259.8458     0.6015     5.5215     85.248 9.9375e-02    36.0520    27.2981  0.000e+00
     18.520   5.697038  1023.4941 9.8901e-02   259.9105     0.6015     5.5213     85.246 9.9065e-02    36.0518    27.2983  0.000e+00
     18.561   5.697038  1023.4944 9.7680e-02   259.9105     0.6015     5.5212     85.244 9.9375e-02    36.0520    27.2981  0.000e+00
     18.462   5.697075  1023.4943 9.7680e-02   259.9105     0.6015     5.5210     85.241 9.9375e-02    36.0523    27.2981  0.000e+00
     18.520   5.697053  1023.4944 9.7680e-02   259.9105     0.6015     5.5209     85.239 9.9375e-02    36.0521    27.2981  0.000e+00
     18.462   5.697075  1023.4942 9.7680e-02   259.9105     0.6015     5.5208     85.237 9.9375e-02    36.0523    27.2981  0.000e+00
     18.503   5.697089  1023.4945 9.7680e-02   259.9105     0.6015     5.5207     85.236 9.9375e-02    36.0524    27.2981  0.000e+00
     18.520   5.697089  1023.4946 9.8901e-02   259.9105     0.6015     5.5208     85.238 9.9065e-02    36.0524    27.2981  0.000e+00
     18.462   5.697052  1023.4941 9.8901e-02   259.9105     0.6015     5.5209     85.239 9.9375e-02    36.0521    27.2981  0.000e+00
     18.520   5.697104  1023.4947 9.8901e-02   259.7811     0.6015     5.5171     85.180 9.9375e-02    36.0525    27.2981  0.000e+00
     18.437   5.697104  1023.4943 9.8901e-02   259.9105     0.6015     5.5172     85.182 9.9375e-02    36.0525    27.2981  0.000e+00
     18.462   5.697156  1023.4945 9.8901e-02   259.9105     0.6015     5.5210     85.241 9.9375e-02    36.0527    27.2983  0.000e+00
     18.462   5.697112  1023.4944 9.8901e-02   259.9752     0.5710     5.5170     85.179 9.9065e-02    36.0525    27.2981  0.000e+00
     18.396   5.697089  1023.4939 9.8901e-02   259.9752     0.5710     5.5167     85.175 9.9065e-02    36.0523    27.2983  0.000e+00
     18.437   5.697089  1023.4941 9.8901e-02   259.9752     0.5710     5.5206     85.235 9.9375e-02    36.0522    27.2983  0.000e+00
     18.396   5.697089  1023.4941 9.8901e-02   259.9105     0.5710     5.5246     85.297 9.9065e-02    36.0524    27.2981  0.000e+00
     18.462   5.697089  1023.4942 9.8901e-02   259.9752     0.5710     5.5209     85.240 9.9065e-02    36.0523    27.2983  0.000e+00
     18.338   5.697119  1023.4940 9.8901e-02   259.9105     0.5710     5.5211     85.242 9.9065e-02    36.0526    27.2981  0.000e+00
     18.380   5.697134  1023.4942 1.0012e-01   259.9105     0.5710     5.5212     85.244 9.9065e-02    36.0527    27.2981  0.000e+00
     18.396   5.697134  1023.4944 1.0012e-01   259.9752     0.5710     5.5213     85.245 9.9065e-02    36.0528    27.2980  0.000e+00
     18.338   5.697134  1023.4941 9.8901e-02   259.9752     0.5710     5.5253     85.308 9.9375e-02    36.0527    27.2981  0.000e+00
     18.338   5.697134  1023.4941 9.8901e-02   259.9752     0.5710     5.5256     85.312 9.9065e-02    36.0527    27.2981  0.000e+00
     18.322   5.697104  1023.4939 9.8901e-02   259.9105     0.5710     5.5259     85.316 9.9065e-02    36.0525    27.2981  0.000e+00
     18.281   5.697119  1023.4939 1.0012e-01   259.9752     0.5710     5.5262     85.320 9.9065e-02    36.0528    27.2980  0.000e+00
     18.338   5.697104  1023.4939 1.0012e-01   259.9105     0.5710     5.5265     85.325 9.9375e-02    36.0525    27.2981  0.000e+00
     18.215   5.697089  1023.4935 1.0012e-01   259.9752     0.5710     5.5227     85.267 9.9065e-02    36.0526    27.2980  0.000e+00
     18.256   5.697089  1023.4936 1.0012e-01   259.9105     0.5710     5.5270     85.334 9.9065e-02    36.0526    27.2980  0.000e+00
     18.281   5.697089  1023.4937 1.0012e-01   259.9752     0.5710     5.5233     85.277 9.9065e-02    36.0526    27.2980  0.000e+00
     18.215   5.697089  1023.4935 1.0012e-01   259.9105     0.5710     5.5274     85.340 9.9375e-02    36.0526    27.2979  0.000e+00
     18.215   5.697052  1023.4931 9.8901e-02   259.9105     0.5710     5.5277     85.345 9.9375e-02    36.0522    27.2981  0.000e+00
     18.198   5.697074  1023.4933 9.8901e-02   259.9105     0.5710     5.5280     85.349 9.9065e-02    36.0525    27.2980  0.000e+00
     18.157   5.697119  1023.4932 9.8901e-02   259.9752     0.5710     5.5281     85.350 9.9065e-02    36.0527    27.2981  0.000e+00
     18.157   5.697104  1023.4933 9.8901e-02   259.9752     0.5710     5.5242     85.290 9.9065e-02    36.0527    27.2980  0.000e+00
     18.132   5.697119  1023.4931 1.0012e-01   259.9105     0.5710     5.5243     85.291 9.9375e-02    36.0527    27.2981  0.000e+00
     18.157   5.697104  1023.4933 9.8901e-02   259.9752     0.5710     5.5242     85.290 9.9375e-02    36.0527    27.2980  0.000e+00
     18.091   5.697156  1023.4934 9.8901e-02   259.9105     0.5710     5.5240     85.288 9.9375e-02    36.0531    27.2979  0.000e+00
     18.091   5.697148  1023.4933 9.8901e-02   259.9752     0.5710     5.5239     85.286 9.9065e-02    36.0530    27.2980  0.000e+00
     18.074   5.697104  1023.4928 9.8901e-02   259.9752     0.5710     5.5240     85.288 9.9065e-02    36.0526    27.2981  0.000e+00
     18.033   5.697089  1023.4929 9.8901e-02   259.9752     0.5405     5.5281     85.351 9.9375e-02    36.0528    27.2978  0.000e+00
     18.091   5.697089  1023.4928 9.8901e-02   259.9105     0.5405     5.5245     85.295 9.9375e-02    36.0525    27.2981  0.000e+00
     18.033   5.697119  1023.4929 9.8901e-02   259.9752     0.5405     5.5244     85.293 9.9375e-02    36.0528    27.2980  0.000e+00
     18.017   5.697104  1023.4928 9.8901e-02   259.9105     0.5405     5.5285     85.356 9.9375e-02    36.0528    27.2979  0.000e+00
     17.975   5.697089  1023.4923 1.2332e-01   156.2402     0.4489     5.5286     85.358 9.9375e-02    36.0525    27.2981  0.000e+00
     17.975   5.697119  1023.4927 1.2210e-01    33.4795     0.4794     5.5287     85.359 9.9065e-02    36.0529    27.2980  0.000e+00
