WS23139_STN06_05CTD.cnv
* Sea-Bird SBE 9 Data File:
* FileName = C:\ctd\Cruise_Data\WS23139_Rosenheim\WS23139_Rosenheim_STN06.hex
* Software Version Seasave V 7.26.7.121
* Temperature SN = 4097 MTG 177
* Conductivity SN = 1851 MTG 053
* Number of Bytes Per Scan = 40
* Number of Voltage Words = 5
* Number of Scans Averaged by the Deck Unit = 1
* NMEA Latitude = 01 11.54 N
* NMEA Longitude = 049 05.96 W
* NMEA UTC (Time) = Jun 09 2023 11:01:04
** Ship:
** Station:
** Operator:
# nquan = 12
# nvalues = 9516                                  
# units = specified
# name 0 = depSM: Depth [salt water, m]
# name 1 = c0S/m: Conductivity [S/m]
# name 2 = density00: Density [density, kg/m^3]
# name 3 = flSP: Fluorescence, Seapoint
# name 4 = wetCDOM: Fluorescence, WET Labs CDOM [mg/m^3]
# name 5 = flECO-AFL: Fluorescence, WET Labs ECO-AFL/FL [mg/m^3]
# name 6 = sbeox0Mg/L: Oxygen, SBE 43 [mg/l]
# name 7 = sbeox0PS: Oxygen, SBE 43 [% saturation]
# name 8 = par: PAR/Irradiance, Biospherical/Licor [Watts/m^2]
# name 9 = sal00: Salinity, Practical [PSU]
# name 10 = t090C: Temperature [ITS-90, deg C]
# name 11 = flag:  0.000e+00
# span 0 =      1.722,      7.469                 
# span 1 =   0.683305,   1.318811                 
# span 2 =   998.5330,  1001.1100                 
# span 3 = 2.0757e-02, 1.5018e-01                 
# span 4 =     4.2292,    26.4258                 
# span 5 =     0.8152,     2.0362                 
# span 6 =     3.7744,     6.4326                 
# span 7 =     50.415,     86.286                 
# span 8 = 9.8755e-02, 5.0350e+03                 
# span 9 =     3.4389,     6.9441                 
# span 10 =    28.8252,    29.1699                
# span 11 = 0.0000e+00, 0.0000e+00                
# interval = seconds: 0.0416667
# start_time = Jun 09 2023 11:01:04 [NMEA time, header]
# bad_flag = -9.990e-29
*END*
[from data line 9384]
      2.218   0.685094   998.5414 1.3553e-01    17.9484     1.2120     5.1010     67.573 1.7346e+02     3.4487    28.9799  0.000e+00
      2.185   0.685035   998.5410 1.3431e-01    17.9484     1.2120     5.0998     67.557 1.7104e+02     3.4484    28.9799  0.000e+00
      2.276   0.684987   998.5412 1.3431e-01    18.0131     1.2120     5.0938     67.478 1.5414e+02     3.4481    28.9801  0.000e+00
      2.251   0.684946   998.5409 1.3309e-01    17.9484     1.2120     5.0920     67.453 1.4368e+02     3.4479    28.9801  0.000e+00
      2.276   0.684913   998.5409 1.3309e-01    17.9484     1.2120     5.0855     67.367 1.4207e+02     3.4477    28.9801  0.000e+00
      2.309   0.684883   998.5408 1.3309e-01    17.9484     1.2120     5.0784     67.273 1.3280e+02     3.4475    28.9803  0.000e+00
      2.251   0.684854   998.5405 1.3309e-01    14.9716     1.2120     5.0756     67.236 1.2589e+02     3.4474    28.9803  0.000e+00
      2.342   0.684824   998.5405 1.3431e-01    11.4771     1.2120     5.0681     67.137 1.2414e+02     3.4472    28.9808  0.000e+00
      2.309   0.684762   998.5401 1.3431e-01    10.6358     1.2120     5.0648     67.093 1.1934e+02     3.4468    28.9808  0.000e+00
      2.342   0.684714   998.5400 1.3431e-01    10.7652     1.2120     5.0566     66.986 1.1377e+02     3.4465    28.9810  0.000e+00
      2.309   0.684662   998.5396 1.3309e-01    10.8946     1.2120     5.0529     66.937 1.1250e+02     3.4462    28.9814  0.000e+00
      2.400   0.684669   998.5399 1.3309e-01    10.8946     1.2120     5.0445     66.825 1.0725e+02     3.4463    28.9816  0.000e+00
      2.309   0.684673   998.5394 1.3309e-01    10.8299     1.2120     5.0404     66.771 9.9971e+01     3.4463    28.9820  0.000e+00
      2.342   0.684677   998.5394 1.3309e-01    10.8946     1.2120     5.0316     66.655 9.7747e+01     3.4463    28.9823  0.000e+00
      2.367   0.684706   998.5396 1.3309e-01    10.8946     1.2120     5.0275     66.601 9.3185e+01     3.4464    28.9825  0.000e+00
      2.367   0.684717   998.5396 1.3431e-01    10.8946     1.2120     5.0233     66.546 8.3741e+01     3.4465    28.9827  0.000e+00
      2.400   0.684728   998.5396 1.3431e-01    10.8299     1.2120     5.0190     66.489 8.0963e+01     3.4465    28.9832  0.000e+00
      2.367   0.684732   998.5394 1.3431e-01    10.8946     1.2120     5.0149     66.436 7.7184e+01     3.4465    28.9834  0.000e+00
      2.400   0.684717   998.5393 1.3431e-01    11.9300     1.2120     5.0110     66.385 6.6684e+01     3.4464    28.9838  0.000e+00
      2.367   0.684725   998.5391 1.3431e-01    16.5247     1.2120     5.0072     66.335 6.3393e+01     3.4464    28.9841  0.000e+00
      2.400   0.684728   998.5392 1.3431e-01    18.3366     1.2120     5.0039     66.290 6.1118e+01     3.4464    28.9844  0.000e+00
      2.433   0.684714   998.5392 1.3431e-01    18.5308     1.2120     5.0050     66.306 5.1920e+01     3.4463    28.9845  0.000e+00
      2.342   0.684706   998.5388 1.3431e-01    18.3366     1.2120     5.0065     66.326 4.8668e+01     3.4463    28.9845  0.000e+00
      2.367   0.684680   998.5386 1.3431e-01    18.2719     1.2120     5.0086     66.354 4.7720e+01     3.4461    28.9851  0.000e+00
      2.400   0.684669   998.5388 1.3431e-01    18.2719     1.2120     5.0065     66.326 4.0996e+01     3.4460    28.9849  0.000e+00
      2.433   0.684644   998.5387 1.3431e-01    18.2719     1.2120     5.0094     66.365 3.7892e+01     3.4459    28.9853  0.000e+00
      2.367   0.684625   998.5383 1.3431e-01    18.2719     1.2120     5.0126     66.407 3.7574e+01     3.4458    28.9853  0.000e+00
      2.400   0.684581   998.5382 1.3431e-01    18.2719     1.2120     5.0165     66.459 3.3482e+01     3.4455    28.9854  0.000e+00
      2.367   0.684529   998.5378 1.3553e-01    18.2719     1.2120     5.0206     66.513 3.1121e+01     3.4452    28.9857  0.000e+00
      2.400   0.684492   998.5378 1.3553e-01    18.2719     1.2120     5.0251     66.572 3.0859e+01     3.4450    28.9857  0.000e+00
      2.367   0.684430   998.5373 1.3553e-01    18.3366     1.2120     5.0255     66.578 2.9089e+01     3.4447    28.9858  0.000e+00
      2.342   0.684378   998.5370 1.3431e-01    16.7188     1.2120     5.0305     66.644 2.7731e+01     3.4444    28.9858  0.000e+00
      2.367   0.684312   998.5368 1.3431e-01    15.4893     1.2426     5.0313     66.655 2.7498e+01     3.4440    28.9860  0.000e+00
      2.342   0.684293   998.5367 1.3431e-01    15.2951     1.2731     5.0372     66.732 2.7498e+01     3.4439    28.9858  0.000e+00
      2.309   0.684304   998.5366 1.3431e-01    15.3598     1.2731     5.0385     66.750 2.7344e+01     3.4440    28.9858  0.000e+00
      2.342   0.684323   998.5367 1.3431e-01    15.3598     1.2731     5.0445     66.830 2.7344e+01     3.4441    28.9862  0.000e+00
      2.309   0.684330   998.5367 1.3431e-01    15.3598     1.2731     5.0463     66.854 2.8764e+01     3.4441    28.9858  0.000e+00
      2.309   0.684352   998.5368 1.3553e-01    15.4246     1.2731     5.0437     66.818 3.0773e+01     3.4443    28.9858  0.000e+00
      2.276   0.684341   998.5365 1.3431e-01    15.3598     1.3036     5.0500     66.903 3.1384e+01     3.4442    28.9860  0.000e+00
      2.309   0.684286   998.5364 1.3431e-01    15.3598     1.2731     5.0476     66.871 3.4147e+01     3.4439    28.9860  0.000e+00
      2.276   0.684227   998.5361 1.3431e-01    15.3598     1.2731     5.0496     66.896 4.0084e+01     3.4436    28.9858  0.000e+00
      2.251   0.684179   998.5357 1.3431e-01    15.3598     1.3036     5.0561     66.984 4.2047e+01     3.4433    28.9860  0.000e+00
      2.160   0.684123   998.5352 1.3431e-01    15.3598     1.2731     5.0536     66.950 4.6266e+01     3.4430    28.9858  0.000e+00
      2.251   0.684083   998.5354 1.3431e-01    14.2597     1.2731     5.0557     66.977 5.9758e+01     3.4428    28.9858  0.000e+00
      2.160   0.684050   998.5349 1.3431e-01    12.0595     1.2731     5.0574     66.999 6.5569e+01     3.4427    28.9857  0.000e+00
      2.185   0.684027   998.5350 1.3431e-01    11.2829     1.3036     5.0545     66.961 7.1541e+01     3.4425    28.9857  0.000e+00
      2.127   0.684035   998.5347 1.3553e-01    11.2829     1.3036     5.0559     66.980 1.0110e+02     3.4426    28.9858  0.000e+00
      2.160   0.684027   998.5349 1.3675e-01    11.4771     1.3036     5.0621     67.062 1.1636e+02     3.4426    28.9854  0.000e+00
      2.061   0.684042   998.5345 1.3675e-01    11.4123     1.2731     5.0635     67.080 1.2344e+02     3.4426    28.9857  0.000e+00
      2.094   0.684042   998.5348 1.3675e-01    11.3476     1.2731     5.0648     67.097 1.8298e+02     3.4426    28.9853  0.000e+00
      2.061   0.684046   998.5345 1.3919e-01    11.4123     1.2731     5.0752     67.236 2.2154e+02     3.4426    28.9857  0.000e+00
      2.037   0.684050   998.5345 1.3919e-01    11.4123     1.2731     5.0766     67.254 2.3108e+02     3.4427    28.9853  0.000e+00
      2.004   0.684050   998.5343 1.3797e-01    11.4123     1.2731     5.0872     67.394 3.4254e+02     3.4427    28.9854  0.000e+00
      2.037   0.684050   998.5345 1.3797e-01    11.4123     1.2731     5.0933     67.475 4.2773e+02     3.4427    28.9853  0.000e+00
      2.004   0.684050   998.5343 1.3675e-01    11.4123     1.2731     5.1039     67.615 4.4116e+02     3.4427    28.9854  0.000e+00
      2.004   0.684035   998.5344 1.3675e-01    11.5418     1.2731     5.1149     67.760 6.1646e+02     3.4426    28.9851  0.000e+00
      1.913   0.684016   998.5338 1.3675e-01    13.4832     1.2731     5.1304     67.967 7.8287e+02     3.4425    28.9853  0.000e+00
      2.004   0.684039   998.5343 1.3675e-01    14.4539     1.2731     5.1373     68.058 8.1430e+02     3.4426    28.9854  0.000e+00
      1.913   0.684064   998.5340 1.3675e-01    14.5833     1.2731     5.1532     68.269 1.0847e+03     3.4428    28.9853  0.000e+00
      1.880   0.684123   998.5341 1.3675e-01    14.5186     1.3036     5.1649     68.424 1.3853e+03     3.4431    28.9853  0.000e+00
      1.971   0.684230   998.5350 1.3675e-01    14.4539     1.3036     5.1767     68.580 1.4491e+03     3.4437    28.9853  0.000e+00
      1.880   0.684319   998.5350 1.3675e-01    14.4539     1.3036     5.1931     68.798 1.9966e+03     3.4442    28.9851  0.000e+00
      1.855   0.684407   998.5352 1.3675e-01    14.5186     1.3036     5.2005     68.895 2.7899e+03     3.4446    28.9851  0.000e+00
      1.946   0.684496   998.5361 1.3675e-01    14.4539     1.3036     5.2125     69.054 3.0015e+03     3.4451    28.9847  0.000e+00
      1.880   0.684533   998.5361 1.3675e-01    14.5186     1.3036     5.2245     69.213 3.5730e+03     3.4454    28.9844  0.000e+00
      1.913   0.684507   998.5363 1.3675e-01    14.4539     1.3036     5.2321     69.313 4.6669e+03     3.4453    28.9838  0.000e+00
      1.880   0.684485   998.5362 1.3553e-01    14.5186     1.3036     5.2441     69.471 5.0350e+03     3.4452    28.9834  0.000e+00
      1.855   0.684474   998.5361 1.3553e-01    14.4539     1.3036     5.2562     69.631 4.9507e+03     3.4451    28.9832  0.000e+00
      1.946   0.684444   998.5364 1.3553e-01    14.5186     1.3036     5.2637     69.730 4.8270e+03     3.4450    28.9832  0.000e+00
      1.971   0.684393   998.5364 1.3431e-01    14.6480     1.3036     5.2757     69.889 4.8000e+03     3.4447    28.9829  0.000e+00
      1.880   0.684345   998.5359 1.3309e-01    14.6480     1.3036     5.2831     69.988 4.8000e+03     3.4444    28.9829  0.000e+00
      1.971   0.684278   998.5361 1.3431e-01    14.6480     1.3036     5.2862     70.027 4.7731e+03     3.4441    28.9825  0.000e+00
      1.946   0.684227   998.5358 1.3431e-01    14.6480     1.3036     5.2889     70.063 4.7463e+03     3.4438    28.9825  0.000e+00
      1.946   0.684171   998.5356 1.3431e-01    14.5833     1.3036     5.3005     70.217 4.7330e+03     3.4435    28.9825  0.000e+00
      1.971   0.684101   998.5354 1.3431e-01    14.6480     1.3036     5.3031     70.251 4.6801e+03     3.4432    28.9825  0.000e+00
      2.004   0.684005   998.5352 1.3431e-01    14.6480     1.3036     5.3056     70.284 4.6669e+03     3.4427    28.9823  0.000e+00
      2.037   0.683917   998.5350 1.3309e-01    14.6480     1.3036     5.3125     70.375 4.4994e+03     3.4422    28.9823  0.000e+00
      2.004   0.683839   998.5346 1.3309e-01    14.5833     1.3036     5.3101     70.344 3.4158e+03     3.4418    28.9823  0.000e+00
      2.037   0.683762   998.5344 1.3187e-01    14.5833     1.3036     5.3121     70.369 2.9762e+03     3.4413    28.9823  0.000e+00
      2.061   0.683677   998.5342 1.3187e-01    14.6480     1.3036     5.3137     70.390 2.8937e+03     3.4409    28.9823  0.000e+00
      2.037   0.683585   998.5337 1.3187e-01    14.7774     1.3036     5.3151     70.408 1.6584e+03     3.4404    28.9823  0.000e+00
      2.061   0.683519   998.5336 1.3065e-01    15.1010     1.3036     5.3161     70.422 1.1769e+03     3.4400    28.9821  0.000e+00
      2.061   0.683445   998.5333 1.3187e-01    15.2951     1.3036     5.3170     70.434 1.1220e+03     3.4397    28.9821  0.000e+00
      2.160   0.683386   998.5335 1.3309e-01    15.2951     1.3036     5.3177     70.442 6.7829e+02     3.4393    28.9821  0.000e+00
      2.061   0.683349   998.5330 1.3309e-01    15.2304     1.3036     5.3180     70.446 4.4741e+02     3.4391    28.9820  0.000e+00
      2.160   0.683319   998.5334 1.3309e-01    15.2304     1.2426     5.3182     70.448 4.1587e+02     3.4390    28.9818  0.000e+00
      2.127   0.683305   998.5332 1.3431e-01    15.2304     1.2120     5.3177     70.441 2.6972e+02     3.4389    28.9818  0.000e+00
      2.218   0.683330   998.5337 1.3309e-01    15.2304     1.2120     5.3171     70.434 1.6866e+02     3.4391    28.9818  0.000e+00
      2.185   0.683371   998.5338 1.3431e-01    15.2304     1.2120     5.3205     70.479 1.5199e+02     3.4393    28.9814  0.000e+00
      2.160   0.683437   998.5340 1.3431e-01    15.2951     1.2120     5.3238     70.523 1.2069e+02     3.4397    28.9812  0.000e+00
      2.251   0.683522   998.5348 1.3431e-01    15.2304     1.2120     5.3273     70.568 8.5406e+01     3.4401    28.9810  0.000e+00
      2.309   0.683633   998.5355 1.3431e-01    15.2951     1.2120     5.3303     70.608 7.7619e+01     3.4407    28.9812  0.000e+00
      2.276   0.683751   998.5359 1.3431e-01    15.2304     1.2120     5.3377     70.706 6.7249e+01     3.4414    28.9810  0.000e+00
      2.251   0.683839   998.5361 1.3431e-01    13.9362     1.2120     5.3451     70.805 5.0197e+01     3.4418    28.9812  0.000e+00
      2.400   0.683906   998.5371 1.3431e-01    13.0302     1.2120     5.3525     70.903 4.5877e+01     3.4422    28.9808  0.000e+00
      2.309   0.683965   998.5368 1.3431e-01    12.8360     1.2120     5.3596     70.998 4.2523e+01     3.4425    28.9812  0.000e+00
      2.342   0.683972   998.5371 1.3431e-01    12.9007     1.2120     5.3671     71.097 3.4051e+01     3.4426    28.9810  0.000e+00
      2.367   0.684009   998.5372 1.3431e-01    12.9655     1.2120     5.3745     71.195 3.1384e+01     3.4427    28.9814  0.000e+00
      2.457   0.684035   998.5377 1.3431e-01    12.9655     1.2120     5.3772     71.231 3.0258e+01     3.4429    28.9814  0.000e+00
      2.367   0.684072   998.5373 1.3431e-01    12.9655     1.2120     5.3846     71.329 2.6288e+01     3.4430    28.9818  0.000e+00
      2.490   0.684083   998.5378 1.3553e-01    12.9655     1.2120     5.3920     71.429 2.4711e+01     3.4431    28.9820  0.000e+00
      2.400   0.684101   998.5375 1.3431e-01    12.9655     1.2120     5.3998     71.531 2.4503e+01     3.4432    28.9820  0.000e+00
      2.490   0.684098   998.5378 1.3431e-01    12.9655     1.2120     5.4031     71.575 2.3033e+01     3.4432    28.9821  0.000e+00
      2.457   0.684105   998.5377 1.3431e-01    12.9655     1.2120     5.4065     71.620 2.2331e+01     3.4432    28.9823  0.000e+00
      2.490   0.684090   998.5377 1.3431e-01    12.9655     1.2120     5.4100     71.668 2.2206e+01     3.4431    28.9825  0.000e+00
      2.523   0.684094   998.5378 1.3553e-01    13.9362     1.2120     5.4140     71.720 2.2520e+01     3.4431    28.9827  0.000e+00
      2.432   0.684098   998.5374 1.3675e-01    16.4600     1.2120     5.4179     71.771 2.2711e+01     3.4431    28.9827  0.000e+00
      2.523   0.684090   998.5377 1.3797e-01    17.1718     1.2120     5.4176     71.768 2.2775e+01     3.4431    28.9829  0.000e+00
      2.490   0.684075   998.5374 1.3919e-01    17.1718     1.2120     5.4219     71.825 2.4093e+01     3.4430    28.9832  0.000e+00
      2.457   0.684050   998.5370 1.3919e-01    17.1071     1.2120     5.4217     71.823 2.5131e+01     3.4428    28.9834  0.000e+00
      2.490   0.684031   998.5371 1.3797e-01    17.0424     1.2120     5.4219     71.826 2.5344e+01     3.4427    28.9836  0.000e+00
      2.432   0.683983   998.5366 1.3675e-01    17.1718     1.2120     5.4172     71.763 2.7267e+01     3.4424    28.9836  0.000e+00
      2.523   0.683924   998.5366 1.3553e-01    17.0424     1.2120     5.4170     71.762 2.9336e+01     3.4421    28.9841  0.000e+00
      2.432   0.683839   998.5358 1.3431e-01    17.0424     1.2120     5.4169     71.759 2.9668e+01     3.4416    28.9841  0.000e+00
      2.457   0.683766   998.5357 1.3431e-01    17.0424     1.2120     5.4120     71.695 3.1561e+01     3.4412    28.9841  0.000e+00
      2.432   0.683710   998.5352 1.3431e-01    17.0424     1.2120     5.4116     71.690 3.4243e+01     3.4409    28.9845  0.000e+00
      2.399   0.683655   998.5347 1.3431e-01    17.0424     1.2120     5.4114     71.687 3.4826e+01     3.4406    28.9847  0.000e+00
      2.490   0.683618   998.5349 1.3553e-01    16.7188     1.2120     5.4019     71.562 3.6327e+01     3.4404    28.9849  0.000e+00
      2.399   0.683563   998.5344 1.3553e-01    13.6126     1.2120     5.3967     71.493 3.9303e+01     3.4401    28.9847  0.000e+00
