WS23139_STN15_13CTD.cnv
* Sea-Bird SBE 9 Data File:
* FileName = C:\ctd\Cruise_Data\WS23139_Rosenheim\WS23139_Rosenheim_STN15.hex
* Software Version Seasave V 7.26.7.121
* Temperature SN = 4097 MTG 177
* Conductivity SN = 1851 MTG 053
* Number of Bytes Per Scan = 40
* Number of Voltage Words = 5
* Number of Scans Averaged by the Deck Unit = 1
* NMEA Latitude = 05 38.90 N
* NMEA Longitude = 053 20.40 W
* NMEA UTC (Time) = Jun 15 2023 15:49:49
** Ship:
** Station:
** Operator:
# nquan = 12
# nvalues = 8782                                  
# units = specified
# name 0 = depSM: Depth [salt water, m]
# name 1 = c0S/m: Conductivity [S/m]
# name 2 = density00: Density [density, kg/m^3]
# name 3 = flSP: Fluorescence, Seapoint
# name 4 = wetCDOM: Fluorescence, WET Labs CDOM [mg/m^3]
# name 5 = flECO-AFL: Fluorescence, WET Labs ECO-AFL/FL [mg/m^3]
# name 6 = sbeox0Mg/L: Oxygen, SBE 43 [mg/l]
# name 7 = sbeox0PS: Oxygen, SBE 43 [% saturation]
# name 8 = par: PAR/Irradiance, Biospherical/Licor [Watts/m^2]
# name 9 = sal00: Salinity, Practical [PSU]
# name 10 = t090C: Temperature [ITS-90, deg C]
# name 11 = flag:  0.000e+00
# span 0 =      2.297,      7.550                 
# span 1 =   3.801835,   5.692962                 
# span 2 =  1013.5737,  1023.3863                 
# span 3 = 1.2210e-03, 2.6129e-01                 
# span 4 =    -0.6890,   264.3110                 
# span 5 =    -0.1005,     6.4318                 
# span 6 =    -0.2051,     7.0741                 
# span 7 =     -3.166,    109.335                 
# span 8 = 9.8755e-02, 4.7063e+02                 
# span 9 =    22.9223,    35.9932                 
# span 10 =    27.3234,    28.3517                
# span 11 = 0.0000e+00, 0.0000e+00                
# interval = seconds: 0.0416667
# start_time = Jun 15 2023 15:49:49 [NMEA time, header]
# bad_flag = -9.990e-29
*END*
[from data line 722]
      2.908   5.464901  1021.4508 1.9048e-01   259.3281     5.1498     6.6692    103.097 3.2839e+02    33.7907    28.1450  0.000e+00
      2.883   5.464981  1021.4509 1.8803e-01   259.5869     5.1498     6.6732    103.159 3.2563e+02    33.7910    28.1453  0.000e+00
      2.908   5.464075  1021.4397 1.8559e-01   259.7811     5.1498     6.6732    103.164 3.2472e+02    33.7793    28.1529  0.000e+00
      2.883   5.461660  1021.4151 1.8559e-01   259.8458     5.1498     6.6767    103.227 3.1839e+02    33.7527    28.1667  0.000e+00
      2.850   5.459225  1021.3968 1.8681e-01   259.8458     5.1498     6.6731    103.169 3.1483e+02    33.7313    28.1729  0.000e+00
      2.908   5.457167  1021.3820 1.8803e-01   259.8458     5.1498     6.6814    103.297 3.1483e+02    33.7134    28.1780  0.000e+00
      2.941   5.454486  1021.3601 1.9048e-01   259.7811     5.1192     6.6781    103.245 3.0956e+02    33.6881    28.1873  0.000e+00
      2.974   5.452342  1021.3450 1.9292e-01   259.7811     5.1498     6.6789    103.255 3.0696e+02    33.6699    28.1919  0.000e+00
      2.941   5.450785  1021.3303 1.9170e-01   259.7811     5.1192     6.6829    103.320 3.0696e+02    33.6538    28.1994  0.000e+00
      2.974   5.449264  1021.3166 1.9048e-01   259.8458     5.1498     6.6833    103.330 3.0438e+02    33.6383    28.2062  0.000e+00
      2.941   5.447917  1021.3052 1.8803e-01   259.8458     5.1498     6.6838    103.338 3.0098e+02    33.6255    28.2112  0.000e+00
      2.974   5.446975  1021.2978 1.8437e-01   259.8458     5.1498     6.6846    103.351 3.0014e+02    33.6167    28.2143  0.000e+00
      2.999   5.446614  1021.2978 1.8071e-01   259.8458     5.1498     6.6896    103.424 2.9929e+02    33.6157    28.2122  0.000e+00
      2.974   5.446925  1021.3012 1.8193e-01   259.8458     5.1192     6.6869    103.380 2.9761e+02    33.6194    28.2100  0.000e+00
      2.999   5.447446  1021.3050 1.8437e-01   259.8458     5.1498     6.6916    103.454 2.9678e+02    33.6239    28.2088  0.000e+00
      3.032   5.448257  1021.3126 1.8803e-01   259.8458     5.1498     6.6928    103.472 2.9595e+02    33.6321    28.2051  0.000e+00
      2.974   5.449380  1021.3206 1.9048e-01   259.8458     5.1498     6.6978    103.550 2.9511e+02    33.6419    28.2024  0.000e+00
      2.999   5.450401  1021.3295 1.9048e-01   259.8458     5.1498     6.6990    103.567 2.9429e+02    33.6519    28.1983  0.000e+00
      3.032   5.451227  1021.3373 1.8559e-01   259.8458     5.1498     6.7044    103.649 2.9429e+02    33.6603    28.1945  0.000e+00
      2.999   5.452016  1021.3447 1.8193e-01   259.7811     5.1192     6.7059    103.670 2.9346e+02    33.6687    28.1904  0.000e+00
      3.032   5.453197  1021.3550 1.7949e-01   259.7811     5.1498     6.7114    103.754 2.9429e+02    33.6802    28.1858  0.000e+00
      2.999   5.454066  1021.3622 1.7949e-01   259.8458     5.1498     6.7170    103.840 2.9429e+02    33.6886    28.1825  0.000e+00
      3.032   5.454312  1021.3638 1.7827e-01   259.9105     5.1498     6.7148    103.806 2.9346e+02    33.6904    28.1823  0.000e+00
      2.999   5.454312  1021.3602 1.7705e-01   259.8458     5.1192     6.7197    103.887 2.9346e+02    33.6875    28.1864  0.000e+00
      3.032   5.454124  1021.3592 1.7827e-01   259.8458     4.9361     6.7250    103.968 2.9346e+02    33.6861    28.1866  0.000e+00
      2.999   5.454167  1021.3575 1.8315e-01   259.8458     4.8445     6.7261    103.989 2.9429e+02    33.6850    28.1886  0.000e+00
      3.032   5.454305  1021.3592 1.8681e-01   259.8458     4.8445     6.7315    104.071 2.9511e+02    33.6866    28.1877  0.000e+00
      3.032   5.454167  1021.3602 1.8803e-01   259.8458     4.8445     6.7289    104.029 2.9429e+02    33.6870    28.1857  0.000e+00
      3.065   5.453885  1021.3584 1.8559e-01   259.8458     4.8445     6.7339    104.105 2.9511e+02    33.6847    28.1862  0.000e+00
      3.032   5.453327  1021.3544 1.8681e-01   259.8458     4.8750     6.7390    104.183 2.9595e+02    33.6800    28.1873  0.000e+00
      2.999   5.452842  1021.3509 1.9170e-01   259.8458     4.8750     6.7360    104.136 2.9511e+02    33.6760    28.1882  0.000e+00
      3.032   5.452682  1021.3507 1.9292e-01   257.7750     4.8140     6.7410    104.212 2.9595e+02    33.6753    28.1877  0.000e+00
      3.065   5.453479  1021.3577 2.1856e-01   106.9935     4.7529     6.7417    104.222 2.9595e+02    33.6830    28.1845  0.000e+00
      3.032   5.454863  1021.3685 2.1245e-01     9.8592     4.7529     6.7422    104.230 2.9511e+02    33.6957    28.1803  0.000e+00
      3.065   5.456689  1021.3844 2.1368e-01    -0.6890     4.7835     6.7467    104.298 2.9595e+02    33.7135    28.1730  0.000e+00
      3.032   5.458580  1021.3985 2.1978e-01    -0.6890     4.7835     6.7511    104.366 2.9595e+02    33.7303    28.1680  0.000e+00
      2.999   5.459660  1021.4059 2.2344e-01     2.8055     4.7529     6.7515    104.374 2.9511e+02    33.7394    28.1658  0.000e+00
      3.098   5.459167  1021.4040 2.2222e-01     4.0351     4.7835     6.7482    104.321 2.9511e+02    33.7362    28.1654  0.000e+00
      3.032   5.459827  1021.4068 2.2222e-01     4.0351     4.7835     6.7521    104.383 2.9595e+02    33.7405    28.1659  0.000e+00
      3.065   5.460102  1021.4080 2.2589e-01     3.9056     4.7835     6.7520    104.384 2.9429e+02    33.7421    28.1663  0.000e+00
      3.032   5.459964  1021.4065 2.2833e-01     3.8409     4.7835     6.7518    104.381 2.9429e+02    33.7406    28.1671  0.000e+00
      3.122   5.460276  1021.4107 2.2711e-01     3.8409     4.7835     6.7517    104.378 2.9346e+02    33.7446    28.1645  0.000e+00
      3.032   5.461305  1021.4194 2.2466e-01     3.8409     4.7835     6.7555    104.436 2.9346e+02    33.7548    28.1602  0.000e+00
      3.065   5.462284  1021.4266 2.2466e-01     3.8409     4.7835     6.7593    104.496 2.9346e+02    33.7632    28.1580  0.000e+00
      3.098   5.462879  1021.4310 2.2711e-01     8.6297     4.7835     6.7634    104.560 2.9181e+02    33.7683    28.1566  0.000e+00
      3.065   5.463125  1021.4314 2.2833e-01    16.2011     4.7529     6.7595    104.500 2.9100e+02    33.7694    28.1575  0.000e+00
      3.098   5.462240  1021.4199 2.2589e-01    18.5308     4.7529     6.7591    104.502 2.9100e+02    33.7574    28.1656  0.000e+00
      3.065   5.459943  1021.4005 2.1978e-01    18.4014     4.7529     6.7627    104.559 2.9018e+02    33.7354    28.1740  0.000e+00
      3.098   5.457841  1021.3863 2.1612e-01    18.0778     4.7529     6.7667    104.617 2.8936e+02    33.7180    28.1780  0.000e+00
      3.098   5.456508  1021.3755 2.1612e-01    18.0131     4.7529     6.7707    104.679 2.8855e+02    33.7056    28.1823  0.000e+00
      3.065   5.455283  1021.3646 2.1734e-01    17.9484     4.9971     6.7709    104.683 2.8693e+02    33.6935    28.1875  0.000e+00
      3.155   5.454124  1021.3562 2.1734e-01    17.9484     5.1803     6.7711    104.687 2.8693e+02    33.6832    28.1906  0.000e+00
      3.065   5.453110  1021.3482 2.1612e-01    17.9484     5.2108     6.7753    104.751 2.8532e+02    33.6742    28.1934  0.000e+00
      3.098   5.451951  1021.3394 2.1612e-01    17.9484     5.1803     6.7714    104.691 2.8213e+02    33.6638    28.1967  0.000e+00
      3.122   5.451147  1021.3333 2.1856e-01    17.9484     5.1803     6.7796    104.816 2.8213e+02    33.6565    28.1991  0.000e+00
      3.098   5.451002  1021.3324 2.2222e-01    18.0131     5.1803     6.7798    104.819 2.8213e+02    33.6555    28.1991  0.000e+00
      3.122   5.451386  1021.3355 2.1978e-01    16.3952     5.1803     6.7799    104.820 2.8055e+02    33.6589    28.1980  0.000e+00
      3.098   5.451973  1021.3390 2.1490e-01     6.2353     5.2108     6.7838    104.883 2.7898e+02    33.6635    28.1972  0.000e+00
      3.122   5.452610  1021.3426 2.1123e-01     1.4465     5.2108     6.7839    104.886 2.7741e+02    33.6681    28.1971  0.000e+00
      3.097   5.453001  1021.3451 2.1001e-01     0.9288     5.2108     6.7838    104.886 2.7508e+02    33.6712    28.1965  0.000e+00
      3.097   5.453276  1021.3479 2.1123e-01     1.3818     5.2108     6.7837    104.884 2.7201e+02    33.6743    28.1948  0.000e+00
      3.122   5.453523  1021.3512 2.1245e-01     1.6407     5.2108     6.7838    104.883 2.7201e+02    33.6776    28.1926  0.000e+00
      3.155   5.453841  1021.3539 2.1612e-01     1.6407     5.2108     6.7874    104.939 2.7048e+02    33.6805    28.1915  0.000e+00
      3.122   5.454233  1021.3560 2.1978e-01     1.6407     5.2108     6.7832    104.875 2.6821e+02    33.6834    28.1914  0.000e+00
      3.155   5.454638  1021.3586 2.2100e-01     1.6407     5.2108     6.7866    104.929 2.6671e+02    33.6865    28.1910  0.000e+00
      3.122   5.454805  1021.3596 2.1978e-01     1.7054     5.2108     6.7863    104.925 2.6372e+02    33.6879    28.1906  0.000e+00
      3.155   5.454638  1021.3592 2.1612e-01     1.6407     5.2108     6.7900    104.980 2.6077e+02    33.6870    28.1902  0.000e+00
      3.188   5.454327  1021.3591 2.1734e-01     1.5760     5.2108     6.7901    104.979 2.6004e+02    33.6860    28.1886  0.000e+00
      3.155   5.454081  1021.3579 2.1856e-01     1.5760     5.2108     6.7899    104.974 2.5858e+02    33.6844    28.1884  0.000e+00
      3.188   5.453892  1021.3572 2.1978e-01     7.0766     5.2108     6.7898    104.971 2.5497e+02    33.6833    28.1882  0.000e+00
      3.155   5.453842  1021.3570 2.1856e-01    11.9300     5.1803     6.7896    104.969 2.5354e+02    33.6830    28.1880  0.000e+00
      3.155   5.453979  1021.3577 2.1368e-01    13.2243     5.1803     6.7892    104.962 2.5212e+02    33.6840    28.1880  0.000e+00
      3.188   5.454189  1021.3586 2.0879e-01    12.9655     5.1803     6.7887    104.956 2.4721e+02    33.6852    28.1884  0.000e+00
      3.155   5.454349  1021.3590 2.0635e-01    12.7713     5.2108     6.7923    105.013 2.4582e+02    33.6860    28.1888  0.000e+00
      3.188   5.454414  1021.3607 2.0757e-01    12.7713     5.2108     6.7922    105.009 2.4444e+02    33.6875    28.1873  0.000e+00
      3.213   5.454559  1021.3628 2.1368e-01    12.7713     5.2108     6.7961    105.069 2.3968e+02    33.6896    28.1858  0.000e+00
      3.122   5.454544  1021.3629 2.2222e-01    12.7713     4.7224     6.7879    104.940 2.3700e+02    33.6899    28.1853  0.000e+00
      3.213   5.454414  1021.3626 2.2466e-01    12.9007     4.2645     6.7914    104.994 2.3633e+02    33.6890    28.1853  0.000e+00
      3.122   5.454283  1021.3607 2.2344e-01    12.7713     4.1730     6.7909    104.988 2.3238e+02    33.6874    28.1862  0.000e+00
      3.213   5.454218  1021.3598 2.2222e-01    12.7713     4.2035     6.7903    104.980 2.3043e+02    33.6862    28.1873  0.000e+00
      3.122   5.454472  1021.3611 2.2100e-01    12.7713     4.2340     6.7937    105.032 2.2978e+02    33.6882    28.1869  0.000e+00
      3.213   5.455240  1021.3662 2.2222e-01    12.3830     4.2340     6.7932    105.027 2.2530e+02    33.6942    28.1860  0.000e+00
      3.155   5.456138  1021.3719 2.2466e-01    11.4771     4.2340     6.7925    105.018 2.2216e+02    33.7015    28.1845  0.000e+00
      3.122   5.457363  1021.3831 2.2833e-01    11.0241     4.2340     6.7922    105.010 2.2216e+02    33.7141    28.1788  0.000e+00
      3.155   5.458914  1021.3959 2.2833e-01    11.0241     4.2340     6.7879    104.944 2.1844e+02    33.7286    28.1736  0.000e+00
      3.122   5.460073  1021.4055 2.2466e-01    11.0888     4.2340     6.7913    104.995 2.1661e+02    33.7397    28.1693  0.000e+00
      3.155   5.460349  1021.4090 2.1856e-01    11.0888     4.2340     6.7907    104.984 2.1539e+02    33.7432    28.1671  0.000e+00
      3.122   5.459921  1021.4065 2.1245e-01    11.0888     4.2340     6.7901    104.973 2.1179e+02    33.7401    28.1672  0.000e+00
      3.097   5.459312  1021.4025 2.0757e-01    11.0888     4.2340     6.7934    105.023 2.0942e+02    33.7353    28.1681  0.000e+00
      3.122   5.458675  1021.3987 2.0757e-01    11.0888     4.2035     6.7929    105.013 2.0883e+02    33.7304    28.1687  0.000e+00
      3.097   5.458319  1021.3974 2.0757e-01    11.0888     4.2340     6.7922    105.001 2.0708e+02    33.7285    28.1680  0.000e+00
      3.122   5.458421  1021.3993 2.0757e-01    11.0888     4.2035     6.7877    104.929 2.0419e+02    33.7302    28.1665  0.000e+00
      3.031   5.458703  1021.4007 2.1001e-01    11.0888     4.2340     6.7908    104.978 2.0476e+02    33.7325    28.1661  0.000e+00
      3.097   5.458653  1021.4009 2.1612e-01    11.0888     4.2340     6.7905    104.972 2.0304e+02    33.7323    28.1659  0.000e+00
      3.064   5.458631  1021.4017 2.1978e-01    11.6065     4.2035     6.7898    104.961 2.0134e+02    33.7330    28.1647  0.000e+00
      3.031   5.458885  1021.4037 2.2222e-01    11.9300     4.2035     6.7930    105.009 2.0077e+02    33.7355    28.1637  0.000e+00
      2.998   5.458732  1021.4018 2.2100e-01    11.9948     4.2340     6.7924    105.001 2.0077e+02    33.7336    28.1648  0.000e+00
      2.974   5.457232  1021.3892 2.1978e-01    11.9948     4.2340     6.7879    104.933 1.9965e+02    33.7193    28.1703  0.000e+00
      2.998   5.454204  1021.3631 2.1856e-01    11.9948     4.2340     6.7912    104.987 1.9965e+02    33.6897    28.1823  0.000e+00
      2.973   5.450089  1021.3286 2.1856e-01    11.9300     4.2035     6.7867    104.920 1.9909e+02    33.6504    28.1974  0.000e+00
      2.998   5.446092  1021.2972 2.1734e-01    11.9300     4.2340     6.7861    104.910 2.0021e+02    33.6139    28.2097  0.000e+00
      2.908   5.441792  1021.2582 2.1734e-01    11.9948     4.2340     6.7851    104.902 2.0134e+02    33.5707    28.2285  0.000e+00
      2.940   5.436915  1021.2192 2.2100e-01    11.9300     4.2645     6.7843    104.891 2.0134e+02    33.5255    28.2446  0.000e+00
      2.907   5.432633  1021.1858 2.2466e-01    11.9300     4.3561     6.7879    104.946 2.0419e+02    33.4868    28.2573  0.000e+00
      2.850   5.429581  1021.1616 2.2955e-01    11.9948     4.3866     6.7836    104.879 2.0592e+02    33.4589    28.2668  0.000e+00
      2.883   5.427622  1021.1452 2.3077e-01    11.9300     4.3561     6.7830    104.872 2.0592e+02    33.4402    28.2741  0.000e+00
      2.850   5.425713  1021.1295 2.3199e-01   105.3110     4.3561     6.7866    104.928 2.1120e+02    33.4223    28.2807  0.000e+00
      2.817   5.423516  1021.1114 2.0635e-01   235.6431     4.3256     6.7823    104.863 2.1479e+02    33.4017    28.2883  0.000e+00
      2.850   5.421543  1021.0961 1.9658e-01   264.3110     4.5087     6.7819    104.857 2.1479e+02    33.3838    28.2943  0.000e+00
      2.759   5.420141  1021.0859 1.9536e-01   264.3110     4.5087     6.7815    104.848 2.2216e+02    33.3720    28.2973  0.000e+00
      2.850   5.419722  1021.0848 1.9780e-01   264.3110     4.4782     6.7772    104.780 2.2721e+02    33.3696    28.2966  0.000e+00
      2.759   5.420156  1021.0881 2.0147e-01   259.7164     4.4782     6.7807    104.832 2.2849e+02    33.3738    28.2949  0.000e+00
      2.726   5.420423  1021.0901 2.0391e-01   259.5222     4.4782     6.7801    104.823 2.3700e+02    33.3763    28.2940  0.000e+00
      2.726   5.420683  1021.0945 2.0024e-01   259.8458     4.4477     6.7799    104.817 2.4513e+02    33.3806    28.2905  0.000e+00
      2.701   5.421500  1021.1027 1.9658e-01   260.0399     4.4782     6.7836    104.871 2.4721e+02    33.3896    28.2857  0.000e+00
      2.726   5.422613  1021.1122 1.9414e-01   259.9752     4.4782     6.7756    104.747 2.5569e+02    33.4003    28.2815  0.000e+00
      2.701   5.423509  1021.1193 1.9536e-01   260.0399     4.4782     6.7751    104.739 2.6746e+02    33.4086    28.2785  0.000e+00
      2.602   5.423877  1021.1222 1.9902e-01   259.9105     4.4782     6.7746    104.730 2.7124e+02    33.4124    28.2768  0.000e+00
      2.701   5.423733  1021.1211 2.0269e-01   259.7811     4.4477     6.7741    104.724 2.7898e+02    33.4107    28.2778  0.000e+00
      2.545   5.423227  1021.1168 2.0513e-01   259.7811     4.4782     6.7775    104.775 2.9346e+02    33.4064    28.2789  0.000e+00
