WS23061_Kelble_Stn.009.5.cnv
* Sea-Bird SBE 9 Data File:
* FileName = C:\ctd\Cruise_Data\WS23061_Kelble\WS23061_Kelble_Stn.009.5.hex
* Software Version Seasave V 7.26.7.121
* Temperature SN = 4097 MTG 177
* Conductivity SN = 1851 MTG 053
* Number of Bytes Per Scan = 40
* Number of Voltage Words = 5
* Number of Scans Averaged by the Deck Unit = 1
* NMEA Latitude = 24 42.91 N
* NMEA Longitude = 080 41.09 W
* NMEA UTC (Time) = Jul 17 2003  23:14:00
** Ship:
** Station:
** Operator:
# nquan = 12
# nvalues = 13312                                 
# units = specified
# name 0 = depSM: Depth [salt water, m]
# name 1 = c0S/m: Conductivity [S/m]
# name 2 = density00: Density [density, kg/m^3]
# name 3 = flSP: Fluorescence, Seapoint
# name 4 = wetCDOM: Fluorescence, WET Labs CDOM [mg/m^3]
# name 5 = flECO-AFL: Fluorescence, WET Labs ECO-AFL/FL [mg/m^3]
# name 6 = sbeox0Mg/L: Oxygen, SBE 43 [mg/l]
# name 7 = sbeox0PS: Oxygen, SBE 43 [% saturation]
# name 8 = par: PAR/Irradiance, Biospherical/Licor [Watts/m^2]
# name 9 = sal00: Salinity, Practical [PSU]
# name 10 = t090C: Temperature [ITS-90, deg C]
# name 11 = flag:  0.000e+00
# span 0 =      2.618,    131.175                 
# span 1 =   4.341432,   5.513924                 
# span 2 =  1023.9234,  1027.3577                 
# span 3 = 1.0745e-01, 1.5018e-01                 
# span 4 =    -0.6890,   264.3110                 
# span 5 =    -0.2226,     0.6626                 
# span 6 =     4.1490,     6.5744                 
# span 7 =     50.835,     97.611                 
# span 8 = 9.8755e-02, 5.8265e+01                 
# span 9 =    35.8862,    36.6914                 
# span 10 =    14.4748,    25.4646                
# span 11 = 0.0000e+00, 0.0000e+00                
# interval = seconds: 0.0416667
# start_time = Jul 17 2003 23:14:00 [NMEA time, header]
# bad_flag = -9.990e-29
*END*
[from data line 5655]
     97.430   4.524229  1027.0729 1.2698e-01   207.3635    -0.0395     4.4473     56.149 1.0877e-01    36.1592    15.9978  0.000e+00
     97.340   4.523914  1027.0721 1.3675e-01    55.9996     0.0216     4.4474     56.148 1.1047e-01    36.1581    15.9960  0.000e+00
     97.463   4.522749  1027.0797 1.3675e-01     1.4465     0.0216     4.4432     56.078 1.1185e-01    36.1624    15.9798  0.000e+00
     97.430   4.520948  1027.0812 1.3675e-01     0.2817     0.0216     4.4397     56.018 1.1185e-01    36.1600    15.9647  0.000e+00
     97.463   4.519489  1027.0793 1.3675e-01     5.8470     0.0216     4.4401     56.011 1.0844e-01    36.1547    15.9561  0.000e+00
     97.463   4.518425  1027.0788 1.3553e-01     7.9826     0.0216     4.4407     56.009 1.0610e-01    36.1519    15.9488  0.000e+00
     97.529   4.517742  1027.0798 1.3675e-01     8.1120     0.0216     4.4359     55.943 1.0577e-01    36.1511    15.9430  0.000e+00
     97.546   4.516819  1027.0797 1.3553e-01     7.5943     0.0216     4.4316     55.881 1.0577e-01    36.1488    15.9363  0.000e+00
     97.529   4.514885  1027.0836 1.3553e-01     7.7237     0.0216     4.4377     55.937 1.0610e-01    36.1484    15.9178  0.000e+00
     97.587   4.512637  1027.0826 1.3675e-01     7.7237     0.0216     4.4342     55.874 1.0610e-01    36.1422    15.9025  0.000e+00
     97.546   4.510744  1027.0828 1.3675e-01     7.7237     0.0216     4.4253     55.745 1.0844e-01    36.1384    15.8881  0.000e+00
     97.645   4.508738  1027.0868 1.3553e-01     7.7237     0.0216     4.4262     55.735 1.1116e-01    36.1373    15.8695  0.000e+00
     97.645   4.506872  1027.0904 1.3553e-01    11.9300     0.0216     4.4273     55.730 1.1150e-01    36.1368    15.8517  0.000e+00
     97.645   4.505395  1027.0930 1.3553e-01   161.6761     0.0216     4.4286     55.731 1.0710e-01    36.1360    15.8380  0.000e+00
     97.670   4.503924  1027.0947 1.1111e-01   256.4807    -0.1311     4.4246     55.666 9.9999e-02    36.1343    15.8255  0.000e+00
     97.711   4.502313  1027.0952 1.1111e-01   264.3110    -0.1311     4.4257     55.666 9.8755e-02    36.1310    15.8132  0.000e+00
     97.711   4.500970  1027.0957 1.1111e-01   264.3110    -0.1311     4.4271     55.671 1.0126e-01    36.1285    15.8027  0.000e+00
     97.793   4.499781  1027.0946 1.1111e-01   262.3696    -0.1311     4.4179     55.546 1.0677e-01    36.1244    15.7955  0.000e+00
     97.768   4.498398  1027.0957 1.1233e-01   259.5222    -0.1311     4.4240     55.610 1.0810e-01    36.1225    15.7839  0.000e+00
     97.768   4.496801  1027.0988 1.1233e-01   259.7164    -0.1311     4.4205     55.549 1.0911e-01    36.1220    15.7687  0.000e+00
     97.851   4.495218  1027.0999 1.1111e-01   260.0399    -0.1311     4.4169     55.489 1.1047e-01    36.1192    15.7561  0.000e+00
     97.892   4.493328  1027.0986 1.1111e-01   260.1694    -0.1311     4.4180     55.487 1.1116e-01    36.1136    15.7437  0.000e+00
     97.834   4.491485  1027.1008 1.1111e-01   260.1047    -0.1311     4.4140     55.419 1.1082e-01    36.1119    15.7274  0.000e+00
     97.950   4.489923  1027.1048 1.1111e-01   260.1047    -0.1311     4.4157     55.423 1.1082e-01    36.1119    15.7120  0.000e+00
     97.851   4.488348  1027.1066 1.0989e-01   260.1047    -0.1311     4.4171     55.425 1.1116e-01    36.1105    15.6980  0.000e+00
     97.950   4.486693  1027.1100 1.3431e-01   172.3537    -0.0090     4.4187     55.428 1.1082e-01    36.1098    15.6824  0.000e+00
     98.016   4.485098  1027.1111 1.3553e-01    37.6211     0.0216     4.4153     55.372 1.0911e-01    36.1071    15.6697  0.000e+00
     97.975   4.483210  1027.1116 1.3431e-01    -0.0419     0.0216     4.4172     55.378 1.0810e-01    36.1035    15.6550  0.000e+00
     98.074   4.481609  1027.1142 1.3431e-01     2.4172     0.0216     4.4088     55.256 1.0777e-01    36.1021    15.6407  0.000e+00
     98.016   4.480041  1027.1138 1.3553e-01     7.5296     0.0216     4.4151     55.322 1.0577e-01    36.0985    15.6292  0.000e+00
     98.098   4.478101  1027.1172 1.3553e-01     8.9532    -0.0090     4.4177     55.335 1.0447e-01    36.0972    15.6115  0.000e+00
     98.140   4.476220  1027.1199 1.3553e-01     8.8885    -0.0090     4.4149     55.282 1.0414e-01    36.0955    15.5948  0.000e+00
     98.140   4.474334  1027.1221 1.3553e-01     8.7591    -0.0090     4.4173     55.293 1.0577e-01    36.0934    15.5784  0.000e+00
     98.197   4.472434  1027.1256 1.3553e-01     8.6297    -0.0090     4.4151     55.245 1.0710e-01    36.0924    15.5608  0.000e+00
     98.222   4.470435  1027.1271 1.3675e-01     8.6297    -0.0090     4.4170     55.250 1.0710e-01    36.0893    15.5444  0.000e+00
     98.197   4.468236  1027.1297 1.3675e-01     8.6297    -0.0090     4.4191     55.255 1.0545e-01    36.0872    15.5250  0.000e+00
     98.321   4.465851  1027.1332 1.3675e-01     8.6297    -0.0090     4.4114     55.135 1.0317e-01    36.0848    15.5040  0.000e+00
     98.280   4.463534  1027.1351 1.3553e-01     8.0473    -0.0090     4.4129     55.133 1.0317e-01    36.0817    15.4845  0.000e+00
     98.321   4.461709  1027.1372 1.3553e-01     4.8116    -0.0090     4.4151     55.141 1.0126e-01    36.0796    15.4688  0.000e+00
     98.379   4.460344  1027.1396 1.3553e-01     3.3879    -0.0090     4.4112     55.080 9.9375e-02    36.0787    15.4563  0.000e+00
     98.403   4.458946  1027.1402 1.3431e-01     3.2585    -0.0090     4.4129     55.088 9.9065e-02    36.0760    15.4454  0.000e+00
     98.445   4.457016  1027.1417 1.3431e-01     3.3879    -0.0090     4.4098     55.030 1.0063e-01    36.0731    15.4296  0.000e+00
     98.502   4.454847  1027.1443 1.3553e-01     3.4526    -0.0090     4.4116     55.032 1.0414e-01    36.0706    15.4108  0.000e+00
     98.461   4.452704  1027.1460 1.3553e-01     3.4526    -0.0090     4.4137     55.038 1.0545e-01    36.0678    15.3927  0.000e+00
     98.560   4.450549  1027.1511 1.3553e-01     3.4526    -0.0090     4.4109     54.979 1.0479e-01    36.0675    15.3716  0.000e+00
     98.626   4.447510  1027.1549 1.3553e-01     3.4526    -0.0090     4.4080     54.914 1.0285e-01    36.0643    15.3450  0.000e+00
     98.560   4.444146  1027.1583 1.3431e-01     3.4526    -0.0090     4.4105     54.912 1.0253e-01    36.0605    15.3160  0.000e+00
     98.651   4.441268  1027.1597 1.3431e-01     3.4526    -0.0090     4.4130     54.917 1.0253e-01    36.0552    15.2932  0.000e+00
     98.684   4.438218  1027.1629 1.3553e-01     3.4526    -0.0090     4.4104     54.855 1.0285e-01    36.0514    15.2671  0.000e+00
     98.750   4.434525  1027.1681 1.3431e-01     3.4526    -0.0090     4.4136     54.858 1.0285e-01    36.0482    15.2341  0.000e+00
     98.709   4.430083  1027.1693 1.3553e-01    10.5064    -0.0090     4.4175     54.866 1.0285e-01    36.0398    15.1992  0.000e+00
     98.808   4.425616  1027.1741 1.3553e-01    16.9130    -0.0090     4.4111     54.744 1.0253e-01    36.0343    15.1609  0.000e+00
     98.865   4.422537  1027.1789 1.3553e-01    18.3366    -0.0090     4.4185     54.804 1.0253e-01    36.0321    15.1328  0.000e+00
     98.832   4.420899  1027.1828 1.3553e-01    18.0131    -0.0090     4.4152     54.745 1.0094e-01    36.0325    15.1162  0.000e+00
     98.865   4.419545  1027.1846 1.3553e-01    17.8189    -0.0090     4.4116     54.687 9.9375e-02    36.0311    15.1043  0.000e+00
     98.989   4.417961  1027.1871 1.3675e-01    17.7542    -0.0090     4.4129     54.687 9.9065e-02    36.0295    15.0902  0.000e+00
     98.956   4.416064  1027.1881 1.3675e-01    17.7542    -0.0090     4.4090     54.621 9.9999e-02    36.0265    15.0747  0.000e+00
     99.055   4.414049  1027.1922 1.3675e-01    17.7542    -0.0090     4.4111     54.626 1.0512e-01    36.0257    15.0556  0.000e+00
     98.989   4.411709  1027.1925 1.3553e-01    17.8189    -0.0090     4.4131     54.629 1.0710e-01    36.0212    15.0373  0.000e+00
     99.137   4.409211  1027.1950 1.3675e-01    17.7542    -0.0090     4.4148     54.628 1.0677e-01    36.0176    15.0164  0.000e+00
     99.113   4.406972  1027.1983 1.3675e-01    17.8189    -0.0090     4.4116     54.564 1.0253e-01    36.0160    14.9959  0.000e+00
     99.170   4.405309  1027.2007 1.3553e-01    17.7542    -0.0090     4.4078     54.501 1.0063e-01    36.0145    14.9809  0.000e+00
     99.137   4.403753  1027.2035 1.3553e-01    13.8714    -0.0090     4.4092     54.502 1.0094e-01    36.0140    14.9661  0.000e+00
     99.236   4.401859  1027.2056 1.3431e-01     4.0998    -0.0090     4.4107     54.503 1.0382e-01    36.0115    14.9499  0.000e+00
     99.236   4.400084  1027.2069 1.3431e-01     0.7994    -0.0090     4.4072     54.443 1.0512e-01    36.0089    14.9351  0.000e+00
     99.377   4.398946  1027.2078 1.3431e-01     0.7347    -0.0090     4.4033     54.384 1.0285e-01    36.0066    14.9262  0.000e+00
     99.236   4.397774  1027.2065 1.3431e-01     1.1230    -0.0090     4.4034     54.375 9.9687e-02    36.0035    14.9181  0.000e+00
     99.418   4.395663  1027.2093 1.3553e-01     1.2524    -0.0090     4.4002     54.315 9.8755e-02    36.0008    14.8999  0.000e+00
     99.377   4.393208  1027.2103 1.3553e-01     1.1877    -0.0090     4.3965     54.247 9.9375e-02    35.9966    14.8801  0.000e+00
     99.476   4.391243  1027.2129 1.3553e-01     1.0583    -0.0090     4.3974     54.239 1.0253e-01    35.9944    14.8629  0.000e+00
     99.418   4.389841  1027.2141 1.3553e-01     1.2524    -0.0090     4.3929     54.170 1.0414e-01    35.9929    14.8507  0.000e+00
     99.500   4.388809  1027.2165 1.3431e-01     1.1877    -0.0090     4.3878     54.095 1.0157e-01    35.9926    14.8407  0.000e+00
     99.542   4.388056  1027.2182 1.3553e-01     1.2524    -0.0090     4.3876     54.086 9.9375e-02    35.9924    14.8334  0.000e+00
     99.542   4.387467  1027.2181 1.3431e-01     1.1877    -0.0090     4.3824     54.016 9.9065e-02    35.9911    14.8290  0.000e+00
     99.624   4.386931  1027.2167 1.3431e-01     1.4465    -0.0090     4.3771     53.947 9.9065e-02    35.9881    14.8268  0.000e+00
     99.599   4.386323  1027.2166 1.3553e-01     6.3647    -0.0090     4.3767     53.937 9.9375e-02    35.9868    14.8222  0.000e+00
     99.665   4.385490  1027.2174 1.3553e-01     9.3415    -0.0090     4.3770     53.933 9.9375e-02    35.9856    14.8152  0.000e+00
     99.682   4.384340  1027.2172 1.3553e-01     9.7945    -0.0090     4.3717     53.857 9.9375e-02    35.9828    14.8068  0.000e+00
     99.665   4.382958  1027.2185 1.3431e-01     9.5357    -0.0090     4.3671     53.787 9.9065e-02    35.9811    14.7949  0.000e+00
     99.781   4.382046  1027.2201 1.3553e-01     9.4062    -0.0090     4.3622     53.718 9.9065e-02    35.9802    14.7867  0.000e+00
     99.748   4.381465  1027.2210 1.3675e-01     9.4062    -0.0090     4.3565     53.643 9.9375e-02    35.9799    14.7813  0.000e+00
     99.781   4.380777  1027.2222 1.3553e-01     9.5357    -0.0090     4.3616     53.698 9.9065e-02    35.9795    14.7749  0.000e+00
     99.847   4.380163  1027.2222 1.3553e-01     9.4062    -0.0090     4.3565     53.630 9.9065e-02    35.9778    14.7705  0.000e+00
     99.805   4.379661  1027.2212 1.3553e-01     9.4062    -0.0090     4.3512     53.561 9.9065e-02    35.9759    14.7676  0.000e+00
     99.847   4.379383  1027.2222 1.3431e-01     9.4710    -0.0090     4.3459     53.493 9.9065e-02    35.9761    14.7646  0.000e+00
     99.904   4.378498  1027.2219 1.3431e-01     9.4062    -0.0090     4.3453     53.478 9.9065e-02    35.9736    14.7585  0.000e+00
     99.929   4.377018  1027.2244 1.3431e-01     9.4062    -0.0090     4.3406     53.405 9.9375e-02    35.9728    14.7447  0.000e+00
     99.970   4.375829  1027.2272 1.3431e-01     6.6236    -0.0090     4.3357     53.332 9.9375e-02    35.9728    14.7328  0.000e+00
     99.970   4.374838  1027.2278 1.3431e-01     2.9996    -0.0090     4.3300     53.253 9.9687e-02    35.9713    14.7246  0.000e+00
     99.987   4.374039  1027.2274 1.3431e-01     2.0937    -0.0090     4.3295     53.241 9.9375e-02    35.9691    14.7190  0.000e+00
    100.028   4.373174  1027.2269 1.3431e-01     2.1584    -0.0090     4.3238     53.164 9.9065e-02    35.9664    14.7132  0.000e+00
    100.086   4.371992  1027.2287 1.3431e-01     2.2878    -0.0090     4.3239     53.152 9.9065e-02    35.9655    14.7025  0.000e+00
    100.053   4.370896  1027.2314 1.3431e-01     2.2878    -0.0090     4.3191     53.082 1.0189e-01    35.9659    14.6911  0.000e+00
    100.086   4.370077  1027.2314 1.3553e-01     2.2878    -0.0090     4.3136     53.007 1.0479e-01    35.9640    14.6850  0.000e+00
    100.152   4.369470  1027.2325 1.3431e-01     2.2878    -0.0090     4.3129     52.992 1.0414e-01    35.9634    14.6796  0.000e+00
    100.111   4.368770  1027.2329 1.3553e-01     2.3525    -0.0090     4.3074     52.918 9.9999e-02    35.9625    14.6736  0.000e+00
    100.152   4.368302  1027.2339 1.3431e-01     2.2878    -0.0090     4.3019     52.846 9.9065e-02    35.9622    14.6692  0.000e+00
    100.210   4.367985  1027.2344 1.3431e-01     2.2878    -0.0090     4.3011     52.834 9.9065e-02    35.9618    14.6665  0.000e+00
    100.168   4.367655  1027.2341 1.3431e-01     2.2231    -0.0090     4.2956     52.763 9.9065e-02    35.9610    14.6641  0.000e+00
    100.276   4.367292  1027.2342 1.3431e-01    35.2268    -0.0090     4.2955     52.759 9.9065e-02    35.9598    14.6618  0.000e+00
    100.276   4.366916  1027.2347 1.2821e-01   195.9093    -0.0700     4.2897     52.685 9.9065e-02    35.9595    14.6583  0.000e+00
    100.292   4.366573  1027.2340 1.1111e-01   264.3110    -0.1616     4.2898     52.682 9.9687e-02    35.9580    14.6565  0.000e+00
    100.276   4.366097  1027.2344 1.1111e-01   264.3110    -0.1921     4.2847     52.615 9.9687e-02    35.9574    14.6524  0.000e+00
    100.333   4.365523  1027.2355 1.1111e-01   264.3110    -0.1616     4.2793     52.544 9.9687e-02    35.9570    14.6471  0.000e+00
    100.358   4.365207  1027.2358 1.1111e-01   260.8812    -0.1616     4.2739     52.474 9.9375e-02    35.9565    14.6444  0.000e+00
    100.391   4.365094  1027.2353 1.1111e-01   259.4575    -0.1616     4.2731     52.465 9.9065e-02    35.9556    14.6443  0.000e+00
    100.391   4.364877  1027.2351 1.0989e-01   259.7811    -0.1616     4.2678     52.397 9.9065e-02    35.9549    14.6429  0.000e+00
    100.416   4.364362  1027.2359 1.0989e-01   260.1047    -0.1616     4.2681     52.396 9.9687e-02    35.9545    14.6382  0.000e+00
    100.457   4.363907  1027.2360 1.0989e-01   260.1047    -0.1921     4.2689     52.402 9.9999e-02    35.9534    14.6348  0.000e+00
    100.515   4.363722  1027.2361 1.1111e-01   260.1047    -0.2226     4.2643     52.344 9.9687e-02    35.9528    14.6336  0.000e+00
    100.473   4.363438  1027.2366 1.1233e-01   260.1047    -0.2226     4.2647     52.346 9.9065e-02    35.9529    14.6307  0.000e+00
    100.457   4.362963  1027.2374 1.1233e-01   260.1047    -0.2226     4.2606     52.291 9.9065e-02    35.9528    14.6261  0.000e+00
    100.539   4.362442  1027.2380 1.3919e-01   126.6663    -0.0395     4.2619     52.302 9.9375e-02    35.9519    14.6219  0.000e+00
    100.581   4.362060  1027.2372 1.3675e-01    17.3012    -0.0395     4.2578     52.250 9.9687e-02    35.9500    14.6200  0.000e+00
    100.581   4.361393  1027.2370 1.3553e-01    -0.6890    -0.0395     4.2536     52.192 9.9687e-02    35.9484    14.6151  0.000e+00
    100.597   4.360582  1027.2391 1.3553e-01     0.9288    -0.0395     4.2603     52.266 9.9375e-02    35.9486    14.6068  0.000e+00
    100.638   4.360259  1027.2392 1.3553e-01     4.8763    -0.0395     4.2566     52.217 9.9065e-02    35.9478    14.6044  0.000e+00
    100.638   4.360312  1027.2390 1.3431e-01     5.9764    -0.0395     4.2521     52.163 9.9065e-02    35.9478    14.6050  0.000e+00
    100.663   4.360345  1027.2388 1.3431e-01     5.9117    -0.0395     4.2531     52.176 9.9065e-02    35.9475    14.6056  0.000e+00
