WS23139_STN02_01CTD.cnv
* Sea-Bird SBE 9 Data File:
* FileName = C:\ctd\Cruise_Data\WS23139_Rosenheim\WS23139_Rosenheim_STN02.hex
* Software Version Seasave V 7.26.7.121
* Temperature SN = 4097 MTG 177
* Conductivity SN = 1851 MTG 053
* Number of Bytes Per Scan = 40
* Number of Voltage Words = 5
* Number of Scans Averaged by the Deck Unit = 1
* NMEA Latitude = 02 40.44 N
* NMEA Longitude = 048 15.80 W
* NMEA UTC (Time) = Oct 22 2003  13:26:47
* NMEA baud rate = 4800
** Ship:
** Station:
** Operator:
# nquan = 12
# nvalues = 17962                                 
# units = specified
# name 0 = depSM: Depth [salt water, m]
# name 1 = c0S/m: Conductivity [S/m]
# name 2 = density00: Density [density, kg/m^3]
# name 3 = flSP: Fluorescence, Seapoint
# name 4 = wetCDOM: Fluorescence, WET Labs CDOM [mg/m^3]
# name 5 = flECO-AFL: Fluorescence, WET Labs ECO-AFL/FL [mg/m^3]
# name 6 = sbeox0Mg/L: Oxygen, SBE 43 [mg/l]
# name 7 = sbeox0PS: Oxygen, SBE 43 [% saturation]
# name 8 = par: PAR/Irradiance, Biospherical/Licor [Watts/m^2]
# name 9 = sal00: Salinity, Practical [PSU]
# name 10 = t090C: Temperature [ITS-90, deg C]
# name 11 = flag:  0.000e+00
# span 0 =      2.036,     94.481                 
# span 1 =   5.809294,   5.857121                 
# span 2 =  1022.8021,  1023.3861                 
# span 3 = 6.2271e-02, 1.4286e-01                 
# span 4 =    -0.6890,   264.3110                 
# span 5 =    -0.1311,     0.5405                 
# span 6 =     5.9564,     6.2131                 
# span 7 =     93.835,     98.254                 
# span 8 = 1.1052e+01, 6.5396e+03                 
# span 9 =    35.8016,    36.0248                 
# span 10 =    28.5185,    28.8176                
# span 11 = 0.0000e+00, 0.0000e+00                
# interval = seconds: 0.0416667
# start_time = Oct 22 2003 13:26:47 [NMEA time, header]
# bad_flag = -9.990e-29
*END*
[from data line 14677]
     47.737   5.832107  1023.1695 1.2454e-01    12.3183     0.2963     6.1454     96.870 1.2768e+02    36.0124    28.5813  0.000e+00
     47.671   5.832106  1023.1691 1.2454e-01    13.9362     0.2963     6.1449     96.862 1.2732e+02    36.0124    28.5814  0.000e+00
     47.680   5.832136  1023.1692 1.2332e-01    14.1950     0.2963     6.1445     96.855 1.2732e+02    36.0125    28.5815  0.000e+00
     47.680   5.832181  1023.1693 1.2332e-01    14.0656     0.2963     6.1440     96.848 1.2768e+02    36.0127    28.5817  0.000e+00
     47.671   5.832196  1023.1693 1.2332e-01    13.9362     0.2963     6.1435     96.841 1.2768e+02    36.0128    28.5817  0.000e+00
     47.614   5.832233  1023.1691 1.2332e-01    13.9362     0.2963     6.1430     96.832 1.2768e+02    36.0129    28.5819  0.000e+00
     47.680   5.832203  1023.1693 1.2332e-01    13.9362     0.2963     6.1387     96.764 1.2804e+02    36.0127    28.5818  0.000e+00
     47.556   5.832196  1023.1687 1.2332e-01    13.9362     0.2963     6.1418     96.814 1.2840e+02    36.0127    28.5819  0.000e+00
     47.614   5.832196  1023.1689 1.2332e-01    13.9362     0.2963     6.1416     96.810 1.2804e+02    36.0127    28.5819  0.000e+00
     47.556   5.832159  1023.1685 1.2210e-01    13.9362     0.2963     6.1371     96.740 1.2768e+02    36.0124    28.5819  0.000e+00
     47.556   5.832181  1023.1686 1.2210e-01    13.9362     0.2963     6.1366     96.732 1.2768e+02    36.0126    28.5819  0.000e+00
     47.490   5.832159  1023.1684 1.2088e-01    13.9362     0.2963     6.1361     96.724 1.2768e+02    36.0126    28.5817  0.000e+00
     47.490   5.832181  1023.1683 1.2332e-01   127.7664     0.2658     6.1356     96.716 1.2696e+02    36.0125    28.5820  0.000e+00
     47.490   5.832151  1023.1682 1.0134e-01   244.7029     0.2658     6.1352     96.709 1.2696e+02    36.0124    28.5819  0.000e+00
     47.432   5.832144  1023.1679 9.8901e-02   264.3110     0.2352     6.1386     96.763 1.2696e+02    36.0123    28.5819  0.000e+00
     47.432   5.832181  1023.1680 1.0012e-01   264.3110     0.2047     6.1344     96.697 1.2625e+02    36.0125    28.5820  0.000e+00
     47.366   5.832158  1023.1676 1.0012e-01   263.7933     0.2352     6.1340     96.690 1.2589e+02    36.0123    28.5820  0.000e+00
     47.432   5.832181  1023.1680 1.0012e-01   259.4575     0.2352     6.1338     96.687 1.2589e+02    36.0125    28.5820  0.000e+00
     47.308   5.832158  1023.1671 1.0012e-01   259.4575     0.2352     6.1334     96.682 1.2554e+02    36.0122    28.5823  0.000e+00
     47.308   5.832218  1023.1676 9.8901e-02   259.7164     0.2352     6.1370     96.737 1.2554e+02    36.0128    28.5820  0.000e+00
     47.308   5.832173  1023.1674 9.8901e-02   259.7811     0.2352     6.1332     96.678 1.2519e+02    36.0125    28.5820  0.000e+00
     47.251   5.832181  1023.1672 9.8901e-02   259.8458     0.2352     6.1371     96.740 1.2589e+02    36.0125    28.5820  0.000e+00
     47.251   5.832196  1023.1671 9.8901e-02   259.8458     0.2352     6.1371     96.740 1.2519e+02    36.0125    28.5823  0.000e+00
     47.185   5.832196  1023.1667 9.8901e-02   259.7811     0.2352     6.1373     96.743 1.2519e+02    36.0124    28.5824  0.000e+00
     47.185   5.832263  1023.1674 1.1233e-01   211.1816     0.2963     6.1375     96.747 1.2554e+02    36.0131    28.5820  0.000e+00
     47.185   5.832218  1023.1666 1.2088e-01    58.9117     0.2658     6.1417     96.813 1.2554e+02    36.0124    28.5826  0.000e+00
     47.127   5.832263  1023.1666 1.2210e-01     2.2231     0.3268     6.1382     96.757 1.2554e+02    36.0127    28.5826  0.000e+00
     47.069   5.832292  1023.1667 1.2332e-01     0.3464     0.3268     6.1384     96.761 1.2554e+02    36.0131    28.5824  0.000e+00
     47.061   5.832292  1023.1664 1.2332e-01     6.0412     0.3268     6.1387     96.766 1.2554e+02    36.0129    28.5827  0.000e+00
     47.069   5.832292  1023.1664 1.2210e-01     8.2414     0.3268     6.1429     96.833 1.2554e+02    36.0128    28.5828  0.000e+00
     47.003   5.832255  1023.1661 1.2210e-01     8.3708     0.3268     6.1434     96.840 1.2554e+02    36.0127    28.5826  0.000e+00
     46.945   5.832278  1023.1660 1.2210e-01     8.1120     0.3268     6.1439     96.848 1.2625e+02    36.0129    28.5826  0.000e+00
     46.945   5.832292  1023.1659 1.2210e-01     8.0473     0.3268     6.1405     96.794 1.2625e+02    36.0128    28.5828  0.000e+00
     46.945   5.832292  1023.1658 1.2210e-01     8.0473     0.3268     6.1445     96.858 1.2660e+02    36.0127    28.5829  0.000e+00
     46.945   5.832292  1023.1659 1.2210e-01     8.0473     0.3268     6.1449     96.864 1.2660e+02    36.0128    28.5828  0.000e+00
     46.821   5.832255  1023.1652 1.2332e-01     8.1120     0.3268     6.1412     96.806 1.2660e+02    36.0126    28.5828  0.000e+00
     46.821   5.832277  1023.1651 1.2332e-01    11.0241     0.3268     6.1453     96.870 1.2696e+02    36.0126    28.5830  0.000e+00
     46.879   5.832292  1023.1656 1.2454e-01   158.3110     0.3268     6.1457     96.877 1.2732e+02    36.0128    28.5828  0.000e+00
     46.764   5.832315  1023.1649 1.0012e-01   255.6394     0.2963     6.1420     96.819 1.2768e+02    36.0128    28.5831  0.000e+00
     46.764   5.832300  1023.1648 1.0012e-01   264.3110     0.2658     6.1459     96.880 1.2768e+02    36.0126    28.5833  0.000e+00
     46.698   5.832330  1023.1646 1.0134e-01   264.3110     0.2658     6.1462     96.885 1.2840e+02    36.0127    28.5834  0.000e+00
     46.764   5.832374  1023.1651 1.0012e-01   262.1108     0.2658     6.1464     96.889 1.2876e+02    36.0130    28.5834  0.000e+00
     46.640   5.832352  1023.1643 9.8901e-02   259.3928     0.2658     6.1425     96.828 1.2876e+02    36.0128    28.5835  0.000e+00
     46.640   5.832374  1023.1641 9.8901e-02   259.4575     0.2658     6.1427     96.830 1.2985e+02    36.0127    28.5839  0.000e+00
     46.640   5.832389  1023.1639 9.8901e-02   259.7811     0.2658     6.1428     96.833 1.3058e+02    36.0125    28.5842  0.000e+00
     46.640   5.832419  1023.1641 9.7680e-02   259.8458     0.2658     6.1469     96.897 1.3058e+02    36.0128    28.5841  0.000e+00
     46.574   5.832434  1023.1638 9.7680e-02   259.8458     0.2658     6.1470     96.899 1.3206e+02    36.0128    28.5843  0.000e+00
     46.516   5.832434  1023.1635 9.8901e-02   259.7164     0.2963     6.1434     96.842 1.3206e+02    36.0128    28.5843  0.000e+00
     46.516   5.832397  1023.1633 9.7680e-02   259.8458     0.2658     6.1436     96.845 1.3243e+02    36.0126    28.5843  0.000e+00
     46.516   5.832389  1023.1634 9.7680e-02   259.7811     0.2658     6.1436     96.845 1.3430e+02    36.0126    28.5842  0.000e+00
     46.516   5.832389  1023.1635 9.7680e-02   259.8458     0.2658     6.1475     96.906 1.3468e+02    36.0127    28.5841  0.000e+00
     46.392   5.832456  1023.1631 9.8901e-02   259.8458     0.2658     6.1436     96.846 1.3468e+02    36.0130    28.5843  0.000e+00
     46.392   5.832441  1023.1629 9.8901e-02   259.8458     0.2658     6.1475     96.907 1.3582e+02    36.0128    28.5845  0.000e+00
     46.458   5.832434  1023.1633 9.8901e-02   259.8458     0.2658     6.1438     96.848 1.3659e+02    36.0128    28.5843  0.000e+00
     46.392   5.832434  1023.1626 9.7680e-02   259.8458     0.2658     6.1476     96.909 1.3736e+02    36.0125    28.5847  0.000e+00
     46.335   5.832434  1023.1626 9.7680e-02   259.8458     0.2658     6.1475     96.908 1.3813e+02    36.0127    28.5845  0.000e+00
     46.335   5.832434  1023.1626 9.8901e-02   259.8458     0.2658     6.1477     96.910 1.3891e+02    36.0127    28.5845  0.000e+00
     46.335   5.832434  1023.1626 9.8901e-02   259.8458     0.2658     6.1478     96.912 1.3891e+02    36.0127    28.5845  0.000e+00
     46.277   5.832434  1023.1624 9.8901e-02   259.8458     0.2963     6.1477     96.910 1.3891e+02    36.0128    28.5845  0.000e+00
     46.269   5.832434  1023.1626 9.8901e-02   259.8458     0.2658     6.1476     96.908 1.4009e+02    36.0130    28.5842  0.000e+00
     46.277   5.832434  1023.1626 9.8901e-02   259.8458     0.2658     6.1475     96.907 1.4009e+02    36.0129    28.5843  0.000e+00
     46.211   5.832396  1023.1619 1.0256e-01   239.3965     0.3268     6.1473     96.904 1.4048e+02    36.0125    28.5845  0.000e+00
     46.211   5.832419  1023.1621 1.1966e-01    80.4612     0.2658     6.1471     96.902 1.4128e+02    36.0127    28.5845  0.000e+00
     46.153   5.832471  1023.1622 1.1966e-01     4.6822     0.3268     6.1471     96.902 1.4167e+02    36.0132    28.5843  0.000e+00
     46.153   5.832411  1023.1619 1.1966e-01    -0.6890     0.2963     6.1470     96.899 1.4207e+02    36.0128    28.5843  0.000e+00
     46.153   5.832374  1023.1620 1.2210e-01     2.8055     0.3268     6.1429     96.834 1.4287e+02    36.0127    28.5840  0.000e+00
     46.087   5.832381  1023.1617 1.2210e-01     5.8470     0.3268     6.1464     96.889 1.4368e+02    36.0127    28.5841  0.000e+00
     46.087   5.832352  1023.1619 1.2088e-01     6.3000     0.3268     6.1423     96.824 1.4368e+02    36.0128    28.5837  0.000e+00
     46.029   5.832344  1023.1614 1.2210e-01     6.1706     0.3268     6.1460     96.882 1.4490e+02    36.0126    28.5839  0.000e+00
     46.029   5.832299  1023.1614 1.2210e-01     6.0412     0.3268     6.1419     96.817 1.4531e+02    36.0125    28.5837  0.000e+00
     46.029   5.832292  1023.1612 1.2210e-01     6.0412     0.3268     6.1416     96.814 1.4531e+02    36.0123    28.5838  0.000e+00
     45.971   5.832329  1023.1614 1.2210e-01     6.0412     0.3268     6.1414     96.809 1.4612e+02    36.0128    28.5835  0.000e+00
     45.963   5.832344  1023.1615 1.2088e-01     6.0412     0.3268     6.1451     96.868 1.4612e+02    36.0129    28.5835  0.000e+00
     45.905   5.832374  1023.1613 1.2088e-01     6.0412     0.3268     6.1410     96.805 1.4612e+02    36.0130    28.5837  0.000e+00
     45.905   5.832314  1023.1611 1.2332e-01   125.9545     0.2963     6.1371     96.742 1.4695e+02    36.0127    28.5835  0.000e+00
     45.848   5.832292  1023.1607 1.0134e-01   245.0912     0.2963     6.1367     96.735 1.4736e+02    36.0125    28.5836  0.000e+00
     45.848   5.832329  1023.1609 9.7680e-02   264.3110     0.2658     6.1402     96.791 1.4736e+02    36.0129    28.5835  0.000e+00
     45.848   5.832269  1023.1606 9.7680e-02   264.3110     0.2658     6.1361     96.726 1.4778e+02    36.0124    28.5835  0.000e+00
     45.782   5.832277  1023.1606 9.8901e-02   263.8580     0.2658     6.1398     96.784 1.4778e+02    36.0127    28.5834  0.000e+00
     45.782   5.832254  1023.1604 9.8901e-02   259.4575     0.2658     6.1398     96.784 1.4778e+02    36.0125    28.5834  0.000e+00
     45.724   5.832247  1023.1603 1.0012e-01   259.4575     0.2658     6.1359     96.722 1.4778e+02    36.0125    28.5833  0.000e+00
     45.724   5.832247  1023.1607 1.0012e-01   259.7164     0.2658     6.1355     96.716 1.4861e+02    36.0129    28.5828  0.000e+00
     45.666   5.832202  1023.1604 1.0012e-01   259.8458     0.2963     6.1393     96.775 1.4819e+02    36.0127    28.5826  0.000e+00
     45.666   5.832195  1023.1603 1.0012e-01   259.8458     0.2658     6.1354     96.714 1.4819e+02    36.0127    28.5826  0.000e+00
     45.666   5.832195  1023.1605 1.0012e-01   259.9105     0.2658     6.1351     96.709 1.4861e+02    36.0128    28.5824  0.000e+00
     45.600   5.832195  1023.1602 9.8901e-02   259.8458     0.2658     6.1349     96.706 1.4903e+02    36.0128    28.5824  0.000e+00
     45.600   5.832128  1023.1601 1.1355e-01   208.7872     0.3268     6.1349     96.705 1.4945e+02    36.0126    28.5822  0.000e+00
     45.542   5.832105  1023.1597 1.2088e-01    57.6175     0.2963     6.1345     96.699 1.4945e+02    36.0124    28.5823  0.000e+00
     45.542   5.832135  1023.1602 1.2088e-01     2.4819     0.3268     6.1345     96.698 1.4945e+02    36.0129    28.5819  0.000e+00
     45.542   5.832150  1023.1603 1.2088e-01     0.9288     0.3268     6.1383     96.759 1.4987e+02    36.0130    28.5819  0.000e+00
     45.476   5.832098  1023.1596 1.2088e-01     6.6883     0.3268     6.1384     96.760 1.5029e+02    36.0125    28.5820  0.000e+00
     45.476   5.832128  1023.1598 1.2088e-01     8.8238     0.3268     6.1384     96.760 1.4987e+02    36.0127    28.5820  0.000e+00
     45.476   5.832113  1023.1594 1.2210e-01     8.8885     0.3268     6.1383     96.759 1.4987e+02    36.0124    28.5823  0.000e+00
     45.419   5.832172  1023.1597 1.2210e-01     8.6297     0.3268     6.1382     96.757 1.4945e+02    36.0130    28.5820  0.000e+00
     45.419   5.832128  1023.1593 1.2210e-01     8.5650     0.3268     6.1423     96.821 1.4903e+02    36.0126    28.5823  0.000e+00
     45.419   5.832135  1023.1595 1.2210e-01     8.5650     0.3268     6.1387     96.765 1.4903e+02    36.0128    28.5820  0.000e+00
     45.361   5.832150  1023.1589 1.2210e-01     8.5650     0.3268     6.1386     96.763 1.4861e+02    36.0125    28.5825  0.000e+00
     45.361   5.832113  1023.1588 1.2210e-01     8.5650     0.3268     6.1424     96.824 1.4861e+02    36.0123    28.5824  0.000e+00
     45.361   5.832172  1023.1591 1.2332e-01     8.4355     0.3268     6.1426     96.826 1.4861e+02    36.0128    28.5824  0.000e+00
     45.295   5.832195  1023.1585 1.2210e-01     5.0705     0.3268     6.1428     96.831 1.4736e+02    36.0125    28.5830  0.000e+00
     45.361   5.832195  1023.1589 1.2088e-01     2.9996     0.3268     6.1430     96.833 1.4654e+02    36.0126    28.5828  0.000e+00
     45.295   5.832195  1023.1586 1.2088e-01     2.6761     0.3268     6.1432     96.838 1.4736e+02    36.0126    28.5828  0.000e+00
     45.237   5.832157  1023.1585 1.2210e-01     2.8055     0.3268     6.1433     96.839 1.4612e+02    36.0126    28.5825  0.000e+00
     45.295   5.832150  1023.1584 1.2210e-01     2.9349     0.3268     6.1437     96.844 1.4571e+02    36.0123    28.5828  0.000e+00
     45.295   5.832180  1023.1584 1.2210e-01     2.8702     0.3268     6.1479     96.911 1.4612e+02    36.0124    28.5830  0.000e+00
     45.237   5.832232  1023.1586 1.2210e-01     2.9349     0.3268     6.1483     96.918 1.4571e+02    36.0129    28.5828  0.000e+00
     45.237   5.832172  1023.1581 1.2210e-01     2.8702     0.3268     6.1527     96.987 1.4531e+02    36.0124    28.5830  0.000e+00
     45.171   5.832180  1023.1582 1.2088e-01     2.8702     0.3268     6.1494     96.935 1.4531e+02    36.0127    28.5827  0.000e+00
     45.237   5.832195  1023.1584 1.1966e-01     2.8702     0.3268     6.1499     96.943 1.4449e+02    36.0127    28.5828  0.000e+00
     45.171   5.832195  1023.1581 1.1966e-01     2.8702     0.3268     6.1503     96.949 1.4408e+02    36.0127    28.5828  0.000e+00
     45.237   5.832195  1023.1586 1.1966e-01     2.8702     0.3268     6.1508     96.957 1.4368e+02    36.0128    28.5826  0.000e+00
     45.171   5.832157  1023.1581 1.1966e-01     1.8995     0.3268     6.1512     96.963 1.4368e+02    36.0126    28.5826  0.000e+00
     45.113   5.832150  1023.1579 1.1966e-01     0.5405     0.2963     6.1516     96.969 1.4287e+02    36.0126    28.5825  0.000e+00
     45.171   5.832172  1023.1585 1.1966e-01     0.2170     0.3268     6.1521     96.976 1.4328e+02    36.0129    28.5823  0.000e+00
     45.171   5.832157  1023.1583 1.2088e-01     0.2170     0.3268     6.1523     96.980 1.4247e+02    36.0127    28.5824  0.000e+00
     45.113   5.832217  1023.1580 1.2088e-01     0.2817     0.3268     6.1526     96.985 1.4207e+02    36.0129    28.5828  0.000e+00
     45.113   5.832172  1023.1581 1.2088e-01     0.3464     0.2963     6.1489     96.926 1.4207e+02    36.0128    28.5824  0.000e+00
     45.113   5.832180  1023.1578 1.2088e-01     0.3464     0.2963     6.1530     96.991 1.4207e+02    36.0126    28.5828  0.000e+00
     45.055   5.832194  1023.1578 1.2088e-01     0.2817     0.3268     6.1492     96.931 1.4088e+02    36.0128    28.5827  0.000e+00
