WS23139_STN08_07CTD.cnv
* Sea-Bird SBE 9 Data File:
* FileName = C:\ctd\Cruise_Data\WS23139_Rosenheim\WS23139_Rosenheim_STN08.hex
* Software Version Seasave V 7.26.7.121
* Temperature SN = 4097 MTG 177
* Conductivity SN = 1851 MTG 053
* Number of Bytes Per Scan = 40
* Number of Voltage Words = 5
* Number of Scans Averaged by the Deck Unit = 1
* NMEA Latitude = 03 13.32 N
* NMEA Longitude = 050 25.69 W
* NMEA UTC (Time) = Jun 10 2023 15:20:13
** Ship:
** Station:
** Operator:
# nquan = 12
# nvalues = 15751                                 
# units = specified
# name 0 = depSM: Depth [salt water, m]
# name 1 = c0S/m: Conductivity [S/m]
# name 2 = density00: Density [density, kg/m^3]
# name 3 = flSP: Fluorescence, Seapoint
# name 4 = wetCDOM: Fluorescence, WET Labs CDOM [mg/m^3]
# name 5 = flECO-AFL: Fluorescence, WET Labs ECO-AFL/FL [mg/m^3]
# name 6 = sbeox0Mg/L: Oxygen, SBE 43 [mg/l]
# name 7 = sbeox0PS: Oxygen, SBE 43 [% saturation]
# name 8 = par: PAR/Irradiance, Biospherical/Licor [Watts/m^2]
# name 9 = sal00: Salinity, Practical [PSU]
# name 10 = t090C: Temperature [ITS-90, deg C]
# name 11 = flag:  0.000e+00
# span 0 =      1.873,     19.191                 
# span 1 =   3.618110,   5.193208                 
# span 2 =  1011.8667,  1021.2783                 
# span 3 = 2.4420e-03, 1.5751e-01                 
# span 4 =    -0.6890,   264.3110                 
# span 5 =     0.4184,     2.0667                 
# span 6 =     3.2059,     5.8452                 
# span 7 =     48.127,     86.359                 
# span 8 = 9.8755e-02, 4.8954e+03                 
# span 9 =    21.1662,    32.8929                 
# span 10 =    26.7189,    28.6166                
# span 11 = 0.0000e+00, 0.0000e+00                
# interval = seconds: 0.0416667
# start_time = Jun 10 2023 15:20:13 [NMEA time, header]
# bad_flag = -9.990e-29
*END*
[from data line 8181]
     14.506   5.176001  1021.1682 1.3553e-01    21.7664     1.1815     3.3169     49.811 9.9065e-02    32.7515    26.7461  0.000e+00
     14.506   5.176001  1021.1681 1.3553e-01    21.7017     1.1815     3.3170     49.812 9.9065e-02    32.7515    26.7461  0.000e+00
     14.423   5.176064  1021.1682 1.3431e-01    21.7017     1.1815     3.3209     49.870 9.9065e-02    32.7520    26.7461  0.000e+00
     14.506   5.176086  1021.1688 1.3431e-01    21.7664     1.1815     3.3212     49.875 9.9375e-02    32.7522    26.7459  0.000e+00
     14.448   5.176086  1021.1685 1.3309e-01    21.7017     1.1815     3.3173     49.816 9.9065e-02    32.7522    26.7459  0.000e+00
     14.366   5.176121  1021.1686 1.3309e-01    21.7017     1.1815     3.3171     49.813 9.9375e-02    32.7526    26.7457  0.000e+00
     14.448   5.176135  1021.1690 1.3431e-01    21.7017     1.1815     3.3169     49.810 9.9375e-02    32.7527    26.7458  0.000e+00
     14.382   5.176157  1021.1688 1.3431e-01    21.7017     1.1815     3.3166     49.807 9.9065e-02    32.7529    26.7457  0.000e+00
     14.382   5.176114  1021.1684 1.3431e-01    21.7664     1.1815     3.3207     49.868 9.9065e-02    32.7524    26.7459  0.000e+00
     14.366   5.176093  1021.1682 1.3431e-01    21.7664     1.1815     3.3209     49.871 9.9375e-02    32.7523    26.7459  0.000e+00
     14.382   5.176057  1021.1681 1.3431e-01    21.9606     1.1815     3.3212     49.874 9.9065e-02    32.7520    26.7459  0.000e+00
     14.382   5.176043  1021.1679 1.3553e-01    22.0253     1.1815     3.3213     49.877 9.9375e-02    32.7518    26.7461  0.000e+00
     14.300   5.176043  1021.1676 1.3553e-01    21.9606     1.1815     3.3171     49.814 9.9065e-02    32.7518    26.7461  0.000e+00
     14.325   5.176050  1021.1678 1.3553e-01    22.0900     1.1815     3.3210     49.872 9.9375e-02    32.7520    26.7459  0.000e+00
     14.325   5.175979  1021.1675 1.3553e-01    21.9606     1.1815     3.3209     49.871 9.9065e-02    32.7515    26.7459  0.000e+00
     14.325   5.175987  1021.1675 1.3553e-01    21.9606     1.1815     3.3211     49.873 9.9065e-02    32.7516    26.7459  0.000e+00
     14.300   5.176036  1021.1680 1.3431e-01    21.9606     1.2120     3.3210     49.871 9.9375e-02    32.7522    26.7456  0.000e+00
     14.259   5.176107  1021.1679 1.3431e-01    21.9606     1.2120     3.3210     49.873 9.9065e-02    32.7524    26.7459  0.000e+00
     14.259   5.176064  1021.1676 1.3553e-01    21.9606     1.2120     3.3170     49.812 9.9065e-02    32.7521    26.7459  0.000e+00
     14.242   5.176079  1021.1678 1.3553e-01    21.9606     1.2120     3.3169     49.811 9.9065e-02    32.7524    26.7457  0.000e+00
     14.259   5.176093  1021.1678 1.3553e-01    21.9606     1.2120     3.3166     49.806 9.9065e-02    32.7523    26.7459  0.000e+00
     14.259   5.176022  1021.1674 1.3431e-01    21.9606     1.2120     3.3206     49.866 9.9065e-02    32.7518    26.7459  0.000e+00
     14.242   5.176001  1021.1672 1.3431e-01    21.8311     1.2120     3.3209     49.870 9.9065e-02    32.7517    26.7459  0.000e+00
     14.201   5.175979  1021.1670 1.3431e-01    21.7664     1.2120     3.3251     49.933 9.9065e-02    32.7515    26.7459  0.000e+00
     14.201   5.175930  1021.1665 1.3309e-01    21.7664     1.2120     3.3212     49.875 9.9375e-02    32.7511    26.7461  0.000e+00
     14.201   5.175979  1021.1670 1.3309e-01    21.7664     1.2120     3.3213     49.876 9.9375e-02    32.7515    26.7459  0.000e+00
     14.176   5.176029  1021.1671 1.3309e-01    21.7664     1.2120     3.3213     49.876 9.9065e-02    32.7519    26.7459  0.000e+00
     14.201   5.176107  1021.1676 1.3309e-01    21.7664     1.2120     3.3255     49.939 9.9065e-02    32.7524    26.7459  0.000e+00
     14.201   5.176156  1021.1682 1.3309e-01    21.7664     1.2120     3.3257     49.942 9.9375e-02    32.7530    26.7456  0.000e+00
     14.118   5.176234  1021.1682 1.3309e-01    21.7664     1.2120     3.3300     50.007 9.9065e-02    32.7535    26.7457  0.000e+00
     14.201   5.176256  1021.1687 1.3309e-01    21.7664     1.2120     3.3263     49.952 9.9065e-02    32.7538    26.7456  0.000e+00
     14.143   5.176234  1021.1684 1.3309e-01    21.8311     1.2120     3.3264     49.954 9.9375e-02    32.7536    26.7456  0.000e+00
     14.143   5.176185  1021.1683 1.3309e-01    21.8959     1.2120     3.3266     49.956 9.9065e-02    32.7534    26.7454  0.000e+00
     14.176   5.176142  1021.1679 1.3431e-01    21.7664     1.2120     3.3267     49.958 9.9065e-02    32.7528    26.7458  0.000e+00
     14.143   5.176107  1021.1673 1.3309e-01    21.7017     1.2120     3.3309     50.022 9.9375e-02    32.7523    26.7461  0.000e+00
     14.077   5.176057  1021.1670 1.3187e-01    21.5723     1.2120     3.3312     50.026 9.9375e-02    32.7523    26.7458  0.000e+00
     14.176   5.176107  1021.1678 1.3187e-01    21.5076     1.2120     3.3274     49.969 9.9375e-02    32.7527    26.7456  0.000e+00
     14.143   5.176128  1021.1677 1.3187e-01    21.5076     1.2120     3.3275     49.969 9.9065e-02    32.7528    26.7457  0.000e+00
     14.077   5.176192  1021.1677 1.3187e-01    21.5076     1.2120     3.3275     49.969 9.9065e-02    32.7532    26.7458  0.000e+00
     14.077   5.176185  1021.1679 1.3187e-01    21.5723     1.2120     3.3277     49.973 9.9375e-02    32.7533    26.7455  0.000e+00
     14.176   5.176107  1021.1677 1.3309e-01    21.5723     1.2120     3.3277     49.973 9.9375e-02    32.7526    26.7458  0.000e+00
     14.077   5.175958  1021.1663 1.3553e-01    21.5723     1.2120     3.3320     50.038 9.9065e-02    32.7514    26.7459  0.000e+00
     14.143   5.175823  1021.1657 1.3553e-01    21.5076     1.2426     3.3323     50.041 9.9375e-02    32.7503    26.7461  0.000e+00
     14.119   5.175788  1021.1653 1.3553e-01    21.5076     1.2426     3.3283     49.981 9.9065e-02    32.7499    26.7463  0.000e+00
     14.143   5.175788  1021.1652 1.3553e-01    21.5076     1.2426     3.3282     49.980 9.9375e-02    32.7498    26.7465  0.000e+00
     14.077   5.175880  1021.1657 1.3431e-01    21.5076     1.2426     3.3281     49.978 9.9065e-02    32.7507    26.7461  0.000e+00
     14.119   5.175916  1021.1663 1.3431e-01    21.5723     1.2426     3.3280     49.977 9.9065e-02    32.7511    26.7459  0.000e+00
     14.143   5.175795  1021.1656 1.3431e-01    21.6370     1.2426     3.3279     49.975 9.9065e-02    32.7501    26.7461  0.000e+00
     14.143   5.175646  1021.1645 1.3431e-01    21.7017     1.2426     3.3318     50.034 9.9065e-02    32.7488    26.7465  0.000e+00
     14.143   5.175554  1021.1639 1.3431e-01    21.7017     1.2426     3.3278     49.973 9.9065e-02    32.7480    26.7466  0.000e+00
     14.119   5.175469  1021.1633 1.3309e-01    21.8311     1.2426     3.3276     49.970 9.9065e-02    32.7474    26.7467  0.000e+00
     14.143   5.175505  1021.1636 1.3309e-01    21.7017     1.2426     3.3276     49.970 9.9375e-02    32.7477    26.7467  0.000e+00
     14.077   5.175526  1021.1634 1.3309e-01    21.7017     1.2426     3.3275     49.970 9.9065e-02    32.7479    26.7466  0.000e+00
     14.119   5.175653  1021.1644 1.3309e-01    21.7664     1.2426     3.3273     49.967 9.9375e-02    32.7489    26.7465  0.000e+00
     14.143   5.175731  1021.1651 1.3309e-01    21.7664     1.2426     3.3271     49.963 9.9375e-02    32.7495    26.7463  0.000e+00
     14.143   5.175710  1021.1647 1.3309e-01    21.7017     1.2426     3.3268     49.959 9.9375e-02    32.7491    26.7467  0.000e+00
     14.143   5.175731  1021.1651 1.3187e-01    21.7017     1.2426     3.3224     49.893 9.9065e-02    32.7495    26.7463  0.000e+00
     14.176   5.175774  1021.1652 1.3309e-01    21.7017     1.2426     3.3262     49.951 9.9065e-02    32.7496    26.7466  0.000e+00
     14.201   5.175689  1021.1651 1.3431e-01    21.7017     1.2426     3.3262     49.950 9.9065e-02    32.7492    26.7463  0.000e+00
     14.201   5.175682  1021.1646 1.3431e-01    21.7017     1.2426     3.3261     49.948 9.9375e-02    32.7488    26.7468  0.000e+00
     14.119   5.175859  1021.1656 1.3431e-01    21.6370     1.2426     3.3259     49.946 9.9065e-02    32.7504    26.7463  0.000e+00
     14.201   5.176043  1021.1671 1.3431e-01    21.7664     1.2426     3.3215     49.880 9.9375e-02    32.7518    26.7461  0.000e+00
     14.201   5.176093  1021.1677 1.3431e-01    21.6370     1.2426     3.3212     49.875 9.9065e-02    32.7525    26.7457  0.000e+00
     14.201   5.175994  1021.1670 1.3553e-01    21.6370     1.2426     3.3209     49.870 9.9065e-02    32.7516    26.7459  0.000e+00
     14.242   5.175802  1021.1660 1.3553e-01    21.7664     1.2426     3.3247     49.927 9.9065e-02    32.7501    26.7461  0.000e+00
     14.201   5.175618  1021.1645 1.3553e-01    21.6370     1.2426     3.3205     49.863 9.9065e-02    32.7486    26.7465  0.000e+00
     14.201   5.175576  1021.1640 1.3431e-01    21.6370     1.2426     3.3201     49.858 9.9065e-02    32.7480    26.7468  0.000e+00
     14.300   5.175568  1021.1646 1.3431e-01    21.6370     1.2426     3.3196     49.850 9.9375e-02    32.7481    26.7466  0.000e+00
     14.259   5.175568  1021.1642 1.3431e-01    21.6370     1.2120     3.3190     49.842 9.9375e-02    32.7480    26.7468  0.000e+00
     14.259   5.175384  1021.1632 1.3431e-01    21.6370     1.2120     3.3184     49.833 9.9065e-02    32.7466    26.7468  0.000e+00
     14.300   5.175150  1021.1617 1.3431e-01    21.6370     1.2120     3.3181     49.828 9.9375e-02    32.7446    26.7474  0.000e+00
     14.325   5.174903  1021.1602 1.3431e-01    21.7664     1.2120     3.3178     49.822 9.9375e-02    32.7426    26.7478  0.000e+00
     14.325   5.174810  1021.1594 1.3553e-01    21.8959     1.2120     3.3217     49.882 9.9375e-02    32.7417    26.7481  0.000e+00
     14.325   5.174775  1021.1590 1.3553e-01    21.8959     1.2120     3.3175     49.818 9.9065e-02    32.7413    26.7483  0.000e+00
     14.300   5.174761  1021.1587 1.3553e-01    21.8959     1.2120     3.3171     49.812 9.9065e-02    32.7411    26.7485  0.000e+00
     14.325   5.174782  1021.1589 1.3553e-01    21.8959     1.2120     3.3167     49.807 9.9375e-02    32.7412    26.7485  0.000e+00
     14.383   5.174825  1021.1595 1.3553e-01    21.8959     1.2120     3.3166     49.805 9.9375e-02    32.7416    26.7483  0.000e+00
     14.366   5.174782  1021.1591 1.3431e-01    21.8959     1.2120     3.3165     49.803 9.9065e-02    32.7412    26.7485  0.000e+00
     14.383   5.174846  1021.1596 1.3309e-01    21.8959     1.2120     3.3166     49.805 9.9065e-02    32.7417    26.7483  0.000e+00
     14.383   5.174853  1021.1597 1.3431e-01    21.9606     1.2120     3.3165     49.803 9.9375e-02    32.7418    26.7483  0.000e+00
     14.449   5.174775  1021.1597 1.3553e-01    21.8959     1.2120     3.3164     49.802 9.9375e-02    32.7414    26.7481  0.000e+00
     14.424   5.174633  1021.1585 1.3553e-01    21.8959     1.2120     3.3122     49.739 9.9065e-02    32.7401    26.7485  0.000e+00
     14.449   5.174421  1021.1570 1.3431e-01    21.8311     1.2120     3.3119     49.735 9.9065e-02    32.7382    26.7490  0.000e+00
     14.449   5.174463  1021.1572 1.3431e-01    21.8959     1.2120     3.3160     49.796 9.9065e-02    32.7385    26.7490  0.000e+00
     14.548   5.174718  1021.1595 1.3431e-01    21.7664     1.2120     3.3121     49.737 9.9065e-02    32.7407    26.7485  0.000e+00
     14.449   5.174931  1021.1603 1.3309e-01    21.7017     1.2120     3.3118     49.733 9.9065e-02    32.7423    26.7483  0.000e+00
     14.506   5.175030  1021.1613 1.3309e-01    21.6370     1.2120     3.3116     49.731 9.9375e-02    32.7432    26.7481  0.000e+00
     14.506   5.174959  1021.1609 1.3309e-01    21.7017     1.2120     3.3115     49.728 9.9065e-02    32.7427    26.7481  0.000e+00
     14.548   5.174988  1021.1612 1.3309e-01    21.7017     1.2120     3.3113     49.726 9.9065e-02    32.7429    26.7481  0.000e+00
     14.564   5.174988  1021.1613 1.3309e-01    21.7017     1.2120     3.3112     49.723 9.9065e-02    32.7428    26.7481  0.000e+00
     14.506   5.175002  1021.1613 1.3309e-01    21.7017     1.2120     3.3112     49.724 9.9065e-02    32.7431    26.7479  0.000e+00
     14.605   5.174981  1021.1614 1.3431e-01    21.8311     1.2120     3.3114     49.727 9.9065e-02    32.7428    26.7481  0.000e+00
     14.564   5.174995  1021.1615 1.3431e-01    21.7017     1.2120     3.3113     49.725 9.9065e-02    32.7430    26.7479  0.000e+00
     14.564   5.175016  1021.1615 1.3431e-01    21.7017     1.2120     3.3112     49.724 9.9375e-02    32.7431    26.7481  0.000e+00
     14.630   5.175016  1021.1617 1.3553e-01    21.7017     1.2120     3.3153     49.786 9.9375e-02    32.7430    26.7481  0.000e+00
     14.605   5.175009  1021.1616 1.3431e-01    21.7017     1.2426     3.3155     49.788 9.9065e-02    32.7430    26.7481  0.000e+00
     14.630   5.175009  1021.1620 1.3431e-01    21.5723     1.2426     3.3157     49.791 9.9065e-02    32.7432    26.7478  0.000e+00
     14.630   5.175051  1021.1619 1.3309e-01    21.7664     1.2426     3.3120     49.736 9.9065e-02    32.7433    26.7481  0.000e+00
     14.671   5.175087  1021.1626 1.3187e-01    21.7664     1.2426     3.3161     49.798 9.9375e-02    32.7438    26.7478  0.000e+00
     14.688   5.175066  1021.1624 1.3309e-01    21.7664     1.2426     3.3164     49.802 9.9375e-02    32.7435    26.7479  0.000e+00
     14.630   5.175023  1021.1619 1.3431e-01    21.7664     1.2426     3.3166     49.805 9.9065e-02    32.7432    26.7479  0.000e+00
     14.688   5.175009  1021.1622 1.3431e-01    21.7664     1.2426     3.3169     49.809 9.9065e-02    32.7432    26.7478  0.000e+00
     14.671   5.174988  1021.1617 1.3431e-01    21.7664     1.2426     3.3171     49.813 9.9065e-02    32.7428    26.7481  0.000e+00
     14.688   5.174938  1021.1615 1.3431e-01    21.7664     1.2426     3.3174     49.817 9.9375e-02    32.7425    26.7481  0.000e+00
     14.754   5.174860  1021.1614 1.3309e-01    21.7664     1.2426     3.3177     49.821 9.9375e-02    32.7419    26.7481  0.000e+00
     14.688   5.174775  1021.1604 1.3187e-01    21.7017     1.2426     3.3136     49.760 9.9375e-02    32.7411    26.7485  0.000e+00
     14.729   5.174605  1021.1595 1.3187e-01    21.7664     1.2426     3.3137     49.762 9.9065e-02    32.7397    26.7487  0.000e+00
     14.688   5.174378  1021.1576 1.3309e-01    21.7664     1.2426     3.3138     49.763 9.9065e-02    32.7377    26.7492  0.000e+00
     14.688   5.174102  1021.1558 1.3309e-01    21.8959     1.2426     3.3139     49.764 9.9065e-02    32.7355    26.7496  0.000e+00
     14.729   5.174024  1021.1556 1.3309e-01    21.8311     1.2426     3.3182     49.829 9.9065e-02    32.7349    26.7496  0.000e+00
     14.688   5.173904  1021.1543 1.3187e-01    21.7664     1.2426     3.3183     49.830 9.9375e-02    32.7337    26.7501  0.000e+00
     14.754   5.173883  1021.1545 1.3309e-01    21.7664     1.2426     3.3103     49.709 9.9065e-02    32.7335    26.7501  0.000e+00
     14.688   5.173861  1021.1541 1.3309e-01    21.7664     1.2426     3.3141     49.766 9.9375e-02    32.7334    26.7501  0.000e+00
     14.729   5.173946  1021.1547 1.3431e-01    21.8311     1.2426     3.3101     49.707 9.9065e-02    32.7340    26.7501  0.000e+00
     14.688   5.174138  1021.1559 1.3431e-01    21.8311     1.2426     3.3140     49.765 9.9375e-02    32.7356    26.7498  0.000e+00
     14.688   5.174364  1021.1574 1.3431e-01    21.8311     1.2426     3.3140     49.765 9.9065e-02    32.7375    26.7494  0.000e+00
     14.671   5.174541  1021.1584 1.3431e-01    21.7664     1.2426     3.3139     49.765 9.9065e-02    32.7389    26.7492  0.000e+00
     14.688   5.174612  1021.1590 1.3553e-01    21.7664     1.2426     3.3139     49.765 9.9375e-02    32.7395    26.7490  0.000e+00
     14.688   5.174754  1021.1599 1.3553e-01    21.7664     1.2426     3.3139     49.765 9.9375e-02    32.7406    26.7489  0.000e+00
