WS23139_STN11_11CTD.cnv
* Sea-Bird SBE 9 Data File:
* FileName = C:\ctd\Cruise_Data\WS23139_Rosenheim\WS23139_Rosenheim_STN11_02.hex
* Software Version Seasave V 7.26.7.121
* Temperature SN = 4097 MTG 177
* Conductivity SN = 1851 MTG 053
* Number of Bytes Per Scan = 40
* Number of Voltage Words = 5
* Number of Scans Averaged by the Deck Unit = 1
* NMEA Latitude = 04 49.53 N
* NMEA Longitude = 051 43.06 W
* NMEA UTC (Time) = Jun 11 2023 22:40:04
** Ship:
** Station:
** Operator:
# nquan = 12
# nvalues = 9250                                  
# units = specified
# name 0 = depSM: Depth [salt water, m]
# name 1 = c0S/m: Conductivity [S/m]
# name 2 = density00: Density [density, kg/m^3]
# name 3 = flSP: Fluorescence, Seapoint
# name 4 = wetCDOM: Fluorescence, WET Labs CDOM [mg/m^3]
# name 5 = flECO-AFL: Fluorescence, WET Labs ECO-AFL/FL [mg/m^3]
# name 6 = sbeox0Mg/L: Oxygen, SBE 43 [mg/l]
# name 7 = sbeox0PS: Oxygen, SBE 43 [% saturation]
# name 8 = par: PAR/Irradiance, Biospherical/Licor [Watts/m^2]
# name 9 = sal00: Salinity, Practical [PSU]
# name 10 = t090C: Temperature [ITS-90, deg C]
# name 11 = flag:  0.000e+00
# span 0 =      2.117,     27.191                 
# span 1 =   4.753351,   5.727127                 
# span 2 =  1016.7918,  1024.0200                 
# span 3 = 6.1050e-02, 1.6484e-01                 
# span 4 =    -0.6890,   264.3110                 
# span 5 =     0.3573,     1.7920                 
# span 6 =     3.9312,     6.8974                 
# span 7 =     59.889,    105.725                 
# span 8 = 9.8755e-02, 6.4087e-01                 
# span 9 =    28.1368,    36.3466                 
# span 10 =    26.3986,    29.5688                
# span 11 = 0.0000e+00, 0.0000e+00                
# interval = seconds: 0.0416667
# start_time = Jun 11 2023 22:40:04 [NMEA time, header]
# bad_flag = -9.990e-29
*END*
[from data line 3489]
     25.076   5.638511  1024.0090 1.1477e-01   255.7689     1.0594     4.2131     64.198 9.9375e-02    36.3211    26.4116  0.000e+00
     25.133   5.638482  1024.0094 1.1477e-01   264.3110     1.0899     4.2170     64.256 9.9375e-02    36.3211    26.4113  0.000e+00
     25.133   5.638540  1024.0097 1.1355e-01   264.3110     1.0899     4.2131     64.197 9.9065e-02    36.3215    26.4113  0.000e+00
     25.076   5.638540  1024.0093 1.1355e-01   262.3696     1.0594     4.2130     64.196 9.9375e-02    36.3214    26.4115  0.000e+00
     25.133   5.638482  1024.0094 1.1355e-01   259.3928     1.0594     4.2087     64.131 9.9065e-02    36.3211    26.4113  0.000e+00
     25.117   5.638445  1024.0093 1.1233e-01   259.5222     1.0594     4.2124     64.186 9.9375e-02    36.3210    26.4111  0.000e+00
     25.076   5.638467  1024.0093 1.1233e-01   259.8458     1.0594     4.2122     64.183 9.9375e-02    36.3212    26.4111  0.000e+00
     25.133   5.638415  1024.0092 1.1111e-01   259.9105     1.0594     4.2079     64.118 9.9065e-02    36.3208    26.4111  0.000e+00
     25.133   5.638445  1024.0094 1.0989e-01   259.9105     1.0594     4.2118     64.177 9.9065e-02    36.3210    26.4111  0.000e+00
     25.076   5.638445  1024.0093 1.0867e-01   259.9105     1.0594     4.2076     64.113 9.9065e-02    36.3212    26.4109  0.000e+00
     25.133   5.638438  1024.0097 1.0745e-01   259.9105     1.0594     4.2073     64.108 9.9065e-02    36.3212    26.4108  0.000e+00
     25.133   5.638460  1024.0096 1.3065e-01   176.0424     0.8457     4.2071     64.106 9.9375e-02    36.3213    26.4109  0.000e+00
     25.133   5.638474  1024.0095 1.3309e-01    41.9569     0.9678     4.2070     64.104 9.9065e-02    36.3212    26.4111  0.000e+00
     25.117   5.638511  1024.0097 1.3309e-01     3.7115     0.9984     4.2067     64.100 9.9065e-02    36.3215    26.4111  0.000e+00
     25.133   5.638482  1024.0097 1.3431e-01     5.9117     0.9678     4.2065     64.096 9.9065e-02    36.3214    26.4109  0.000e+00
     25.133   5.638511  1024.0095 1.3675e-01    11.0241     1.0289     4.2064     64.096 9.9065e-02    36.3213    26.4113  0.000e+00
     25.076   5.638526  1024.0094 1.3675e-01    12.5125     1.1205     4.2062     64.092 9.9065e-02    36.3215    26.4113  0.000e+00
     25.199   5.638496  1024.0099 1.3675e-01    12.4478     1.1205     4.2101     64.152 9.9375e-02    36.3214    26.4111  0.000e+00
     25.133   5.638504  1024.0093 1.3553e-01    12.2536     1.1205     4.2060     64.089 9.9065e-02    36.3211    26.4115  0.000e+00
     25.133   5.638518  1024.0095 1.3553e-01    12.1889     1.1205     4.2061     64.090 9.9065e-02    36.3213    26.4114  0.000e+00
     25.199   5.638460  1024.0095 1.3675e-01    12.1889     1.1205     4.2060     64.088 9.9065e-02    36.3209    26.4113  0.000e+00
     25.133   5.638489  1024.0094 1.3919e-01    12.1889     1.1205     4.2058     64.086 9.9375e-02    36.3212    26.4113  0.000e+00
     25.183   5.638555  1024.0095 1.3919e-01    12.1889     1.1205     4.2057     64.084 9.9375e-02    36.3212    26.4119  0.000e+00
     25.199   5.638540  1024.0093 1.3675e-01    38.1388     1.1205     4.2056     64.083 9.9375e-02    36.3210    26.4120  0.000e+00
     25.199   5.638518  1024.0094 1.2943e-01   193.1266     0.9984     4.2098     64.147 9.9375e-02    36.3209    26.4119  0.000e+00
     25.199   5.638489  1024.0092 1.0989e-01   264.3110     1.2120     4.2059     64.087 9.9065e-02    36.3207    26.4119  0.000e+00
     25.257   5.638482  1024.0097 1.0989e-01   264.3110     1.2426     4.2061     64.091 9.9375e-02    36.3209    26.4115  0.000e+00
     25.257   5.638452  1024.0096 1.0989e-01   264.3110     1.2120     4.2063     64.094 9.9065e-02    36.3207    26.4115  0.000e+00
     25.257   5.638460  1024.0100 1.0867e-01   260.6871     1.2120     4.2063     64.094 9.9065e-02    36.3211    26.4111  0.000e+00
     25.257   5.638445  1024.0100 1.0745e-01   259.3928     1.2120     4.2064     64.094 9.9375e-02    36.3211    26.4109  0.000e+00
     25.306   5.638438  1024.0104 1.0745e-01   259.6517     1.2120     4.2065     64.095 9.9375e-02    36.3212    26.4108  0.000e+00
     25.257   5.638430  1024.0100 1.0623e-01   259.9105     1.2120     4.2065     64.096 9.9065e-02    36.3210    26.4109  0.000e+00
     25.315   5.638401  1024.0102 1.0623e-01   259.9105     1.2120     4.2066     64.098 9.9065e-02    36.3209    26.4108  0.000e+00
     25.315   5.638452  1024.0103 1.0623e-01   259.9105     1.2120     4.2067     64.099 9.9065e-02    36.3212    26.4109  0.000e+00
     25.381   5.638474  1024.0109 1.0745e-01   259.9105     1.2120     4.2068     64.101 9.9375e-02    36.3214    26.4108  0.000e+00
     25.381   5.638408  1024.0103 1.0867e-01   259.9105     1.2120     4.2070     64.103 9.9375e-02    36.3208    26.4109  0.000e+00
     25.381   5.638452  1024.0106 1.3675e-01   134.4966     0.9984     4.2074     64.109 9.9375e-02    36.3211    26.4109  0.000e+00
     25.381   5.638452  1024.0107 1.3675e-01    21.5076     1.1205     4.2075     64.112 9.9375e-02    36.3213    26.4108  0.000e+00
     25.438   5.638430  1024.0107 1.3675e-01    -0.6890     1.1815     4.2078     64.115 9.9375e-02    36.3210    26.4109  0.000e+00
     25.422   5.638467  1024.0112 1.3553e-01     2.6114     1.1510     4.2080     64.118 9.9375e-02    36.3215    26.4106  0.000e+00
     25.496   5.638452  1024.0111 1.3309e-01     6.8824     1.1205     4.2082     64.123 9.9065e-02    36.3211    26.4109  0.000e+00
     25.381   5.638430  1024.0106 1.3187e-01     7.8531     1.1205     4.2125     64.187 9.9065e-02    36.3211    26.4108  0.000e+00
     25.562   5.638401  1024.0114 1.3065e-01     7.7237     1.0899     4.2090     64.134 9.9375e-02    36.3210    26.4106  0.000e+00
     25.496   5.638386  1024.0110 1.3065e-01     7.5943     1.0899     4.2093     64.138 9.9375e-02    36.3209    26.4106  0.000e+00
     25.496   5.638386  1024.0109 1.3065e-01     7.5296     1.0899     4.2096     64.142 9.9065e-02    36.3208    26.4108  0.000e+00
     25.562   5.638423  1024.0115 1.3187e-01     7.5296     1.1205     4.2097     64.144 9.9065e-02    36.3211    26.4106  0.000e+00
     25.562   5.638438  1024.0116 1.3065e-01     7.5296     1.0899     4.2098     64.146 9.9065e-02    36.3213    26.4106  0.000e+00
     25.620   5.638430  1024.0119 1.2943e-01     7.5296     1.0899     4.2099     64.148 9.9065e-02    36.3213    26.4104  0.000e+00
     25.612   5.638430  1024.0117 1.2943e-01    65.7066     1.1205     4.2100     64.149 9.9065e-02    36.3212    26.4106  0.000e+00
     25.562   5.638438  1024.0112 1.1844e-01   215.7762     1.0289     4.2101     64.151 9.9065e-02    36.3210    26.4109  0.000e+00
     25.686   5.638401  1024.0117 1.0745e-01   264.3110     1.2120     4.2105     64.157 9.9375e-02    36.3208    26.4108  0.000e+00
     25.620   5.638386  1024.0112 1.0867e-01   264.3110     1.2120     4.2107     64.159 9.9065e-02    36.3206    26.4109  0.000e+00
     25.686   5.638489  1024.0120 1.0867e-01   264.3110     1.1815     4.2108     64.162 9.9065e-02    36.3213    26.4109  0.000e+00
     25.686   5.638497  1024.0117 1.0623e-01   260.0399     1.1815     4.2108     64.161 9.9375e-02    36.3211    26.4113  0.000e+00
     25.686   5.638504  1024.0116 1.0501e-01   259.3281     1.1815     4.2109     64.164 9.9375e-02    36.3210    26.4115  0.000e+00
     25.686   5.638519  1024.0118 1.0745e-01   259.7164     1.1815     4.2111     64.167 9.9065e-02    36.3212    26.4113  0.000e+00
     25.686   5.638526  1024.0117 1.0623e-01   259.9105     1.1815     4.2111     64.166 9.9375e-02    36.3211    26.4115  0.000e+00
     25.611   5.638519  1024.0112 1.0256e-01   259.9752     1.1815     4.2071     64.106 9.9375e-02    36.3210    26.4116  0.000e+00
     25.801   5.638519  1024.0121 9.7680e-02   259.9105     1.1815     4.2070     64.104 9.9065e-02    36.3210    26.4115  0.000e+00
     25.743   5.638526  1024.0116 9.5238e-02   259.9105     1.1815     4.2067     64.100 9.9375e-02    36.3208    26.4119  0.000e+00
     25.743   5.638497  1024.0116 9.6459e-02   254.9923     1.1510     4.2065     64.097 9.9065e-02    36.3208    26.4117  0.000e+00
     25.743   5.638475  1024.0115 1.2454e-01   102.1401     1.0594     4.2063     64.094 9.9375e-02    36.3206    26.4117  0.000e+00
     25.743   5.638511  1024.0119 1.2332e-01    11.8006     1.0899     4.2102     64.153 9.9375e-02    36.3210    26.4115  0.000e+00
     25.743   5.638526  1024.0119 1.2210e-01    -0.6890     1.1205     4.2061     64.091 9.9065e-02    36.3211    26.4115  0.000e+00
     25.801   5.638519  1024.0120 1.2821e-01     4.3586     1.1205     4.2100     64.151 9.9065e-02    36.3209    26.4117  0.000e+00
     25.801   5.638489  1024.0121 1.3187e-01     7.8531     1.1205     4.2060     64.089 9.9375e-02    36.3210    26.4113  0.000e+00
     25.801   5.638511  1024.0118 1.3309e-01     8.3708     1.1205     4.2020     64.028 9.9375e-02    36.3207    26.4119  0.000e+00
     25.793   5.638519  1024.0119 1.3431e-01     8.1767     1.0899     4.2016     64.022 9.9065e-02    36.3209    26.4117  0.000e+00
     25.801   5.638592  1024.0124 1.3553e-01     8.0473     1.0899     4.2053     64.079 9.9375e-02    36.3214    26.4117  0.000e+00
     25.801   5.638555  1024.0122 1.3553e-01     7.9826     1.0594     4.2011     64.015 9.9065e-02    36.3212    26.4117  0.000e+00
     25.801   5.638555  1024.0119 1.3675e-01     8.0473     1.0594     4.2008     64.010 9.9065e-02    36.3209    26.4120  0.000e+00
     25.801   5.638526  1024.0117 1.3797e-01     8.0473     1.0594     4.2005     64.006 9.9375e-02    36.3207    26.4120  0.000e+00
     25.801   5.638555  1024.0119 1.3919e-01     8.0473     1.0594     4.2002     64.001 9.9065e-02    36.3209    26.4120  0.000e+00
     25.867   5.638607  1024.0122 1.3919e-01     8.2414     1.0594     4.2002     64.001 9.9375e-02    36.3211    26.4122  0.000e+00
     25.867   5.638541  1024.0119 1.3797e-01     8.6297     1.0594     4.1959     63.936 9.9065e-02    36.3206    26.4122  0.000e+00
     25.801   5.638489  1024.0114 1.3675e-01     8.6944     1.0594     4.1954     63.929 9.9375e-02    36.3203    26.4122  0.000e+00
     25.801   5.638379  1024.0109 1.3797e-01     8.6944     1.0594     4.1951     63.922 9.9065e-02    36.3196    26.4120  0.000e+00
     25.917   5.638504  1024.0122 1.3797e-01     8.7591     1.0594     4.1947     63.918 9.9065e-02    36.3206    26.4119  0.000e+00
     25.867   5.638541  1024.0120 1.3797e-01     8.6944     1.0594     4.1943     63.912 9.9065e-02    36.3208    26.4120  0.000e+00
     25.867   5.638526  1024.0121 1.3919e-01     8.6944     1.0594     4.1981     63.969 9.9065e-02    36.3208    26.4119  0.000e+00
     25.867   5.638526  1024.0121 1.3919e-01     8.6944     1.0594     4.1939     63.906 9.9065e-02    36.3208    26.4119  0.000e+00
     25.867   5.638482  1024.0119 1.3797e-01     8.6944     1.0594     4.1937     63.901 9.9065e-02    36.3205    26.4119  0.000e+00
     25.925   5.638511  1024.0123 1.3675e-01     8.6944     1.0594     4.1934     63.898 9.9375e-02    36.3207    26.4119  0.000e+00
     25.867   5.638423  1024.0116 1.3675e-01     8.6944     1.0594     4.1973     63.956 9.9375e-02    36.3200    26.4119  0.000e+00
     25.925   5.638387  1024.0114 1.3675e-01     8.6944     1.0594     4.1932     63.895 9.9375e-02    36.3196    26.4120  0.000e+00
     25.867   5.638519  1024.0121 1.3553e-01    39.0448     1.0594     4.1930     63.892 9.9065e-02    36.3207    26.4119  0.000e+00
     25.974   5.638570  1024.0128 1.2943e-01   195.8446     0.9678     4.1929     63.890 9.9375e-02    36.3211    26.4119  0.000e+00
     25.867   5.638570  1024.0122 1.0989e-01   264.3110     1.1510     4.1968     63.949 9.9065e-02    36.3210    26.4120  0.000e+00
     25.925   5.638541  1024.0123 1.0989e-01   264.3110     1.1815     4.1929     63.889 9.9375e-02    36.3207    26.4120  0.000e+00
     25.925   5.638357  1024.0114 1.0989e-01   264.3110     1.1510     4.1928     63.888 9.9065e-02    36.3195    26.4119  0.000e+00
     25.925   5.638431  1024.0118 1.0989e-01   260.5576     1.1510     4.1971     63.953 9.9065e-02    36.3201    26.4119  0.000e+00
     25.991   5.638438  1024.0123 1.0989e-01   259.3928     1.1205     4.1973     63.956 9.9065e-02    36.3202    26.4117  0.000e+00
     25.925   5.638533  1024.0126 1.0989e-01   259.6517     1.1510     4.1974     63.959 9.9375e-02    36.3210    26.4117  0.000e+00
     25.991   5.638504  1024.0129 1.1111e-01   259.9105     1.1205     4.2018     64.025 9.9375e-02    36.3209    26.4114  0.000e+00
     25.925   5.638504  1024.0124 1.1233e-01   259.9105     1.0594     4.1981     63.969 9.9065e-02    36.3208    26.4117  0.000e+00
     25.991   5.638460  1024.0126 1.1233e-01   259.9105     1.0289     4.1984     63.973 9.9065e-02    36.3205    26.4115  0.000e+00
     25.916   5.638504  1024.0125 1.1233e-01   259.9105     1.0289     4.1986     63.977 9.9375e-02    36.3209    26.4115  0.000e+00
     25.991   5.638482  1024.0127 1.1111e-01   259.9105     1.0289     4.1990     63.982 9.9065e-02    36.3207    26.4115  0.000e+00
     25.925   5.638511  1024.0126 1.3675e-01   129.1901     0.8457     4.2033     64.048 9.9065e-02    36.3209    26.4115  0.000e+00
     25.991   5.638526  1024.0130 1.3431e-01    19.0485     0.9373     4.2039     64.056 9.9375e-02    36.3210    26.4115  0.000e+00
     25.991   5.638497  1024.0130 1.3553e-01    -0.6890     0.9678     4.2044     64.065 9.9375e-02    36.3210    26.4113  0.000e+00
     25.991   5.638504  1024.0128 1.3797e-01     1.8995     0.9678     4.2049     64.073 9.9375e-02    36.3209    26.4115  0.000e+00
     25.925   5.638556  1024.0127 1.3675e-01     6.0412     0.9678     4.2054     64.081 9.9375e-02    36.3211    26.4117  0.000e+00
     25.991   5.638541  1024.0129 1.3553e-01     7.0766     0.9373     4.2020     64.028 9.9065e-02    36.3210    26.4117  0.000e+00
     25.925   5.638548  1024.0123 1.3431e-01     6.8824     0.9373     4.2023     64.033 9.9375e-02    36.3208    26.4120  0.000e+00
     25.991   5.638563  1024.0127 1.3431e-01     6.7530     0.9373     4.2027     64.039 9.9065e-02    36.3209    26.4120  0.000e+00
     25.916   5.638570  1024.0127 1.3309e-01     6.6883     0.9373     4.2069     64.103 9.9375e-02    36.3212    26.4117  0.000e+00
     25.991   5.638526  1024.0126 1.3309e-01     6.7530     0.9373     4.2074     64.110 9.9065e-02    36.3208    26.4119  0.000e+00
     25.925   5.638489  1024.0123 1.3431e-01     6.6883     0.9373     4.2077     64.116 9.9065e-02    36.3206    26.4117  0.000e+00
     25.991   5.638548  1024.0128 1.3553e-01     6.7530     0.9373     4.2081     64.122 9.9375e-02    36.3209    26.4119  0.000e+00
     25.925   5.638607  1024.0125 1.3675e-01     6.6236     0.9373     4.2125     64.189 9.9375e-02    36.3211    26.4122  0.000e+00
     25.925   5.638578  1024.0120 1.3675e-01     6.3647     0.9373     4.2093     64.140 9.9065e-02    36.3206    26.4125  0.000e+00
     25.925   5.638563  1024.0119 1.3675e-01     6.3000     0.9373     4.2097     64.146 9.9375e-02    36.3205    26.4126  0.000e+00
     25.925   5.638570  1024.0121 1.3675e-01     6.3647     0.9373     4.2103     64.155 9.9375e-02    36.3207    26.4124  0.000e+00
     25.925   5.638570  1024.0123 1.3553e-01     6.3647     0.9678     4.2107     64.162 9.9375e-02    36.3208    26.4122  0.000e+00
     25.925   5.638607  1024.0126 1.3431e-01     6.3647     0.9678     4.2109     64.164 9.9065e-02    36.3212    26.4120  0.000e+00
     25.850   5.638622  1024.0123 1.3187e-01     6.3000     0.9678     4.2151     64.228 9.9375e-02    36.3212    26.4122  0.000e+00
     25.925   5.638578  1024.0125 1.3187e-01     6.3647     0.9373     4.2117     64.176 9.9065e-02    36.3210    26.4120  0.000e+00
     25.801   5.638563  1024.0117 1.3309e-01     6.3647     0.9373     4.2158     64.239 9.9375e-02    36.3208    26.4122  0.000e+00
     25.925   5.638541  1024.0123 1.3309e-01     6.3647     0.9373     4.2122     64.183 9.9375e-02    36.3207    26.4120  0.000e+00
