WS23139_STN04_03CTD.cnv
* Sea-Bird SBE 9 Data File:
* FileName = C:\ctd\Cruise_Data\WS23139_Rosenheim\WS23139_Rosenheim_STN04.hex
* Software Version Seasave V 7.26.7.121
* Temperature SN = 4097 MTG 177
* Conductivity SN = 1851 MTG 053
* Number of Bytes Per Scan = 40
* Number of Voltage Words = 5
* Number of Scans Averaged by the Deck Unit = 1
* NMEA Latitude = 01 43.89 N
* NMEA Longitude = 049 23.02 W
* NMEA UTC (Time) = Jun 08 2023  09:59:18
* NMEA baud rate = 4800
** Ship:
** Station:
** Operator:
# nquan = 12
# nvalues = 7849                                  
# units = specified
# name 0 = depSM: Depth [salt water, m]
# name 1 = c0S/m: Conductivity [S/m]
# name 2 = density00: Density [density, kg/m^3]
# name 3 = flSP: Fluorescence, Seapoint
# name 4 = wetCDOM: Fluorescence, WET Labs CDOM [mg/m^3]
# name 5 = flECO-AFL: Fluorescence, WET Labs ECO-AFL/FL [mg/m^3]
# name 6 = sbeox0Mg/L: Oxygen, SBE 43 [mg/l]
# name 7 = sbeox0PS: Oxygen, SBE 43 [% saturation]
# name 8 = par: PAR/Irradiance, Biospherical/Licor [Watts/m^2]
# name 9 = sal00: Salinity, Practical [PSU]
# name 10 = t090C: Temperature [ITS-90, deg C]
# name 11 = flag:  0.000e+00
# span 0 =      0.687,      6.249                 
# span 1 =   0.063064,   0.074947                 
# span 2 =   996.0925,   996.1455                 
# span 3 = 6.7155e-02, 9.7680e-02                 
# span 4 =    20.6016,    29.4026                 
# span 5 =     1.7310,     2.1583                 
# span 6 =     4.1006,     6.3858                 
# span 7 =     53.678,     83.489                 
# span 8 = 9.8755e-02, 1.3583e+03                 
# span 9 =     0.2816,     0.3357                 
# span 10 =    29.2228,    29.2986                
# span 11 = 0.0000e+00, 0.0000e+00                
# interval = seconds: 0.0416667
# start_time = Jun 08 2023 09:59:18 [NMEA time, header]
# bad_flag = -9.990e-29
*END*
[from data line 5655]
      3.043   0.073283   996.1237 7.3260e-02    29.2084     1.9446     4.4793     58.631 9.9065e-02     0.3281    29.2817  0.000e+00
      3.068   0.073278   996.1240 7.3260e-02    29.2084     1.9446     4.4793     58.630 9.9065e-02     0.3280    29.2812  0.000e+00
      3.043   0.073278   996.1239 7.3260e-02    29.2084     1.8836     4.4746     58.569 9.9065e-02     0.3280    29.2811  0.000e+00
      3.134   0.073278   996.1244 7.3260e-02    29.2084     1.8836     4.4699     58.507 9.9065e-02     0.3280    29.2806  0.000e+00
      3.043   0.073280   996.1243 7.3260e-02    29.2084     1.8836     4.4652     58.445 9.9065e-02     0.3281    29.2798  0.000e+00
      3.134   0.073283   996.1249 7.2039e-02    29.2084     1.8836     4.4607     58.386 9.9065e-02     0.3281    29.2791  0.000e+00
      3.101   0.073283   996.1249 7.2039e-02    29.2084     1.8836     4.4558     58.321 9.9065e-02     0.3281    29.2787  0.000e+00
      3.068   0.073289   996.1250 7.2039e-02    29.2084     1.8836     4.4557     58.318 9.9065e-02     0.3281    29.2780  0.000e+00
      3.167   0.073283   996.1255 7.3260e-02    28.8202     1.8836     4.4510     58.257 9.9065e-02     0.3281    29.2778  0.000e+00
      3.134   0.073295   996.1254 7.4481e-02    28.6260     1.8836     4.4461     58.193 9.9065e-02     0.3281    29.2775  0.000e+00
      3.134   0.073304   996.1256 7.3260e-02    28.5613     1.8836     4.4416     58.133 9.9065e-02     0.3282    29.2769  0.000e+00
      3.101   0.073289   996.1255 7.3260e-02    28.5613     1.8836     4.4416     58.133 9.9065e-02     0.3281    29.2767  0.000e+00
      3.134   0.073283   996.1257 7.4481e-02    28.5613     1.8836     4.4371     58.074 9.9065e-02     0.3281    29.2766  0.000e+00
      3.101   0.073266   996.1256 7.4481e-02    28.5613     1.8836     4.4325     58.012 9.9065e-02     0.3280    29.2761  0.000e+00
      3.134   0.073254   996.1258 7.5702e-02    28.5613     1.8836     4.4277     57.950 9.9065e-02     0.3280    29.2760  0.000e+00
      3.167   0.073236   996.1257 7.5702e-02    28.6260     1.8836     4.4228     57.886 9.9065e-02     0.3279    29.2763  0.000e+00
      3.134   0.073219   996.1255 7.5702e-02    28.5613     1.8836     4.4179     57.823 9.9065e-02     0.3278    29.2763  0.000e+00
      3.101   0.073210   996.1252 7.4481e-02    28.6260     1.8836     4.4177     57.819 9.9065e-02     0.3278    29.2767  0.000e+00
      3.134   0.073204   996.1252 7.4481e-02    28.5613     1.8836     4.4128     57.757 9.9065e-02     0.3277    29.2773  0.000e+00
      3.101   0.073195   996.1249 7.4481e-02    28.5613     1.8836     4.4125     57.753 9.9065e-02     0.3277    29.2778  0.000e+00
      3.068   0.073189   996.1245 7.3260e-02    28.5613     1.8836     4.4029     57.628 9.9065e-02     0.3276    29.2786  0.000e+00
      3.191   0.073204   996.1249 7.3260e-02    28.6907     1.8836     4.4025     57.623 9.9065e-02     0.3277    29.2791  0.000e+00
      3.043   0.073204   996.1241 7.3260e-02    28.7554     1.8836     4.3975     57.558 9.9065e-02     0.3277    29.2797  0.000e+00
      3.068   0.073207   996.1241 7.3260e-02    28.7554     1.8836     4.3927     57.496 9.9065e-02     0.3277    29.2798  0.000e+00
      3.043   0.073210   996.1238 7.3260e-02    28.7554     1.8836     4.3878     57.433 9.9065e-02     0.3277    29.2804  0.000e+00
      3.134   0.073213   996.1241 7.3260e-02    28.7554     1.8836     4.3876     57.429 9.9065e-02     0.3277    29.2809  0.000e+00
      3.043   0.073210   996.1236 7.3260e-02    28.7554     1.8836     4.3826     57.365 9.9065e-02     0.3277    29.2814  0.000e+00
      3.010   0.073210   996.1234 7.2039e-02    28.7554     1.8836     4.3778     57.303 9.9065e-02     0.3277    29.2815  0.000e+00
      3.101   0.073198   996.1236 7.3260e-02    28.7554     1.8836     4.3779     57.304 9.9065e-02     0.3277    29.2819  0.000e+00
      3.010   0.073183   996.1231 7.3260e-02    28.7554     1.8836     4.3825     57.364 9.9065e-02     0.3276    29.2820  0.000e+00
      3.043   0.073180   996.1232 7.2039e-02    28.7554     1.8836     4.3782     57.308 9.9065e-02     0.3276    29.2823  0.000e+00
      3.010   0.073169   996.1230 7.2039e-02    28.7554     1.8836     4.3832     57.374 9.9065e-02     0.3275    29.2824  0.000e+00
      2.952   0.073169   996.1227 7.3260e-02    28.7554     1.8836     4.3791     57.320 9.9065e-02     0.3275    29.2825  0.000e+00
      3.043   0.073183   996.1231 7.3260e-02    28.3672     1.8836     4.3798     57.330 9.9065e-02     0.3276    29.2826  0.000e+00
      3.010   0.073180   996.1229 7.3260e-02    28.1083     1.8836     4.3853     57.401 9.9065e-02     0.3276    29.2827  0.000e+00
      2.977   0.073186   996.1227 7.3260e-02    28.1083     1.8836     4.3912     57.479 9.9065e-02     0.3276    29.2830  0.000e+00
      2.952   0.073180   996.1227 7.3260e-02    28.1083     1.8836     4.3927     57.499 9.9065e-02     0.3276    29.2826  0.000e+00
      2.977   0.073174   996.1227 7.3260e-02    28.1083     1.8836     4.3992     57.584 9.9065e-02     0.3276    29.2830  0.000e+00
      2.952   0.073189   996.1227 7.3260e-02    28.1083     1.8836     4.4059     57.671 9.9065e-02     0.3276    29.2828  0.000e+00
      2.977   0.073204   996.1227 7.3260e-02    28.1083     1.8836     4.4128     57.762 9.9065e-02     0.3277    29.2832  0.000e+00
      2.886   0.073210   996.1224 7.3260e-02    28.1083     1.8836     4.4155     57.797 9.9065e-02     0.3277    29.2830  0.000e+00
      2.977   0.073201   996.1227 7.3260e-02    28.1083     1.8836     4.4276     57.955 9.9065e-02     0.3277    29.2832  0.000e+00
      2.886   0.073219   996.1224 7.3260e-02    28.1083     1.8836     4.4353     58.057 9.9065e-02     0.3278    29.2831  0.000e+00
      2.952   0.073245   996.1227 7.3260e-02    28.1083     1.8836     4.4482     58.225 9.9065e-02     0.3279    29.2832  0.000e+00
      2.919   0.073254   996.1226 7.4481e-02    28.0436     1.8836     4.4564     58.333 9.9065e-02     0.3279    29.2831  0.000e+00
      2.886   0.073283   996.1226 7.3260e-02    28.1730     1.8836     4.4650     58.446 9.9065e-02     0.3281    29.2832  0.000e+00
      2.919   0.073280   996.1227 7.3260e-02    28.3025     1.8836     4.4738     58.561 9.9065e-02     0.3280    29.2833  0.000e+00
      2.886   0.073286   996.1225 7.3260e-02    28.3672     1.8836     4.4875     58.741 9.9065e-02     0.3281    29.2834  0.000e+00
      2.919   0.073292   996.1227 7.4481e-02    28.3672     1.8836     4.4967     58.860 9.9065e-02     0.3281    29.2835  0.000e+00
      2.886   0.073301   996.1226 7.3260e-02    28.3672     1.8836     4.5105     59.041 9.9065e-02     0.3281    29.2832  0.000e+00
      2.919   0.073301   996.1227 7.3260e-02    28.3672     1.8836     4.5202     59.168 9.9065e-02     0.3281    29.2833  0.000e+00
      2.886   0.073310   996.1225 7.3260e-02    28.3672     1.8836     4.5344     59.355 9.9065e-02     0.3282    29.2836  0.000e+00
      2.861   0.073313   996.1225 7.3260e-02    28.3672     1.8836     4.5349     59.361 9.9065e-02     0.3282    29.2835  0.000e+00
      2.886   0.073325   996.1226 7.3260e-02    28.3672     1.8836     4.5490     59.545 9.9065e-02     0.3282    29.2834  0.000e+00
      2.952   0.073322   996.1229 7.3260e-02    28.3672     1.8531     4.5586     59.671 9.9065e-02     0.3282    29.2835  0.000e+00
      2.861   0.073322   996.1225 7.3260e-02    28.3025     1.8531     4.5680     59.794 9.9065e-02     0.3282    29.2834  0.000e+00
      2.886   0.073328   996.1226 7.3260e-02    28.3672     1.8531     4.5776     59.921 9.9065e-02     0.3283    29.2837  0.000e+00
      2.919   0.073322   996.1228 7.3260e-02    28.3672     1.8531     4.5825     59.985 9.9065e-02     0.3282    29.2834  0.000e+00
      2.886   0.073331   996.1226 7.3260e-02    28.6260     1.8531     4.5917     60.105 9.9065e-02     0.3283    29.2837  0.000e+00
      2.919   0.073331   996.1228 7.4481e-02    28.7554     1.8531     4.5962     60.163 9.9065e-02     0.3283    29.2836  0.000e+00
      2.886   0.073322   996.1226 7.4481e-02    28.7554     1.8531     4.6052     60.281 9.9065e-02     0.3282    29.2835  0.000e+00
      2.919   0.073316   996.1228 7.4481e-02    28.7554     1.8531     4.6141     60.397 9.9065e-02     0.3282    29.2832  0.000e+00
      2.886   0.073313   996.1227 7.4481e-02    28.6907     1.8531     4.6228     60.511 9.9065e-02     0.3282    29.2830  0.000e+00
      2.977   0.073295   996.1233 7.4481e-02    28.7554     1.8531     4.6267     60.562 9.9065e-02     0.3281    29.2824  0.000e+00
      2.886   0.073292   996.1232 7.3260e-02    28.7554     1.8531     4.6349     60.668 9.9065e-02     0.3281    29.2814  0.000e+00
      2.886   0.073298   996.1235 7.4481e-02    28.7554     1.8531     4.6383     60.710 9.9065e-02     0.3281    29.2804  0.000e+00
      2.919   0.073286   996.1238 7.4481e-02    28.7554     1.8531     4.6461     60.812 9.9065e-02     0.3281    29.2795  0.000e+00
      2.952   0.073275   996.1241 7.4481e-02    28.7554     1.8531     4.6490     60.849 9.9065e-02     0.3280    29.2791  0.000e+00
      2.977   0.073269   996.1243 7.3260e-02    28.8849     1.8531     4.6517     60.884 9.9065e-02     0.3280    29.2786  0.000e+00
      2.886   0.073260   996.1240 7.4481e-02    28.7554     1.8531     4.6583     60.970 9.9065e-02     0.3280    29.2783  0.000e+00
      2.977   0.073260   996.1245 7.4481e-02    28.9496     1.8531     4.6650     61.057 9.9065e-02     0.3280    29.2780  0.000e+00
      2.886   0.073251   996.1242 7.4481e-02    29.1437     1.8531     4.6619     61.017 9.9065e-02     0.3279    29.2775  0.000e+00
      2.977   0.073248   996.1246 7.3260e-02    29.1437     1.8531     4.6630     61.031 9.9065e-02     0.3279    29.2774  0.000e+00
      3.010   0.073236   996.1249 7.3260e-02    29.1437     1.8531     4.6682     61.098 9.9065e-02     0.3279    29.2769  0.000e+00
      2.919   0.073236   996.1245 7.3260e-02    29.1437     1.8531     4.6686     61.103 9.9065e-02     0.3279    29.2767  0.000e+00
      3.010   0.073239   996.1250 7.4481e-02    29.1437     1.8531     4.6685     61.103 9.9065e-02     0.3279    29.2766  0.000e+00
      3.010   0.073216   996.1250 7.4481e-02    29.1437     1.8531     4.6727     61.156 9.9065e-02     0.3278    29.2761  0.000e+00
      2.977   0.073213   996.1248 7.4481e-02    29.0790     1.8531     4.6673     61.085 9.9065e-02     0.3278    29.2762  0.000e+00
      3.010   0.073216   996.1252 7.4481e-02    29.1437     1.8531     4.6663     61.073 9.9065e-02     0.3278    29.2756  0.000e+00
      2.977   0.073216   996.1250 7.4481e-02    29.1437     1.8531     4.6648     61.053 9.9065e-02     0.3278    29.2756  0.000e+00
      3.010   0.073210   996.1253 7.5702e-02    29.1437     1.8531     4.6633     61.033 9.9065e-02     0.3278    29.2752  0.000e+00
      3.043   0.073210   996.1255 7.5702e-02    29.1437     1.8836     4.6613     61.006 9.9065e-02     0.3278    29.2749  0.000e+00
      3.010   0.073210   996.1254 7.5702e-02    29.0143     1.8836     4.6589     60.974 9.9065e-02     0.3278    29.2746  0.000e+00
      3.043   0.073210   996.1257 7.5702e-02    28.5613     1.8836     4.6565     60.942 9.9065e-02     0.3278    29.2743  0.000e+00
      3.010   0.073227   996.1255 7.4481e-02    28.4319     1.8836     4.6539     60.909 9.9065e-02     0.3279    29.2746  0.000e+00
      3.043   0.073222   996.1257 7.4481e-02    28.4319     1.8836     4.6464     60.811 9.9065e-02     0.3278    29.2743  0.000e+00
      3.067   0.073227   996.1258 7.4481e-02    28.4319     1.8836     4.6481     60.833 9.9065e-02     0.3279    29.2744  0.000e+00
      3.010   0.073225   996.1256 7.4481e-02    28.4319     1.8836     4.6405     60.733 9.9065e-02     0.3278    29.2743  0.000e+00
      3.043   0.073242   996.1258 7.4481e-02    28.4319     1.8836     4.6373     60.692 9.9065e-02     0.3279    29.2744  0.000e+00
      3.067   0.073248   996.1259 7.4481e-02    28.4319     1.8836     4.6340     60.648 9.9065e-02     0.3279    29.2745  0.000e+00
      3.043   0.073251   996.1258 7.4481e-02    28.4319     1.8836     4.6308     60.606 9.9065e-02     0.3280    29.2743  0.000e+00
      3.067   0.073260   996.1260 7.4481e-02    28.4319     1.8836     4.6229     60.504 9.9065e-02     0.3280    29.2743  0.000e+00
      3.043   0.073266   996.1259 7.3260e-02    28.4319     1.8836     4.6198     60.462 9.9065e-02     0.3280    29.2743  0.000e+00
      3.010   0.073275   996.1258 7.3260e-02    28.4319     1.8836     4.6120     60.360 9.9065e-02     0.3281    29.2743  0.000e+00
      3.043   0.073278   996.1259 7.3260e-02    28.4319     1.8836     4.6087     60.317 9.9065e-02     0.3281    29.2744  0.000e+00
      3.067   0.073283   996.1261 7.3260e-02    28.4319     1.8836     4.6008     60.214 9.9065e-02     0.3281    29.2743  0.000e+00
      3.043   0.073283   996.1259 7.4481e-02    28.4319     1.8836     4.5977     60.173 9.9065e-02     0.3281    29.2743  0.000e+00
      3.067   0.073283   996.1260 7.3260e-02    28.4319     1.8836     4.5900     60.073 9.9065e-02     0.3281    29.2744  0.000e+00
      3.067   0.073278   996.1259 7.3260e-02    28.4319     1.8836     4.5871     60.035 9.9065e-02     0.3281    29.2747  0.000e+00
      3.043   0.073286   996.1259 7.3260e-02    28.4319     1.8836     4.5796     59.937 9.9065e-02     0.3281    29.2744  0.000e+00
      3.010   0.073275   996.1257 7.3260e-02    28.4319     1.8836     4.5770     59.903 9.9065e-02     0.3281    29.2745  0.000e+00
      3.100   0.073286   996.1261 7.4481e-02    28.4319     1.8836     4.5742     59.866 9.9065e-02     0.3281    29.2746  0.000e+00
      3.010   0.073292   996.1257 7.5702e-02    28.4319     1.8836     4.5623     59.710 9.9065e-02     0.3281    29.2747  0.000e+00
      3.100   0.073283   996.1261 7.4481e-02    28.4319     1.8836     4.5596     59.675 9.9065e-02     0.3281    29.2746  0.000e+00
      3.010   0.073289   996.1257 7.4481e-02    28.4319     1.8836     4.5523     59.580 9.9065e-02     0.3281    29.2747  0.000e+00
      3.042   0.073280   996.1258 7.4481e-02    28.4319     1.8836     4.5452     59.486 9.9065e-02     0.3281    29.2748  0.000e+00
      3.009   0.073286   996.1257 7.4481e-02    28.3672     1.8531     4.5378     59.389 9.9065e-02     0.3281    29.2747  0.000e+00
      3.042   0.073292   996.1258 7.3260e-02    28.4319     1.8531     4.5351     59.355 9.9065e-02     0.3281    29.2748  0.000e+00
      3.009   0.073286   996.1256 7.3260e-02    28.4966     1.8531     4.5231     59.197 9.9065e-02     0.3281    29.2749  0.000e+00
      3.009   0.073278   996.1256 7.3260e-02    28.4319     1.8531     4.5203     59.161 9.9065e-02     0.3281    29.2748  0.000e+00
      3.042   0.073272   996.1257 7.4481e-02    28.4966     1.8531     4.5131     59.067 9.9065e-02     0.3281    29.2749  0.000e+00
      3.009   0.073275   996.1256 7.4481e-02    28.4966     1.8531     4.5060     58.974 9.9065e-02     0.3281    29.2750  0.000e+00
      2.976   0.073286   996.1254 7.4481e-02    28.4966     1.8531     4.4988     58.879 9.9065e-02     0.3281    29.2751  0.000e+00
      3.009   0.073280   996.1255 7.4481e-02    28.4966     1.8531     4.4917     58.787 9.9065e-02     0.3281    29.2752  0.000e+00
      3.042   0.073266   996.1255 7.4481e-02    28.4966     1.8531     4.4845     58.693 9.9065e-02     0.3280    29.2754  0.000e+00
      3.009   0.073257   996.1256 7.5702e-02    28.4966     1.8531     4.4775     58.601 9.9065e-02     0.3280    29.2748  0.000e+00
      2.976   0.073266   996.1256 7.4481e-02    28.4966     1.8531     4.4751     58.569 9.9065e-02     0.3280    29.2743  0.000e+00
      2.952   0.073263   996.1256 7.4481e-02    28.4966     1.8531     4.4635     58.416 9.9065e-02     0.3280    29.2739  0.000e+00
      3.042   0.073251   996.1261 7.3260e-02    28.4966     1.8531     4.4613     58.387 9.9065e-02     0.3280    29.2733  0.000e+00
