WS23139_STN21_CTD20.cnv
* Sea-Bird SBE 9 Data File:
* FileName = C:\ctd\Cruise_Data\WS23139_Rosenheim\WS23139_Rosenheim_STN21_02.hex
* Software Version Seasave V 7.26.7.121
* Temperature SN = 4097 MTG 177
* Conductivity SN = 1851 MTG 053
* Number of Bytes Per Scan = 40
* Number of Voltage Words = 5
* Number of Scans Averaged by the Deck Unit = 1
* NMEA Latitude = 06 01.18 N
* NMEA Longitude = 054 01.52 W
* NMEA UTC (Time) = Jun 16 2023 22:46:53
** Ship:
** Station:
** Operator:
# nquan = 12
# nvalues = 5838                                  
# units = specified
# name 0 = depSM: Depth [salt water, m]
# name 1 = c0S/m: Conductivity [S/m]
# name 2 = density00: Density [density, kg/m^3]
# name 3 = flSP: Fluorescence, Seapoint
# name 4 = wetCDOM: Fluorescence, WET Labs CDOM [mg/m^3]
# name 5 = flECO-AFL: Fluorescence, WET Labs ECO-AFL/FL [mg/m^3]
# name 6 = sbeox0Mg/L: Oxygen, SBE 43 [mg/l]
# name 7 = sbeox0PS: Oxygen, SBE 43 [% saturation]
# name 8 = par: PAR/Irradiance, Biospherical/Licor [Watts/m^2]
# name 9 = sal00: Salinity, Practical [PSU]
# name 10 = t090C: Temperature [ITS-90, deg C]
# name 11 = flag:  0.000e+00
# span 0 =      0.446,     15.008                 
# span 1 =  -0.174244,   5.704735                 
# span 2 =   996.9247,  1023.4689                 
# span 3 = 9.2796e-02, 1.7216e-01                 
# span 4 =    -0.6890,   264.3110                 
# span 5 =    -0.2226,     1.7310                 
# span 6 =     4.0530,    10.5127                 
# span 7 =     61.963,    104.101                 
# span 8 = 9.8755e-02, 1.4643e+01                 
# span 9 =     0.0000,    36.0641                 
# span 10 =    10.0412,    27.6627                
# span 11 = 0.0000e+00, 0.0000e+00                
# interval = seconds: 0.0416667
# start_time = Jun 16 2023 22:46:53 [NMEA time, header]
# bad_flag = -9.990e-29
*END*
[from data line 2166]
      5.676   5.602781  1022.7720 1.1477e-01   264.3110     1.4868     5.6961     87.811 9.9065e-02    35.2451    27.4818  0.000e+00
      5.700   5.603075  1022.7737 1.1477e-01   259.9105     1.4562     5.6918     87.746 9.9065e-02    35.2472    27.4818  0.000e+00
      5.733   5.603287  1022.7749 1.1355e-01   259.4575     1.4868     5.6914     87.742 9.9065e-02    35.2487    27.4818  0.000e+00
      5.766   5.603309  1022.7748 1.1355e-01   259.7811     1.4562     5.6872     87.677 9.9065e-02    35.2486    27.4822  0.000e+00
      5.675   5.603360  1022.7749 1.1233e-01   259.9752     1.4868     5.6869     87.672 9.9065e-02    35.2491    27.4821  0.000e+00
      5.824   5.603448  1022.7760 1.1355e-01   260.0399     1.4868     5.6866     87.668 9.9065e-02    35.2497    27.4821  0.000e+00
      5.733   5.602862  1022.7710 1.1477e-01   259.9752     1.4868     5.6821     87.599 9.9065e-02    35.2443    27.4837  0.000e+00
      5.766   5.600935  1022.7584 1.1477e-01   259.9752     1.4868     5.6779     87.529 9.9375e-02    35.2285    27.4865  0.000e+00
      5.791   5.598979  1022.7461 1.1477e-01   253.0509     1.4562     5.6776     87.520 9.9375e-02    35.2130    27.4886  0.000e+00
      5.824   5.598078  1022.7406 1.4042e-01   104.4050     1.3341     5.6730     87.448 9.9065e-02    35.2059    27.4896  0.000e+00
      5.791   5.598056  1022.7402 1.3797e-01    20.0839     1.3952     5.6724     87.439 9.9375e-02    35.2057    27.4897  0.000e+00
      5.824   5.597733  1022.7383 1.3675e-01     8.5003     1.3952     5.6719     87.430 9.9065e-02    35.2031    27.4901  0.000e+00
      5.791   5.597623  1022.7378 1.3797e-01    14.1303     1.3647     5.6634     87.298 9.9065e-02    35.2025    27.4898  0.000e+00
      5.824   5.597235  1022.7350 1.3797e-01    17.3659     1.3647     5.6667     87.348 9.9065e-02    35.1990    27.4908  0.000e+00
      5.857   5.595448  1022.7223 1.3675e-01    17.8836     1.3647     5.6586     87.222 9.9065e-02    35.1836    27.4945  0.000e+00
      5.824   5.592973  1022.7071 1.3675e-01    17.6248     1.3647     5.6581     87.208 9.9065e-02    35.1644    27.4967  0.000e+00
      5.857   5.590513  1022.6928 1.3675e-01    17.4954     1.3647     5.6541     87.139 9.9375e-02    35.1459    27.4982  0.000e+00
      5.824   5.589048  1022.6850 1.3675e-01    17.4307     1.3647     5.6496     87.065 9.9065e-02    35.1356    27.4980  0.000e+00
      5.914   5.588822  1022.6835 1.3797e-01    17.3659     1.3647     5.6488     87.053 9.9065e-02    35.1335    27.4987  0.000e+00
      5.881   5.588097  1022.6780 1.3797e-01    17.4954     1.3647     5.6482     87.042 9.9065e-02    35.1271    27.5004  0.000e+00
      5.857   5.586260  1022.6672 1.3797e-01    17.4954     1.3647     5.6440     86.972 9.9065e-02    35.1133    27.5014  0.000e+00
      5.881   5.585016  1022.6608 1.4164e-01   112.1059     1.3036     5.6438     86.964 9.9065e-02    35.1046    27.5013  0.000e+00
      5.857   5.585521  1022.6644 1.1966e-01   237.7786     1.3647     5.6351     86.832 9.9065e-02    35.1090    27.5002  0.000e+00
      5.947   5.588726  1022.6848 1.1233e-01   264.3110     1.4868     5.6299     86.759 9.9065e-02    35.1341    27.4969  0.000e+00
      5.856   5.593185  1022.7104 1.1233e-01   264.3110     1.4868     5.6242     86.683 9.9065e-02    35.1676    27.4944  0.000e+00
      5.980   5.596129  1022.7280 1.1233e-01   264.3110     1.4562     5.6229     86.672 9.9065e-02    35.1896    27.4928  0.000e+00
      5.881   5.597609  1022.7392 1.1111e-01   259.6517     1.4257     5.6181     86.599 9.9065e-02    35.2033    27.4886  0.000e+00
      5.914   5.599741  1022.7546 1.0989e-01   259.5222     1.4257     5.6093     86.466 9.9065e-02    35.2217    27.4843  0.000e+00
      5.881   5.603456  1022.7790 1.0989e-01   259.7811     1.4562     5.6118     86.511 9.9065e-02    35.2520    27.4790  0.000e+00
      5.914   5.606556  1022.7978 1.1111e-01   259.9752     1.4562     5.6106     86.502 9.9065e-02    35.2758    27.4765  0.000e+00
      5.947   5.607311  1022.8022 1.1111e-01   260.0399     1.4562     5.6063     86.437 9.9065e-02    35.2813    27.4764  0.000e+00
      5.980   5.606585  1022.7976 1.1111e-01   259.9752     1.4257     5.5978     86.304 9.9065e-02    35.2755    27.4773  0.000e+00
      5.947   5.607289  1022.8023 1.1233e-01   259.9752     1.4562     5.5969     86.291 9.9065e-02    35.2814    27.4760  0.000e+00
      5.914   5.610992  1022.8254 1.1966e-01   232.2133     1.3341     5.5915     86.217 9.9065e-02    35.3106    27.4721  0.000e+00
      5.947   5.615018  1022.8506 1.3797e-01    83.3086     1.3647     5.5901     86.205 9.9065e-02    35.3422    27.4681  0.000e+00
      5.980   5.617402  1022.8660 1.3919e-01    18.4014     1.3647     5.5852     86.135 9.9065e-02    35.3612    27.4654  0.000e+00
      5.947   5.617850  1022.8687 1.3919e-01    13.3537     1.3647     5.5806     86.065 9.9065e-02    35.3648    27.4648  0.000e+00
      5.980   5.617321  1022.8665 1.3919e-01    19.1132     1.3341     5.5802     86.057 9.9065e-02    35.3614    27.4643  0.000e+00
      6.005   5.615590  1022.8565 1.3797e-01    21.5723     1.3036     5.5803     86.053 9.9065e-02    35.3484    27.4652  0.000e+00
      5.914   5.613177  1022.8412 1.3797e-01    21.7664     1.3036     5.5764     85.987 9.9065e-02    35.3295    27.4676  0.000e+00
      6.005   5.611028  1022.8278 1.3797e-01    21.5723     1.3036     5.5763     85.981 9.9375e-02    35.3123    27.4702  0.000e+00
      5.980   5.609826  1022.8193 1.3797e-01    21.4429     1.3036     5.5722     85.916 9.9065e-02    35.3021    27.4724  0.000e+00
      5.947   5.609525  1022.8171 1.3797e-01    21.4429     1.3036     5.5719     85.910 9.9065e-02    35.2996    27.4729  0.000e+00
      5.980   5.609364  1022.8167 1.3797e-01    21.4429     1.3036     5.5678     85.847 9.9065e-02    35.2987    27.4725  0.000e+00
      6.062   5.609041  1022.8141 1.3797e-01    21.5076     1.3036     5.5677     85.846 9.9065e-02    35.2955    27.4738  0.000e+00
      5.980   5.609078  1022.8135 1.3797e-01    21.4429     1.3036     5.5675     85.843 9.9065e-02    35.2953    27.4743  0.000e+00
      6.004   5.609129  1022.8132 1.3919e-01   144.6565     1.1815     5.5636     85.784 9.9065e-02    35.2951    27.4751  0.000e+00
      6.037   5.608858  1022.8116 1.1355e-01   249.8800     1.3341     5.5596     85.722 9.9065e-02    35.2929    27.4755  0.000e+00
      6.004   5.608733  1022.8105 1.1233e-01   264.3110     1.4257     5.5596     85.722 9.9065e-02    35.2918    27.4758  0.000e+00
      6.037   5.609232  1022.8139 1.1233e-01   264.3110     1.4257     5.5558     85.664 9.9065e-02    35.2959    27.4751  0.000e+00
      5.947   5.609753  1022.8163 1.1233e-01   263.0167     1.3952     5.5597     85.725 9.9065e-02    35.2996    27.4751  0.000e+00
      6.095   5.610354  1022.8206 1.1233e-01   259.4575     1.3952     5.5562     85.673 9.9065e-02    35.3042    27.4746  0.000e+00
      6.004   5.611549  1022.8275 1.1111e-01   259.5869     1.3952     5.5522     85.615 9.9065e-02    35.3134    27.4736  0.000e+00
      6.037   5.612722  1022.8352 1.1111e-01   259.9105     1.3952     5.5604     85.744 9.9065e-02    35.3228    27.4721  0.000e+00
      6.062   5.613375  1022.8394 1.0989e-01   259.9752     1.3952     5.5573     85.697 9.9065e-02    35.3280    27.4714  0.000e+00
      6.037   5.612473  1022.8320 1.1111e-01   260.0399     1.3647     5.5541     85.647 9.9065e-02    35.3195    27.4742  0.000e+00
      6.062   5.610192  1022.8177 1.1111e-01   259.9105     1.3952     5.5550     85.657 9.9375e-02    35.3014    27.4768  0.000e+00
      6.095   5.608580  1022.8092 1.1111e-01   259.9752     1.3952     5.5562     85.670 9.9065e-02    35.2900    27.4768  0.000e+00
      6.062   5.609357  1022.8155 1.1111e-01   259.9752     1.3647     5.5530     85.620 9.9065e-02    35.2974    27.4742  0.000e+00
      6.095   5.611556  1022.8308 1.1111e-01   259.9752     1.3647     5.5496     85.572 9.9065e-02    35.3159    27.4703  0.000e+00
      6.062   5.613720  1022.8439 1.1111e-01   259.9752     1.3952     5.5541     85.646 9.9065e-02    35.3327    27.4685  0.000e+00
      6.095   5.614791  1022.8491 1.1111e-01   259.9752     1.3647     5.5507     85.598 9.9065e-02    35.3397    27.4692  0.000e+00
      6.128   5.615356  1022.8529 1.1111e-01   259.9752     1.3952     5.5517     85.615 9.9065e-02    35.3442    27.4685  0.000e+00
      6.161   5.618305  1022.8738 1.1111e-01   259.9752     1.3952     5.5484     85.567 9.9065e-02    35.3694    27.4628  0.000e+00
      6.128   5.623963  1022.9115 1.1111e-01   259.8458     1.4257     5.5525     85.642 9.9065e-02    35.4160    27.4544  0.000e+00
      6.161   5.630622  1022.9543 1.1111e-01   260.0399     1.4257     5.5487     85.597 9.9065e-02    35.4693    27.4464  0.000e+00
      6.185   5.636212  1022.9896 1.1111e-01   259.9752     1.4257     5.5487     85.611 9.9375e-02    35.5135    27.4405  0.000e+00
      6.161   5.639114  1023.0068 1.1233e-01   260.0399     1.4257     5.5493     85.627 9.9065e-02    35.5356    27.4385  0.000e+00
      6.251   5.640584  1023.0167 1.1355e-01   259.9752     1.4257     5.5504     85.647 9.9065e-02    35.5474    27.4367  0.000e+00
      6.218   5.641451  1023.0225 1.1355e-01   259.9752     1.4257     5.5475     85.604 9.9065e-02    35.5547    27.4352  0.000e+00
      6.185   5.642745  1023.0314 1.1355e-01   259.9752     1.4257     5.5526     85.684 9.9065e-02    35.5657    27.4329  0.000e+00
      6.284   5.644185  1023.0408 1.1233e-01   259.9752     1.4257     5.5496     85.642 9.9375e-02    35.5771    27.4314  0.000e+00
      6.218   5.645340  1023.0481 1.1111e-01   259.9752     1.4257     5.5504     85.656 9.9375e-02    35.5864    27.4299  0.000e+00
      6.251   5.646023  1023.0518 1.1111e-01   260.0399     1.4257     5.5472     85.609 9.9065e-02    35.5913    27.4299  0.000e+00
      6.284   5.646957  1023.0581 1.1111e-01   259.9752     1.4257     5.5480     85.623 9.9065e-02    35.5988    27.4286  0.000e+00
      6.309   5.649546  1023.0759 1.1111e-01   259.9752     1.4257     5.5485     85.636 9.9375e-02    35.6205    27.4244  0.000e+00
      6.342   5.651679  1023.0889 1.0989e-01   259.9752     1.4257     5.5488     85.646 9.9065e-02    35.6369    27.4228  0.000e+00
      6.309   5.652105  1023.0909 1.0989e-01   259.9752     1.4257     5.5456     85.598 9.9065e-02    35.6398    27.4229  0.000e+00
      6.342   5.652922  1023.0970 1.0989e-01   259.9752     1.4257     5.5504     85.674 9.9065e-02    35.6469    27.4211  0.000e+00
      6.366   5.655629  1023.1154 1.1111e-01   259.9752     1.4257     5.5432     85.567 9.9065e-02    35.6694    27.4169  0.000e+00
      6.399   5.659323  1023.1392 1.0989e-01   259.9752     1.3952     5.5431     85.573 9.9065e-02    35.6990    27.4125  0.000e+00
      6.366   5.663136  1023.1644 1.1111e-01   259.9752     1.4257     5.5431     85.580 9.9375e-02    35.7303    27.4072  0.000e+00
      6.399   5.665286  1023.1769 1.1111e-01   259.9752     1.4257     5.5431     85.588 9.9065e-02    35.7463    27.4061  0.000e+00
      6.432   5.665676  1023.1795 1.3675e-01   167.3061     1.1815     5.5397     85.535 9.9065e-02    35.7494    27.4058  0.000e+00
      6.465   5.666265  1023.1843 1.3675e-01    41.7628     1.3647     5.5400     85.541 9.9065e-02    35.7549    27.4041  0.000e+00
      6.490   5.667856  1023.1947 1.3675e-01     8.6297     1.3341     5.5400     85.545 9.9065e-02    35.7677    27.4021  0.000e+00
      6.465   5.670478  1023.2119 1.3675e-01    11.7359     1.3341     5.5401     85.550 9.9065e-02    35.7891    27.3985  0.000e+00
      6.556   5.673344  1023.2309 1.3675e-01    16.4600     1.3341     5.5362     85.497 9.9065e-02    35.8123    27.3949  0.000e+00
      6.523   5.675680  1023.2463 1.3675e-01    17.7542     1.3341     5.5361     85.500 9.9065e-02    35.8315    27.3915  0.000e+00
      6.556   5.677286  1023.2568 1.3675e-01    17.6895     1.3341     5.5363     85.505 9.9065e-02    35.8444    27.3896  0.000e+00
      6.523   5.678532  1023.2651 1.3675e-01    17.4307     1.3647     5.5364     85.509 9.9065e-02    35.8547    27.3877  0.000e+00
      6.614   5.679851  1023.2747 1.3675e-01    17.4307     1.3647     5.5367     85.516 9.9065e-02    35.8659    27.3853  0.000e+00
      6.647   5.680883  1023.2813 1.3675e-01    17.3659     1.3647     5.5368     85.520 9.9065e-02    35.8741    27.3842  0.000e+00
      6.671   5.681215  1023.2833 1.3675e-01    17.4307     1.3647     5.5332     85.465 9.9065e-02    35.8766    27.3840  0.000e+00
      6.646   5.681643  1023.2867 1.3675e-01    17.4307     1.3647     5.5334     85.470 9.9065e-02    35.8806    27.3828  0.000e+00
      6.671   5.683198  1023.2983 1.3675e-01    47.7811     1.3952     5.5376     85.535 9.9065e-02    35.8944    27.3793  0.000e+00
      6.704   5.684865  1023.3090 1.2943e-01   199.0155     1.2426     5.5337     85.478 9.9065e-02    35.9076    27.3775  0.000e+00
      6.737   5.685816  1023.3154 1.1111e-01   264.3110     1.4562     5.5298     85.420 9.9065e-02    35.9154    27.3762  0.000e+00
      6.770   5.687151  1023.3255 1.1111e-01   264.3110     1.4868     5.5296     85.419 9.9375e-02    35.9273    27.3731  0.000e+00
      6.795   5.689032  1023.3380 1.1111e-01   264.3110     1.4562     5.5256     85.361 9.9065e-02    35.9426    27.3705  0.000e+00
      6.828   5.689843  1023.3430 1.0989e-01   260.5576     1.4562     5.5294     85.422 9.9065e-02    35.9489    27.3699  0.000e+00
      6.852   5.689733  1023.3423 1.0989e-01   259.3928     1.4257     5.5255     85.361 9.9065e-02    35.9479    27.3701  0.000e+00
      6.828   5.690013  1023.3448 1.1111e-01   259.7164     1.4257     5.5258     85.366 9.9065e-02    35.9508    27.3690  0.000e+00
      6.918   5.690765  1023.3508 1.1233e-01   259.9752     1.4257     5.5220     85.309 9.9065e-02    35.9575    27.3672  0.000e+00
      6.951   5.691429  1023.3552 1.1233e-01   259.9752     1.4257     5.5179     85.247 9.9065e-02    35.9628    27.3665  0.000e+00
      6.852   5.691828  1023.3575 1.1355e-01   259.9752     1.4562     5.5217     85.305 9.9375e-02    35.9662    27.3658  0.000e+00
      6.976   5.692256  1023.3614 1.1233e-01   259.9752     1.4562     5.5139     85.186 9.9065e-02    35.9701    27.3646  0.000e+00
      7.009   5.692794  1023.3652 1.1233e-01   259.9752     1.4562     5.5136     85.181 9.9065e-02    35.9746    27.3637  0.000e+00
      6.976   5.693163  1023.3674 1.3797e-01   127.2487     1.2731     5.5091     85.113 9.9065e-02    35.9776    27.3633  0.000e+00
      7.009   5.693222  1023.3676 1.3675e-01    17.1718     1.3647     5.5088     85.109 9.9065e-02    35.9778    27.3636  0.000e+00
      7.100   5.693038  1023.3671 1.3553e-01    -0.6890     1.4257     5.5086     85.104 9.9065e-02    35.9765    27.3635  0.000e+00
      7.009   5.692979  1023.3663 1.3553e-01     0.3464     1.4257     5.5043     85.038 9.9065e-02    35.9761    27.3636  0.000e+00
      7.100   5.692846  1023.3659 1.3553e-01     4.2939     1.3952     5.4999     84.969 9.9065e-02    35.9750    27.3637  0.000e+00
      7.133   5.693001  1023.3675 1.3675e-01     5.5235     1.3647     5.4955     84.902 9.9065e-02    35.9766    27.3630  0.000e+00
      7.157   5.693451  1023.3708 1.3553e-01     5.3940     1.3952     5.4908     84.830 9.9375e-02    35.9805    27.3621  0.000e+00
      7.132   5.693931  1023.3735 1.3553e-01     5.2646     1.3341     5.4900     84.819 9.9065e-02    35.9841    27.3619  0.000e+00
      7.157   5.693916  1023.3733 1.3675e-01     5.1999     1.2426     5.4854     84.748 9.9065e-02    35.9838    27.3621  0.000e+00
      7.190   5.693658  1023.3716 1.3675e-01     5.1999     1.2120     5.4849     84.739 9.9065e-02    35.9816    27.3626  0.000e+00
      7.157   5.693451  1023.3703 1.3797e-01     5.1999     1.2120     5.4802     84.666 9.9065e-02    35.9801    27.3627  0.000e+00
