WS23139_STN21_CTD20.cnv
* Sea-Bird SBE 9 Data File:
* FileName = C:\ctd\Cruise_Data\WS23139_Rosenheim\WS23139_Rosenheim_STN21_02.hex
* Software Version Seasave V 7.26.7.121
* Temperature SN = 4097 MTG 177
* Conductivity SN = 1851 MTG 053
* Number of Bytes Per Scan = 40
* Number of Voltage Words = 5
* Number of Scans Averaged by the Deck Unit = 1
* NMEA Latitude = 06 01.18 N
* NMEA Longitude = 054 01.52 W
* NMEA UTC (Time) = Jun 16 2023 22:46:53
** Ship:
** Station:
** Operator:
# nquan = 12
# nvalues = 5838                                  
# units = specified
# name 0 = depSM: Depth [salt water, m]
# name 1 = c0S/m: Conductivity [S/m]
# name 2 = density00: Density [density, kg/m^3]
# name 3 = flSP: Fluorescence, Seapoint
# name 4 = wetCDOM: Fluorescence, WET Labs CDOM [mg/m^3]
# name 5 = flECO-AFL: Fluorescence, WET Labs ECO-AFL/FL [mg/m^3]
# name 6 = sbeox0Mg/L: Oxygen, SBE 43 [mg/l]
# name 7 = sbeox0PS: Oxygen, SBE 43 [% saturation]
# name 8 = par: PAR/Irradiance, Biospherical/Licor [Watts/m^2]
# name 9 = sal00: Salinity, Practical [PSU]
# name 10 = t090C: Temperature [ITS-90, deg C]
# name 11 = flag:  0.000e+00
# span 0 =      0.446,     15.008                 
# span 1 =  -0.174244,   5.704735                 
# span 2 =   996.9247,  1023.4689                 
# span 3 = 9.2796e-02, 1.7216e-01                 
# span 4 =    -0.6890,   264.3110                 
# span 5 =    -0.2226,     1.7310                 
# span 6 =     4.0530,    10.5127                 
# span 7 =     61.963,    104.101                 
# span 8 = 9.8755e-02, 1.4643e+01                 
# span 9 =     0.0000,    36.0641                 
# span 10 =    10.0412,    27.6627                
# span 11 = 0.0000e+00, 0.0000e+00                
# interval = seconds: 0.0416667
# start_time = Jun 16 2023 22:46:53 [NMEA time, header]
# bad_flag = -9.990e-29
*END*
[from data line 2286]
      7.223   5.692411  1023.3628 1.3919e-01     6.4942     1.2120     5.4670     84.462 9.9065e-02    35.9708    27.3650  0.000e+00
      7.190   5.690544  1023.3487 1.3797e-01     9.2121     1.2120     5.4661     84.446 9.9065e-02    35.9542    27.3694  0.000e+00
      7.223   5.687667  1023.3283 1.3675e-01    10.1828     1.2120     5.4614     84.369 9.9065e-02    35.9293    27.3751  0.000e+00
      7.256   5.684164  1023.3044 1.3553e-01    10.1828     1.2120     5.4608     84.353 9.9065e-02    35.8998    27.3809  0.000e+00
      7.281   5.682247  1023.2919 1.3675e-01     9.9239     1.2120     5.4522     84.217 9.9065e-02    35.8842    27.3835  0.000e+00
      7.190   5.682601  1023.2939 1.3675e-01     9.9887     1.2120     5.4510     84.199 9.9065e-02    35.8871    27.3830  0.000e+00
      7.281   5.683014  1023.2970 1.3797e-01     9.9887     1.2120     5.4499     84.183 9.9065e-02    35.8905    27.3824  0.000e+00
      7.256   5.682623  1023.2946 1.3919e-01    10.1828     1.2120     5.4412     84.048 9.9065e-02    35.8875    27.3826  0.000e+00
      7.223   5.681776  1023.2888 1.3919e-01     9.9887     1.2120     5.4360     83.966 9.9065e-02    35.8806    27.3838  0.000e+00
      7.256   5.680773  1023.2824 1.3797e-01     9.9887     1.2120     5.4308     83.884 9.9065e-02    35.8724    27.3851  0.000e+00
      7.281   5.680095  1023.2783 1.3797e-01     9.9887     1.2120     5.4257     83.803 9.9065e-02    35.8671    27.3857  0.000e+00
      7.256   5.679859  1023.2770 1.3675e-01     9.9887     1.2120     5.4244     83.782 9.9065e-02    35.8655    27.3857  0.000e+00
      7.223   5.680095  1023.2784 1.3553e-01    19.8898     1.2120     5.4191     83.700 9.9065e-02    35.8674    27.3853  0.000e+00
      7.313   5.680463  1023.2811 1.3187e-01   173.1950     1.0594     5.4138     83.620 9.9065e-02    35.8703    27.3849  0.000e+00
      7.223   5.680913  1023.2833 1.0867e-01   257.9691     1.3036     5.4084     83.538 9.9065e-02    35.8737    27.3848  0.000e+00
      7.256   5.681473  1023.2875 1.0867e-01   264.3110     1.3341     5.4072     83.520 9.9065e-02    35.8785    27.3837  0.000e+00
      7.280   5.682085  1023.2915 1.0989e-01   264.3110     1.3036     5.3979     83.378 9.9065e-02    35.8834    27.3830  0.000e+00
      7.256   5.682587  1023.2948 1.0989e-01   261.5931     1.3036     5.3925     83.295 9.9375e-02    35.8876    27.3822  0.000e+00
      7.280   5.683014  1023.2983 1.0989e-01   259.3928     1.3036     5.3912     83.276 9.9065e-02    35.8916    27.3809  0.000e+00
      7.256   5.683398  1023.3009 1.0989e-01   259.6517     1.3036     5.3901     83.259 9.9065e-02    35.8949    27.3802  0.000e+00
      7.223   5.683869  1023.3040 1.0989e-01   259.9752     1.3036     5.3813     83.123 9.9065e-02    35.8988    27.3795  0.000e+00
      7.313   5.684209  1023.3063 1.1111e-01   259.9752     1.2731     5.3803     83.110 9.9065e-02    35.9014    27.3793  0.000e+00
      7.223   5.684636  1023.3087 1.1233e-01   259.9752     1.2120     5.3793     83.095 9.9065e-02    35.9049    27.3787  0.000e+00
      7.256   5.685064  1023.3120 1.1233e-01   259.9752     1.1815     5.3747     83.024 9.9065e-02    35.9086    27.3778  0.000e+00
      7.280   5.685337  1023.3139 1.1233e-01   259.9752     1.1815     5.3704     82.958 9.9375e-02    35.9108    27.3774  0.000e+00
      7.256   5.685529  1023.3155 1.4042e-01   166.3354     0.9678     5.3699     82.950 9.9375e-02    35.9127    27.3767  0.000e+00
      7.223   5.685794  1023.3182 1.4164e-01    41.1804     1.0899     5.3656     82.882 9.9065e-02    35.9159    27.3751  0.000e+00
      7.280   5.686178  1023.3209 1.4164e-01     8.4355     1.0899     5.3612     82.816 9.9065e-02    35.9189    27.3747  0.000e+00
      7.255   5.686768  1023.3248 1.3919e-01    11.5418     1.0899     5.3607     82.809 9.9065e-02    35.9238    27.3738  0.000e+00
      7.280   5.687660  1023.3307 1.3797e-01    16.2658     1.0899     5.3606     82.810 9.9065e-02    35.9310    27.3727  0.000e+00
      7.313   5.688508  1023.3362 1.3675e-01    17.5601     1.0899     5.3566     82.750 9.9065e-02    35.9378    27.3718  0.000e+00
      7.280   5.689010  1023.3394 1.3675e-01    17.4307     1.0899     5.3608     82.815 9.9065e-02    35.9419    27.3710  0.000e+00
      7.255   5.689113  1023.3400 1.3675e-01    17.2365     1.0899     5.3532     82.699 9.9065e-02    35.9428    27.3709  0.000e+00
      7.346   5.689084  1023.3406 1.3675e-01    17.2365     1.0899     5.3534     82.702 9.9065e-02    35.9429    27.3705  0.000e+00
      7.313   5.689659  1023.3445 1.3675e-01    17.2365     1.0899     5.3540     82.711 9.9065e-02    35.9478    27.3694  0.000e+00
      7.280   5.690729  1023.3518 1.3675e-01    17.2365     1.0899     5.3504     82.657 9.9065e-02    35.9569    27.3676  0.000e+00
      7.313   5.692020  1023.3608 1.3675e-01    17.2365     1.0899     5.3548     82.727 9.9065e-02    35.9677    27.3654  0.000e+00
      7.346   5.693245  1023.3695 1.3675e-01    48.4929     1.0899     5.3515     82.679 9.9065e-02    35.9782    27.3632  0.000e+00
      7.379   5.694160  1023.3760 1.2943e-01   199.6626     0.9984     5.3524     82.693 9.9065e-02    35.9859    27.3616  0.000e+00
      7.346   5.694794  1023.3800 1.1233e-01   264.3110     1.1815     5.3574     82.772 9.9065e-02    35.9911    27.3608  0.000e+00
      7.379   5.695001  1023.3815 1.1233e-01   264.3110     1.2120     5.3548     82.733 9.9065e-02    35.9928    27.3605  0.000e+00
      7.461   5.695060  1023.3820 1.1233e-01   264.3110     1.2120     5.3561     82.753 9.9065e-02    35.9931    27.3606  0.000e+00
      7.379   5.695075  1023.3819 1.1111e-01   260.5576     1.1815     5.3574     82.772 9.9375e-02    35.9933    27.3604  0.000e+00
      7.404   5.695104  1023.3823 1.1111e-01   259.4575     1.1815     5.3588     82.793 9.9065e-02    35.9936    27.3603  0.000e+00
      7.494   5.695259  1023.3838 1.1111e-01   259.7164     1.1815     5.3564     82.757 9.9065e-02    35.9949    27.3600  0.000e+00
      7.461   5.695621  1023.3863 1.0989e-01   259.9752     1.1815     5.3577     82.778 9.9065e-02    35.9981    27.3592  0.000e+00
      7.494   5.696182  1023.3905 1.0989e-01   259.9752     1.1815     5.3634     82.866 9.9375e-02    36.0030    27.3580  0.000e+00
      7.461   5.696536  1023.3927 1.0867e-01   260.0399     1.1815     5.3651     82.894 9.9065e-02    36.0059    27.3576  0.000e+00
      7.560   5.696713  1023.3945 1.0867e-01   259.9752     1.1815     5.3591     82.801 9.9065e-02    36.0075    27.3571  0.000e+00
      7.585   5.696927  1023.3960 1.0989e-01   259.9752     1.2120     5.3604     82.820 9.9065e-02    36.0092    27.3568  0.000e+00
      7.618   5.697090  1023.3972 1.3675e-01   138.5735     0.9984     5.3658     82.905 9.9375e-02    36.0106    27.3565  0.000e+00
      7.585   5.697304  1023.3987 1.3553e-01    34.3855     1.1205     5.3635     82.869 9.9065e-02    36.0125    27.3560  0.000e+00
      7.618   5.697459  1023.3998 1.3675e-01    13.3537     1.1205     5.3691     82.957 9.9375e-02    36.0137    27.3559  0.000e+00
      7.708   5.697599  1023.4012 1.3675e-01    18.0131     1.1205     5.3669     82.922 9.9065e-02    36.0149    27.3556  0.000e+00
      7.684   5.697702  1023.4019 1.3675e-01    22.0900     1.1205     5.3725     83.009 9.9065e-02    36.0159    27.3554  0.000e+00
      7.708   5.697732  1023.4022 1.3553e-01    22.8666     1.1205     5.3705     82.978 9.9065e-02    36.0161    27.3553  0.000e+00
      7.766   5.697835  1023.4032 1.3553e-01    22.6724     1.1205     5.3721     83.003 9.9375e-02    36.0170    27.3551  0.000e+00
      7.741   5.697902  1023.4035 1.3553e-01    22.4783     1.1205     5.3696     82.965 9.9065e-02    36.0175    27.3550  0.000e+00
      7.832   5.698094  1023.4052 1.3553e-01    22.4783     1.1205     5.3709     82.986 9.9065e-02    36.0191    27.3547  0.000e+00
      7.799   5.698286  1023.4063 1.3553e-01    22.4783     1.1205     5.3681     82.943 9.9065e-02    36.0207    27.3545  0.000e+00
      7.890   5.698441  1023.4076 1.3431e-01    22.4783     1.1205     5.3694     82.963 9.9065e-02    36.0219    27.3543  0.000e+00
      7.923   5.698610  1023.4091 1.3431e-01    22.4783     1.1205     5.3705     82.981 9.9065e-02    36.0234    27.3539  0.000e+00
      7.890   5.698699  1023.4093 1.3309e-01    77.7432     1.1205     5.3756     83.059 9.9065e-02    36.0240    27.3540  0.000e+00
      7.980   5.698677  1023.4094 1.1966e-01   218.8177     1.0594     5.3729     83.017 9.9065e-02    36.0236    27.3542  0.000e+00
      7.947   5.698596  1023.4091 1.0867e-01   264.3110     1.2426     5.3740     83.034 9.9375e-02    36.0233    27.3539  0.000e+00
      8.046   5.698507  1023.4088 1.0989e-01   264.3110     1.2426     5.3710     82.987 9.9065e-02    36.0224    27.3542  0.000e+00
      8.013   5.698374  1023.4078 1.1111e-01   264.3110     1.2120     5.3715     82.996 9.9065e-02    36.0214    27.3543  0.000e+00
      8.104   5.698271  1023.4072 1.1111e-01   259.9752     1.2120     5.3723     83.007 9.9375e-02    36.0203    27.3547  0.000e+00
      8.137   5.698382  1023.4082 1.1233e-01   259.3928     1.2120     5.3731     83.020 9.9065e-02    36.0213    27.3545  0.000e+00
      8.104   5.698566  1023.4093 1.1355e-01   259.7811     1.2120     5.3696     82.966 9.9065e-02    36.0228    27.3542  0.000e+00
      8.195   5.698721  1023.4107 1.1233e-01   259.9752     1.2120     5.3700     82.973 9.9065e-02    36.0240    27.3540  0.000e+00
      8.228   5.699002  1023.4127 1.1233e-01   259.9752     1.2120     5.3746     83.044 9.9375e-02    36.0264    27.3535  0.000e+00
      8.195   5.699149  1023.4133 1.1111e-01   259.9752     1.2120     5.3711     82.991 9.9375e-02    36.0274    27.3536  0.000e+00
      8.252   5.699046  1023.4127 1.0989e-01   259.9752     1.2120     5.3715     82.996 9.9065e-02    36.0264    27.3539  0.000e+00
      8.285   5.698928  1023.4123 1.0989e-01   256.4160     1.1815     5.3719     83.003 9.9375e-02    36.0256    27.3538  0.000e+00
      8.318   5.699105  1023.4137 1.3431e-01   109.5821     1.0594     5.3682     82.946 9.9065e-02    36.0272    27.3534  0.000e+00
      8.351   5.699386  1023.4156 1.3309e-01    20.0192     1.1205     5.3682     82.946 9.9065e-02    36.0294    27.3532  0.000e+00
      8.376   5.699622  1023.4173 1.3309e-01     6.4942     1.1510     5.3722     83.009 9.9065e-02    36.0313    27.3529  0.000e+00
      8.351   5.699681  1023.4174 1.3309e-01    12.0595     1.1205     5.3685     82.952 9.9065e-02    36.0316    27.3530  0.000e+00
      8.442   5.699556  1023.4168 1.3309e-01    15.4893     1.1205     5.3686     82.953 9.9065e-02    36.0305    27.3533  0.000e+00
      8.409   5.699474  1023.4166 1.3187e-01    15.8128     1.1205     5.3729     83.018 9.9065e-02    36.0302    27.3529  0.000e+00
      8.442   5.699423  1023.4160 1.3187e-01    15.8128     1.1205     5.3650     82.898 9.9065e-02    36.0294    27.3534  0.000e+00
      8.533   5.699445  1023.4164 1.3187e-01    15.6834     1.1205     5.3609     82.834 9.9065e-02    36.0295    27.3534  0.000e+00
      8.442   5.699460  1023.4161 1.3187e-01    15.6187     1.1205     5.3605     82.828 9.9065e-02    36.0296    27.3535  0.000e+00
      8.533   5.699489  1023.4167 1.3187e-01    15.6834     1.1205     5.3602     82.823 9.9065e-02    36.0298    27.3534  0.000e+00
      8.557   5.699570  1023.4173 1.3309e-01    15.6834     1.1205     5.3640     82.882 9.9065e-02    36.0305    27.3534  0.000e+00
      8.533   5.699600  1023.4173 1.3309e-01    15.6834     1.1205     5.3599     82.819 9.9375e-02    36.0306    27.3534  0.000e+00
      8.557   5.699630  1023.4177 1.3431e-01   107.2524     1.0594     5.3597     82.816 9.9065e-02    36.0310    27.3533  0.000e+00
      8.557   5.699644  1023.4177 1.1355e-01   235.8373     1.1205     5.3558     82.756 9.9065e-02    36.0310    27.3534  0.000e+00
      8.656   5.699644  1023.4182 1.0867e-01   264.3110     1.2426     5.3557     82.753 9.9065e-02    36.0310    27.3533  0.000e+00
      8.623   5.699615  1023.4176 1.0745e-01   264.3110     1.2426     5.3555     82.751 9.9065e-02    36.0306    27.3535  0.000e+00
      8.590   5.699290  1023.4148 1.0867e-01   264.3110     1.2426     5.3554     82.749 9.9375e-02    36.0275    27.3546  0.000e+00
      8.681   5.698899  1023.4121 1.0745e-01   259.6517     1.2120     5.3555     82.751 9.9375e-02    36.0239    27.3556  0.000e+00
      8.656   5.698596  1023.4098 1.0745e-01   259.4575     1.2120     5.3514     82.687 9.9065e-02    36.0212    27.3563  0.000e+00
      8.681   5.698522  1023.4093 1.0745e-01   259.8458     1.2120     5.3552     82.745 9.9065e-02    36.0205    27.3565  0.000e+00
      8.714   5.698559  1023.4097 1.0745e-01   259.9752     1.2120     5.3555     82.750 9.9065e-02    36.0208    27.3565  0.000e+00
      8.739   5.698640  1023.4101 1.0745e-01   259.9105     1.2120     5.3558     82.755 9.9065e-02    36.0213    27.3565  0.000e+00
      8.656   5.698663  1023.4098 1.0745e-01   259.9752     1.2120     5.3478     82.631 9.9375e-02    36.0214    27.3567  0.000e+00
      8.739   5.698633  1023.4103 1.0623e-01   259.9752     1.2120     5.3475     82.627 9.9375e-02    36.0214    27.3564  0.000e+00
      8.739   5.698685  1023.4105 1.0745e-01   260.0399     1.2120     5.3475     82.627 9.9375e-02    36.0218    27.3564  0.000e+00
      8.780   5.698714  1023.4111 1.0623e-01   259.9752     1.1815     5.3474     82.625 9.9065e-02    36.0222    27.3561  0.000e+00
      8.739   5.698744  1023.4114 1.0623e-01   259.9752     1.1205     5.3475     82.627 9.9375e-02    36.0226    27.3558  0.000e+00
      8.714   5.698854  1023.4119 1.0501e-01   259.9752     1.1205     5.3436     82.566 9.9065e-02    36.0235    27.3557  0.000e+00
      8.805   5.698891  1023.4126 1.0256e-01   260.0399     1.1205     5.3477     82.631 9.9065e-02    36.0238    27.3556  0.000e+00
      8.780   5.698869  1023.4125 9.8901e-02   259.9752     1.1205     5.3440     82.572 9.9065e-02    36.0237    27.3555  0.000e+00
      8.805   5.698855  1023.4125 9.5238e-02   259.9752     1.1205     5.3401     82.513 9.9065e-02    36.0237    27.3555  0.000e+00
      8.780   5.698855  1023.4126 9.5238e-02   259.9752     1.1205     5.3439     82.571 9.9375e-02    36.0238    27.3553  0.000e+00
      8.739   5.699054  1023.4136 9.6459e-02   259.9752     1.1205     5.3440     82.572 9.9375e-02    36.0253    27.3552  0.000e+00
      8.780   5.699194  1023.4144 9.5238e-02   260.0399     1.1205     5.3439     82.572 9.9065e-02    36.0262    27.3553  0.000e+00
      8.805   5.699120  1023.4144 9.6459e-02   259.9752     1.1205     5.3400     82.511 9.9065e-02    36.0259    27.3550  0.000e+00
      8.805   5.699083  1023.4139 9.7680e-02   259.9752     1.1205     5.3399     82.510 9.9065e-02    36.0254    27.3553  0.000e+00
      8.714   5.699054  1023.4133 9.8901e-02   259.9752     1.1205     5.3401     82.513 9.9065e-02    36.0252    27.3554  0.000e+00
      8.804   5.699069  1023.4140 1.2454e-01   142.1974     0.9068     5.3363     82.454 9.9065e-02    36.0255    27.3551  0.000e+00
      8.780   5.699083  1023.4137 1.2210e-01    34.7738     1.0289     5.3362     82.453 9.9375e-02    36.0253    27.3555  0.000e+00
      8.738   5.699113  1023.4138 1.2332e-01    12.1242     1.0289     5.3361     82.451 9.9065e-02    36.0256    27.3554  0.000e+00
      8.714   5.699128  1023.4138 1.2210e-01    16.6541     1.0289     5.3320     82.388 9.9065e-02    36.0258    27.3553  0.000e+00
      8.738   5.699165  1023.4140 1.2210e-01    20.7957     1.0289     5.3359     82.448 9.9375e-02    36.0260    27.3554  0.000e+00
      8.714   5.699209  1023.4141 1.2332e-01    21.6370     1.0289     5.3320     82.388 9.9065e-02    36.0262    27.3555  0.000e+00
      8.738   5.699224  1023.4142 1.2454e-01    21.4429     1.0289     5.3318     82.385 9.9065e-02    36.0263    27.3555  0.000e+00
      8.714   5.699194  1023.4140 1.2454e-01    21.3134     1.0289     5.3357     82.445 9.9065e-02    36.0261    27.3555  0.000e+00
