WS23139_STN12_12CTD.cnv
* Sea-Bird SBE 9 Data File:
* FileName = C:\ctd\Cruise_Data\WS23139_Rosenheim\WS23139_Rosenheim_STN12.hex
* Software Version Seasave V 7.26.7.121
* Temperature SN = 4097 MTG 177
* Conductivity SN = 1851 MTG 053
* Number of Bytes Per Scan = 40
* Number of Voltage Words = 5
* Number of Scans Averaged by the Deck Unit = 1
* NMEA Latitude = 04 36.81 N
* NMEA Longitude = 051 40.80 W
* NMEA UTC (Time) = Jun 12 2023 01:31:55
** Ship:
** Station:
** Operator:
# nquan = 12
# nvalues = 7366                                  
# units = specified
# name 0 = depSM: Depth [salt water, m]
# name 1 = c0S/m: Conductivity [S/m]
# name 2 = density00: Density [density, kg/m^3]
# name 3 = flSP: Fluorescence, Seapoint
# name 4 = wetCDOM: Fluorescence, WET Labs CDOM [mg/m^3]
# name 5 = flECO-AFL: Fluorescence, WET Labs ECO-AFL/FL [mg/m^3]
# name 6 = sbeox0Mg/L: Oxygen, SBE 43 [mg/l]
# name 7 = sbeox0PS: Oxygen, SBE 43 [% saturation]
# name 8 = par: PAR/Irradiance, Biospherical/Licor [Watts/m^2]
# name 9 = sal00: Salinity, Practical [PSU]
# name 10 = t090C: Temperature [ITS-90, deg C]
# name 11 = flag:  0.000e+00
# span 0 =      1.824,      5.936                 
# span 1 =   4.128599,   5.632351                 
# span 2 =  1014.3432,  1023.1450                 
# span 3 = 1.1233e-01, 1.6606e-01                 
# span 4 =    -0.6890,   264.3110                 
# span 5 =     1.0594,     2.3109                 
# span 6 =     4.6268,     6.2771                 
# span 7 =     71.197,     93.375                 
# span 8 = 9.8755e-02, 3.6671e-01                 
# span 9 =    24.4879,    35.6374                 
# span 10 =    27.2422,    28.5610                
# span 11 = 0.0000e+00, 0.0000e+00                
# interval = seconds: 0.0416667
# start_time = Jun 12 2023 01:31:55 [NMEA time, header]
# bad_flag = -9.990e-29
*END*
[from data line 6858]
      2.884   5.149628  1020.0477 1.4286e-01    17.4307     1.3952     5.4824     83.422 1.8232e-01    31.8000    27.8609  0.000e+00
      2.851   5.154012  1020.0719 1.4286e-01    17.4307     1.3952     5.4819     83.426 1.8396e-01    31.8317    27.8591  0.000e+00
      2.884   5.163910  1020.1290 1.4164e-01    17.4307     1.3952     5.4845     83.490 1.8016e-01    31.9046    27.8526  0.000e+00
      2.851   5.176281  1020.1999 1.4164e-01    17.4307     1.3952     5.4867     83.555 1.7538e-01    31.9958    27.8446  0.000e+00
      2.884   5.185438  1020.2541 1.4164e-01    17.4307     1.3952     5.4856     83.561 1.7381e-01    32.0646    27.8369  0.000e+00
      2.851   5.190112  1020.2831 1.4286e-01    82.2084     1.4257     5.4852     83.563 1.7381e-01    32.1009    27.8312  0.000e+00
      2.909   5.191687  1020.2938 1.2698e-01   222.8946     1.3036     5.4894     83.630 1.7225e-01    32.1137    27.8285  0.000e+00
      2.884   5.190949  1020.2897 1.1722e-01   264.3110     1.4868     5.4899     83.635 1.7225e-01    32.1084    27.8287  0.000e+00
      2.909   5.189559  1020.2807 1.1844e-01   264.3110     1.4868     5.4943     83.700 1.7433e-01    32.0973    27.8309  0.000e+00
      2.884   5.188750  1020.2752 1.1844e-01   264.3110     1.4868     5.4944     83.701 1.7908e-01    32.0907    27.8323  0.000e+00
      2.851   5.189020  1020.2761 1.1844e-01   259.8458     1.4562     5.4945     83.703 1.8070e-01    32.0923    27.8327  0.000e+00
      2.884   5.189963  1020.2822 1.1844e-01   259.3928     1.4562     5.4944     83.704 1.8070e-01    32.0997    27.8314  0.000e+00
      2.909   5.190140  1020.2828 1.1722e-01   259.7164     1.4562     5.4985     83.767 1.7962e-01    32.1005    27.8320  0.000e+00
      2.884   5.189268  1020.2779 1.1722e-01   259.9105     1.4562     5.4988     83.769 1.7962e-01    32.0942    27.8323  0.000e+00
      2.909   5.188984  1020.2766 1.1722e-01   259.9105     1.4562     5.4989     83.770 1.7908e-01    32.0924    27.8321  0.000e+00
      2.909   5.189530  1020.2787 1.1600e-01   259.9105     1.4562     5.5028     83.833 1.8070e-01    32.0956    27.8330  0.000e+00
      2.884   5.190523  1020.2844 1.1600e-01   259.9105     1.4562     5.5028     83.835 1.8124e-01    32.1030    27.8323  0.000e+00
      2.909   5.191183  1020.2884 1.1844e-01   250.3330     1.4257     5.5028     83.836 1.8178e-01    32.1079    27.8318  0.000e+00
      2.942   5.190828  1020.2862 1.4408e-01    97.8690     1.3647     5.5070     83.899 1.9009e-01    32.1051    27.8323  0.000e+00
      2.851   5.191346  1020.2890 1.4286e-01    15.0363     1.3952     5.5070     83.901 1.9467e-01    32.1091    27.8318  0.000e+00
      2.942   5.192148  1020.2945 1.4164e-01     4.4233     1.4257     5.5111     83.964 1.9525e-01    32.1153    27.8307  0.000e+00
      2.909   5.190601  1020.2863 1.4286e-01    10.1828     1.3952     5.5117     83.968 1.9642e-01    32.1046    27.8307  0.000e+00
      2.851   5.183588  1020.2445 1.4408e-01    13.3537     1.3952     5.5129     83.970 1.9642e-01    32.0518    27.8367  0.000e+00
      2.942   5.172350  1020.1780 1.4408e-01    13.7420     1.3952     5.5149     83.975 1.9642e-01    31.9671    27.8467  0.000e+00
      2.909   5.161532  1020.1127 1.4286e-01    13.5479     1.3952     5.5206     84.038 2.0114e-01    31.8849    27.8574  0.000e+00
      2.942   5.154832  1020.0722 1.4286e-01    13.4184     1.3952     5.5217     84.041 2.0536e-01    31.8337    27.8644  0.000e+00
      2.909   5.154776  1020.0723 1.4286e-01    13.4184     1.3952     5.5259     84.103 2.0597e-01    31.8338    27.8637  0.000e+00
      2.942   5.159536  1020.1005 1.4286e-01    13.4184     1.3952     5.5253     84.105 2.0597e-01    31.8695    27.8597  0.000e+00
      2.909   5.164143  1020.1258 1.4164e-01    13.4184     1.3952     5.5246     84.108 2.0536e-01    31.9026    27.8580  0.000e+00
      2.884   5.166536  1020.1388 1.4164e-01    13.4184     1.3952     5.5241     84.108 2.0536e-01    31.9197    27.8572  0.000e+00
      2.909   5.166451  1020.1389 1.4164e-01    17.1071     1.3952     5.5282     84.169 2.0114e-01    31.9195    27.8567  0.000e+00
      2.909   5.166012  1020.1366 1.4164e-01    21.7664     1.3952     5.5282     84.168 1.9525e-01    31.9164    27.8567  0.000e+00
      2.942   5.166019  1020.1382 1.4042e-01    22.9313     1.3647     5.5323     84.228 1.9410e-01    31.9176    27.8550  0.000e+00
      2.975   5.164738  1020.1330 1.4164e-01    22.8666     1.3341     5.5326     84.226 1.9410e-01    31.9098    27.8534  0.000e+00
      2.884   5.163655  1020.1266 1.4042e-01    22.6724     1.3341     5.5326     84.224 1.9584e-01    31.9021    27.8538  0.000e+00
      2.909   5.162954  1020.1220 1.4164e-01    22.6077     1.3341     5.5325     84.222 1.9642e-01    31.8963    27.8551  0.000e+00
      2.942   5.161114  1020.1140 1.4164e-01    22.6077     1.3341     5.5329     84.220 2.0114e-01    31.8847    27.8533  0.000e+00
      2.909   5.159954  1020.1105 1.4164e-01    22.7371     1.3341     5.5372     84.277 2.1725e-01    31.8789    27.8501  0.000e+00
      2.884   5.158532  1020.1047 1.4164e-01    22.6724     1.3341     5.5374     84.274 2.2376e-01    31.8704    27.8481  0.000e+00
      2.975   5.153093  1020.0741 1.4408e-01    22.6077     1.3341     5.5340     84.208 2.2245e-01    31.8305    27.8514  0.000e+00
      2.909   5.137086  1019.9819 1.4408e-01    22.6077     1.3341     5.5440     84.320 2.1725e-01    31.7126    27.8618  0.000e+00
      2.884   5.116503  1019.8599 1.4408e-01    22.6077     1.3341     5.5428     84.254 2.1469e-01    31.5580    27.8800  0.000e+00
      2.909   5.100650  1019.7670 1.4164e-01    56.3879     1.3647     5.5488     84.307 2.1533e-01    31.4397    27.8930  0.000e+00
      2.942   5.085767  1019.6813 1.3431e-01   203.8043     1.2120     5.5510     84.303 2.2245e-01    31.3298    27.9036  0.000e+00
      2.909   5.072897  1019.6087 1.1722e-01   264.3110     1.4257     5.5447     84.173 2.2576e-01    31.2364    27.9106  0.000e+00
      2.942   5.066036  1019.5708 1.1600e-01   264.3110     1.4257     5.5492     84.223 2.2642e-01    31.1870    27.9137  0.000e+00
      2.909   5.064000  1019.5573 1.1600e-01   264.3110     1.4257     5.5528     84.275 2.3736e-01    31.1706    27.9172  0.000e+00
      2.884   5.063916  1019.5557 1.1600e-01   260.3635     1.3952     5.5524     84.269 2.4373e-01    31.1692    27.9185  0.000e+00
      2.909   5.063993  1019.5550 1.1477e-01   259.3928     1.3952     5.5518     84.262 2.4517e-01    31.1688    27.9200  0.000e+00
      2.909   5.065924  1019.5641 1.1600e-01   259.6517     1.3952     5.5507     84.253 2.3876e-01    31.1813    27.9211  0.000e+00
      2.884   5.070397  1019.5894 1.1600e-01   259.9105     1.3952     5.5532     84.303 2.3389e-01    31.2140    27.9183  0.000e+00
      2.909   5.074520  1019.6137 1.1600e-01   259.9105     1.3952     5.5481     84.236 2.3320e-01    31.2448    27.9148  0.000e+00
      2.884   5.076298  1019.6207 1.1722e-01   259.9105     1.3952     5.5430     84.166 2.3183e-01    31.2553    27.9174  0.000e+00
      2.909   5.077520  1019.6246 1.1844e-01   259.9105     1.3952     5.5457     84.215 2.3115e-01    31.2617    27.9205  0.000e+00
      2.884   5.079362  1019.6328 1.1844e-01   261.4636     1.4257     5.5445     84.204 2.3183e-01    31.2735    27.9220  0.000e+00
      2.909   5.082595  1019.6519 1.4530e-01   135.5320     1.2120     5.5394     84.133 2.2576e-01    31.2976    27.9193  0.000e+00
      2.909   5.085190  1019.6688 1.4286e-01    34.5149     1.3341     5.5463     84.243 2.1854e-01    31.3183    27.9150  0.000e+00
      2.884   5.086294  1019.6753 1.4164e-01    14.8421     1.3341     5.5417     84.175 2.1661e-01    31.3267    27.9139  0.000e+00
      2.851   5.088376  1019.6873 1.4164e-01    19.5662     1.3647     5.5407     84.164 2.1725e-01    31.3421    27.9123  0.000e+00
      2.942   5.091148  1019.7037 1.4164e-01    23.4490     1.3647     5.5436     84.215 2.1789e-01    31.3626    27.9103  0.000e+00
      2.851   5.093322  1019.7142 1.4164e-01    24.2255     1.3647     5.5424     84.205 2.1854e-01    31.3773    27.9108  0.000e+00
      2.942   5.095715  1019.7310 1.4042e-01    24.0314     1.3647     5.5417     84.198 2.2179e-01    31.3970    27.9059  0.000e+00
      2.851   5.099256  1019.7580 1.4042e-01    23.9020     1.3647     5.5452     84.249 2.3389e-01    31.4289    27.8948  0.000e+00
      2.884   5.102206  1019.7794 1.4042e-01    23.8373     1.3647     5.5446     84.242 2.3736e-01    31.4540    27.8877  0.000e+00
      2.909   5.099326  1019.7616 1.4164e-01    23.9020     1.3647     5.5445     84.236 2.3806e-01    31.4318    27.8912  0.000e+00
      2.909   5.093470  1019.7250 1.4286e-01    23.9020     1.3647     5.5448     84.229 2.3666e-01    31.3862    27.8989  0.000e+00
      2.884   5.088025  1019.6935 1.4286e-01    23.9020     1.3647     5.5451     84.220 2.3736e-01    31.3460    27.9027  0.000e+00
      2.909   5.085781  1019.6825 1.4408e-01    85.8971     1.3647     5.5452     84.214 2.3596e-01    31.3310    27.9020  0.000e+00
      2.884   5.088728  1019.6962 1.2821e-01   223.2829     1.3036     5.5480     84.267 2.3115e-01    31.3502    27.9038  0.000e+00
      2.851   5.093188  1019.7219 1.1844e-01   264.3110     1.4562     5.5471     84.264 2.2776e-01    31.3832    27.9005  0.000e+00
      2.942   5.095370  1019.7396 1.1722e-01   264.3110     1.4562     5.5510     84.323 2.2776e-01    31.4030    27.8933  0.000e+00
      2.851   5.095377  1019.7376 1.1722e-01   264.3110     1.4562     5.5506     84.320 2.3596e-01    31.4018    27.8952  0.000e+00
      2.884   5.097601  1019.7458 1.1600e-01   259.8458     1.4257     5.5537     84.378 2.4159e-01    31.4144    27.8994  0.000e+00
      2.909   5.101234  1019.7630 1.1600e-01   259.3928     1.4257     5.5488     84.318 2.4230e-01    31.4380    27.9016  0.000e+00
      2.909   5.102164  1019.7696 1.1722e-01   259.7164     1.4562     5.5526     84.377 2.4373e-01    31.4459    27.8994  0.000e+00
      2.884   5.103100  1019.7769 1.1844e-01   259.9105     1.4257     5.5528     84.379 2.4373e-01    31.4544    27.8963  0.000e+00
      2.909   5.106805  1019.7988 1.1844e-01   259.9752     1.4562     5.5563     84.442 2.4445e-01    31.4821    27.8932  0.000e+00
      2.884   5.110307  1019.8178 1.1844e-01   259.9105     1.4257     5.5599     84.506 2.4301e-01    31.5071    27.8921  0.000e+00
      2.909   5.114035  1019.8360 1.1844e-01   259.9105     1.4257     5.5633     84.572 2.4230e-01    31.5319    27.8935  0.000e+00
      2.884   5.125869  1019.9002 1.1844e-01   250.5271     1.3952     5.5576     84.519 2.4230e-01    31.6160    27.8901  0.000e+00
      2.909   5.141599  1019.9834 1.4164e-01    93.2744     1.3647     5.5587     84.586 2.4373e-01    31.7259    27.8884  0.000e+00
      2.884   5.150052  1020.0249 1.4042e-01     7.1413     1.3952     5.5573     84.595 2.4517e-01    31.7826    27.8912  0.000e+00
      2.975   5.145613  1019.9999 1.3919e-01    -0.6890     1.4257     5.5587     84.605 2.4517e-01    31.7500    27.8939  0.000e+00
      2.851   5.135977  1019.9513 1.3797e-01     1.3171     1.3952     5.5653     84.672 2.4159e-01    31.6850    27.8915  0.000e+00
      2.884   5.129997  1019.9304 1.3919e-01     4.6822     1.3647     5.5681     84.681 2.3596e-01    31.6517    27.8794  0.000e+00
      2.975   5.128254  1019.9231 1.3919e-01     5.4587     1.3647     5.5732     84.751 2.3389e-01    31.6407    27.8778  0.000e+00
      2.884   5.125298  1019.9069 1.4042e-01     5.3293     1.3647     5.5745     84.762 2.3458e-01    31.6199    27.8783  0.000e+00
      2.909   5.122243  1019.8921 1.4164e-01     5.2646     1.3647     5.5759     84.773 2.3527e-01    31.5995    27.8772  0.000e+00
      2.942   5.126222  1019.9132 1.4164e-01     5.1352     1.3647     5.5755     84.779 2.3527e-01    31.6273    27.8769  0.000e+00
      2.909   5.139805  1019.9887 1.4042e-01     5.1999     1.3647     5.5778     84.852 2.3806e-01    31.7255    27.8706  0.000e+00
      2.909   5.155412  1020.0793 1.4042e-01     5.1999     1.3341     5.5759     84.861 2.4807e-01    31.8412    27.8593  0.000e+00
      2.884   5.167966  1020.1507 1.4042e-01     5.1999     1.3647     5.5784     84.934 2.5100e-01    31.9333    27.8518  0.000e+00
      2.975   5.179682  1020.2152 1.4164e-01     7.4001     1.3647     5.5730     84.886 2.5026e-01    32.0170    27.8481  0.000e+00
      2.884   5.200607  1020.3342 1.4164e-01    10.1181     1.3647     5.5775     85.010 2.4880e-01    32.1707    27.8356  0.000e+00
      2.909   5.219612  1020.4494 1.4164e-01    10.7652     1.3341     5.5714     84.958 2.4734e-01    32.3158    27.8165  0.000e+00
      2.942   5.233207  1020.5357 1.4164e-01    10.7652     1.3341     5.5702     84.966 2.4589e-01    32.4227    27.7985  0.000e+00
      2.851   5.242343  1020.5904 1.4164e-01    10.6358     1.3341     5.5692     84.972 2.3389e-01    32.4923    27.7897  0.000e+00
      2.999   5.247166  1020.6186 1.4042e-01    10.6358     1.3341     5.5688     84.978 2.2844e-01    32.5277    27.7869  0.000e+00
      2.909   5.251164  1020.6388 1.4042e-01    10.6358     1.3341     5.5680     84.980 2.2709e-01    32.5553    27.7873  0.000e+00
      2.909   5.253816  1020.6551 1.4042e-01    10.5711     1.3341     5.5679     84.985 2.3320e-01    32.5758    27.7843  0.000e+00
      2.884   5.260506  1020.6945 1.4042e-01    10.7005     1.3341     5.5669     84.985 2.3736e-01    32.6261    27.7790  0.000e+00
      2.975   5.271954  1020.7578 1.4164e-01    10.5711     1.3341     5.5644     84.981 2.3806e-01    32.7082    27.7755  0.000e+00
      2.884   5.283212  1020.8194 1.4164e-01    10.6358     1.3341     5.5660     85.039 2.4953e-01    32.7892    27.7719  0.000e+00
      2.975   5.288666  1020.8527 1.4042e-01    10.5711     1.3341     5.5611     84.977 2.5924e-01    32.8308    27.7667  0.000e+00
      2.884   5.284870  1020.8336 1.4042e-01    45.3220     1.3647     5.5573     84.905 2.6153e-01    32.8054    27.7653  0.000e+00
      2.975   5.276946  1020.7889 1.3309e-01   200.2451     1.2120     5.5623     84.959 2.5248e-01    32.7471    27.7696  0.000e+00
      2.942   5.273724  1020.7687 1.1600e-01   264.3110     1.4562     5.5621     84.950 2.4373e-01    32.7221    27.7733  0.000e+00
      2.909   5.274296  1020.7675 1.1477e-01   264.3110     1.4257     5.5569     84.877 2.4088e-01    32.7228    27.7781  0.000e+00
      2.909   5.276967  1020.7781 1.1722e-01   264.3110     1.4257     5.5593     84.927 2.3876e-01    32.7386    27.7822  0.000e+00
      2.884   5.282790  1020.8066 1.1722e-01   260.4929     1.3952     5.5572     84.916 2.3596e-01    32.7776    27.7843  0.000e+00
      2.909   5.286728  1020.8298 1.1722e-01   259.3281     1.3952     5.5558     84.905 2.3596e-01    32.8071    27.7814  0.000e+00
      2.942   5.285327  1020.8261 1.1722e-01   259.6517     1.3952     5.5558     84.895 2.3458e-01    32.8002    27.7774  0.000e+00
      2.909   5.281861  1020.8091 1.1722e-01   259.9105     1.4257     5.5518     84.822 2.3047e-01    32.7771    27.7758  0.000e+00
      2.942   5.282247  1020.8096 1.1722e-01   259.9752     1.3952     5.5547     84.869 2.2979e-01    32.7784    27.7777  0.000e+00
      2.909   5.285556  1020.8263 1.1844e-01   259.9105     1.3952     5.5530     84.855 2.3251e-01    32.8011    27.7783  0.000e+00
      2.942   5.290003  1020.8502 1.1844e-01   259.9105     1.3952     5.5511     84.840 2.4017e-01    32.8325    27.7777  0.000e+00
      2.909   5.294902  1020.8800 1.1722e-01   261.0753     1.3952     5.5453     84.762 2.4301e-01    32.8701    27.7728  0.000e+00
      2.909   5.297270  1020.8978 1.4408e-01   127.3782     1.2426     5.5441     84.745 2.4661e-01    32.8911    27.7664  0.000e+00
      2.942   5.296991  1020.9003 1.4164e-01    23.4490     1.3341     5.5433     84.728 2.6539e-01    32.8923    27.7619  0.000e+00
