WS23139_STN02_02CTD.cnv
* Sea-Bird SBE 9 Data File:
* FileName = C:\ctd\Cruise_Data\WS23139_Rosenheim\WS23139_Rosenheim_STN02_02.hex
* Software Version Seasave V 7.26.7.121
* Temperature SN = 4097 MTG 177
* Conductivity SN = 1851 MTG 053
* Number of Bytes Per Scan = 40
* Number of Voltage Words = 5
* Number of Scans Averaged by the Deck Unit = 1
* NMEA Latitude = 02 40.65 N
* NMEA Longitude = 048 15.45 W
* NMEA UTC (Time) = Oct 22 2003  14:24:54
** Ship:
** Station:
** Operator:
# nquan = 12
# nvalues = 16910                                 
# units = specified
# name 0 = depSM: Depth [salt water, m]
# name 1 = c0S/m: Conductivity [S/m]
# name 2 = density00: Density [density, kg/m^3]
# name 3 = flSP: Fluorescence, Seapoint
# name 4 = wetCDOM: Fluorescence, WET Labs CDOM [mg/m^3]
# name 5 = flECO-AFL: Fluorescence, WET Labs ECO-AFL/FL [mg/m^3]
# name 6 = sbeox0Mg/L: Oxygen, SBE 43 [mg/l]
# name 7 = sbeox0PS: Oxygen, SBE 43 [% saturation]
# name 8 = par: PAR/Irradiance, Biospherical/Licor [Watts/m^2]
# name 9 = sal00: Salinity, Practical [PSU]
# name 10 = t090C: Temperature [ITS-90, deg C]
# name 11 = flag:  0.000e+00
# span 0 =      1.550,     94.402                 
# span 1 =   5.822714,   5.871983                 
# span 2 =  1022.8635,  1023.3956                 
# span 3 = 9.5238e-02, 1.3187e-01                 
# span 4 =    -0.6890,   264.3110                 
# span 5 =    -0.1311,     0.5710                 
# span 6 =     5.9760,     6.2251                 
# span 7 =     94.225,     98.488                 
# span 8 = 1.2230e+01, 7.4007e+03                 
# span 9 =    36.0059,    36.0367                 
# span 10 =    28.4865,    28.9478                
# span 11 = 0.0000e+00, 0.0000e+00                
# interval = seconds: 0.0416667
# start_time = Oct 22 2003 14:24:54 [NMEA time, header]
# bad_flag = -9.990e-29
*END*
[from data line 5053]
     57.320   5.825494  1023.2329 1.0134e-01   259.3928     0.3573     6.1490     96.823 8.2109e+01    36.0131    28.5159  0.000e+00
     57.369   5.825539  1023.2330 1.0134e-01   259.6517     0.3573     6.1496     96.833 8.1879e+01    36.0131    28.5163  0.000e+00
     57.386   5.825599  1023.2330 1.0256e-01   259.9105     0.3879     6.1462     96.781 8.2109e+01    36.0132    28.5167  0.000e+00
     57.369   5.825710  1023.2327 1.0256e-01   259.9752     0.3573     6.1463     96.784 8.1420e+01    36.0133    28.5176  0.000e+00
     57.443   5.825777  1023.2327 1.0134e-01   259.9752     0.3573     6.1467     96.791 8.1191e+01    36.0132    28.5183  0.000e+00
     57.369   5.825792  1023.2321 1.0134e-01   259.9105     0.3573     6.1470     96.796 8.1420e+01    36.0130    28.5187  0.000e+00
     57.493   5.825859  1023.2325 1.0134e-01   259.9105     0.3879     6.1511     96.862 8.1191e+01    36.0131    28.5192  0.000e+00
     57.443   5.825964  1023.2324 1.2698e-01   154.5576     0.3573     6.1513     96.866 8.0963e+01    36.0134    28.5198  0.000e+00
     57.493   5.826016  1023.2322 1.2576e-01    27.9142     0.3879     6.1476     96.809 8.0963e+01    36.0132    28.5205  0.000e+00
     57.501   5.826031  1023.2323 1.2454e-01    -0.6890     0.3573     6.1477     96.810 8.0509e+01    36.0133    28.5205  0.000e+00
     57.559   5.826031  1023.2325 1.2454e-01     0.2817     0.3879     6.1478     96.812 8.0283e+01    36.0133    28.5205  0.000e+00
     57.625   5.825986  1023.2326 1.2454e-01     4.7469     0.3879     6.1477     96.809 8.0283e+01    36.0129    28.5205  0.000e+00
     57.559   5.825941  1023.2324 1.2454e-01     6.2353     0.3879     6.1516     96.870 8.0057e+01    36.0129    28.5202  0.000e+00
     57.625   5.825979  1023.2330 1.2454e-01     6.1706     0.3879     6.1476     96.808 7.9833e+01    36.0133    28.5200  0.000e+00
     57.617   5.825949  1023.2325 1.2454e-01     6.0412     0.3879     6.1513     96.866 7.9609e+01    36.0128    28.5203  0.000e+00
     57.625   5.825934  1023.2324 1.2454e-01     6.1059     0.3879     6.1513     96.867 7.9609e+01    36.0127    28.5203  0.000e+00
     57.740   5.826001  1023.2331 1.2454e-01     5.9764     0.3879     6.1473     96.804 7.9385e+01    36.0130    28.5205  0.000e+00
     57.625   5.826061  1023.2326 1.2454e-01     5.9764     0.3879     6.1470     96.800 7.9162e+01    36.0132    28.5209  0.000e+00
     57.740   5.826001  1023.2329 1.2454e-01     5.9764     0.3879     6.1508     96.860 7.9162e+01    36.0128    28.5207  0.000e+00
     57.798   5.825949  1023.2331 1.2454e-01     6.9471     0.3879     6.1511     96.863 7.8940e+01    36.0126    28.5205  0.000e+00
     57.749   5.826009  1023.2332 1.2454e-01    10.5711     0.3879     6.1509     96.861 7.8940e+01    36.0131    28.5205  0.000e+00
     57.798   5.825986  1023.2331 1.2576e-01    11.9948     0.3879     6.1469     96.798 7.8718e+01    36.0127    28.5207  0.000e+00
     57.806   5.825979  1023.2334 1.2454e-01    12.1242     0.3879     6.1506     96.855 7.8718e+01    36.0130    28.5203  0.000e+00
     57.798   5.826016  1023.2334 1.2454e-01    11.9948     0.3879     6.1504     96.853 7.8497e+01    36.0131    28.5205  0.000e+00
     57.872   5.825964  1023.2336 1.2454e-01    11.9300     0.3879     6.1503     96.850 7.8497e+01    36.0128    28.5203  0.000e+00
     57.864   5.826038  1023.2338 1.2576e-01    11.9300     0.3879     6.1463     96.788 7.8277e+01    36.0132    28.5205  0.000e+00
     57.872   5.826076  1023.2340 1.2454e-01    11.9300     0.3879     6.1498     96.843 7.8497e+01    36.0135    28.5205  0.000e+00
     57.922   5.826076  1023.2337 1.2454e-01    11.8653     0.3879     6.1497     96.843 7.8277e+01    36.0131    28.5211  0.000e+00
     57.930   5.826113  1023.2338 1.2332e-01    11.8006     0.3879     6.1496     96.841 7.8497e+01    36.0132    28.5213  0.000e+00
     57.922   5.826158  1023.2338 1.2454e-01    11.8653     0.3879     6.1494     96.839 7.8057e+01    36.0133    28.5214  0.000e+00
     57.922   5.826106  1023.2337 1.2332e-01    11.9300     0.3879     6.1531     96.896 7.8277e+01    36.0131    28.5213  0.000e+00
     57.988   5.826046  1023.2339 1.2454e-01    12.5125     0.3879     6.1492     96.835 7.8057e+01    36.0128    28.5211  0.000e+00
     57.979   5.826061  1023.2337 1.2576e-01   150.8043     0.3573     6.1490     96.832 7.8277e+01    36.0128    28.5213  0.000e+00
     57.930   5.826180  1023.2336 1.0134e-01   252.9862     0.3879     6.1526     96.889 7.8277e+01    36.0132    28.5218  0.000e+00
     58.045   5.826180  1023.2343 1.0134e-01   264.3110     0.3573     6.1487     96.828 7.8277e+01    36.0133    28.5216  0.000e+00
     57.930   5.826135  1023.2337 1.0134e-01   264.3110     0.3573     6.1483     96.822 7.8057e+01    36.0132    28.5214  0.000e+00
     58.045   5.826098  1023.2337 1.0134e-01   262.6932     0.3573     6.1481     96.818 7.8057e+01    36.0126    28.5218  0.000e+00
     58.054   5.826113  1023.2336 1.0134e-01   259.4575     0.3573     6.1517     96.875 7.8277e+01    36.0126    28.5220  0.000e+00
     57.979   5.826158  1023.2339 1.0134e-01   259.5222     0.3573     6.1517     96.875 7.8277e+01    36.0132    28.5216  0.000e+00
     58.045   5.826202  1023.2342 1.0134e-01   259.8458     0.3573     6.1515     96.872 7.8277e+01    36.0133    28.5218  0.000e+00
     58.054   5.826180  1023.2341 1.0134e-01   259.9105     0.3879     6.1475     96.810 7.8277e+01    36.0132    28.5218  0.000e+00
     58.045   5.826106  1023.2344 1.0134e-01   259.9105     0.3573     6.1474     96.806 7.8497e+01    36.0132    28.5211  0.000e+00
     58.054   5.826076  1023.2344 1.0134e-01   259.9752     0.3573     6.1473     96.805 7.8497e+01    36.0131    28.5209  0.000e+00
     58.045   5.826039  1023.2344 1.0134e-01   259.9105     0.3573     6.1473     96.804 7.8497e+01    36.0130    28.5207  0.000e+00
     58.054   5.825957  1023.2341 1.2332e-01   182.7078     0.3879     6.1512     96.865 7.8718e+01    36.0126    28.5205  0.000e+00
     58.045   5.825964  1023.2345 1.2576e-01    38.0741     0.3573     6.1511     96.863 7.8718e+01    36.0129    28.5202  0.000e+00
     58.054   5.825867  1023.2347 1.2454e-01    -0.6890     0.3573     6.1472     96.800 7.8940e+01    36.0128    28.5194  0.000e+00
     58.045   5.825845  1023.2350 1.2454e-01    -0.6890     0.3573     6.1469     96.795 7.8940e+01    36.0131    28.5189  0.000e+00
     57.988   5.825837  1023.2349 1.2454e-01    -0.6890     0.3573     6.1506     96.854 7.9162e+01    36.0132    28.5187  0.000e+00
     58.161   5.825800  1023.2354 1.2576e-01     1.4465     0.3573     6.1510     96.859 7.8940e+01    36.0129    28.5187  0.000e+00
     58.045   5.825793  1023.2351 1.2576e-01     2.1584     0.4184     6.1512     96.861 7.9162e+01    36.0130    28.5185  0.000e+00
     58.111   5.825822  1023.2355 1.2454e-01     2.0937     0.4489     6.1512     96.862 7.9385e+01    36.0132    28.5185  0.000e+00
     57.979   5.825800  1023.2354 1.2332e-01     2.0937     0.4794     6.1512     96.861 7.9162e+01    36.0135    28.5179  0.000e+00
     58.111   5.825726  1023.2353 1.2332e-01     1.9642     0.4489     6.1473     96.800 7.9385e+01    36.0128    28.5181  0.000e+00
     58.045   5.825659  1023.2349 1.2332e-01     1.9642     0.4794     6.1510     96.858 7.9609e+01    36.0125    28.5179  0.000e+00
     58.053   5.825718  1023.2354 1.2332e-01     2.0289     0.4794     6.1472     96.799 7.9609e+01    36.0130    28.5178  0.000e+00
     58.103   5.825748  1023.2357 1.2332e-01    18.9838     0.4794     6.1512     96.861 7.9609e+01    36.0132    28.5178  0.000e+00
     58.053   5.825748  1023.2355 1.2210e-01   179.6016     0.4489     6.1511     96.859 7.9609e+01    36.0132    28.5178  0.000e+00
     58.045   5.825748  1023.2353 1.0012e-01   259.6517     0.4794     6.1510     96.858 7.9833e+01    36.0131    28.5180  0.000e+00
     58.103   5.825748  1023.2354 1.0134e-01   264.3110     0.4794     6.1470     96.796 7.9609e+01    36.0129    28.5181  0.000e+00
     58.053   5.825748  1023.2355 1.0134e-01   264.3110     0.5100     6.1507     96.853 7.9833e+01    36.0132    28.5178  0.000e+00
     58.103   5.825778  1023.2357 1.0134e-01   261.3989     0.4794     6.1469     96.793 7.9609e+01    36.0133    28.5179  0.000e+00
     58.053   5.825793  1023.2356 1.0134e-01   259.3928     0.4794     6.1504     96.850 7.9833e+01    36.0134    28.5179  0.000e+00
     58.045   5.825793  1023.2356 1.0134e-01   259.6517     0.4794     6.1505     96.851 7.9609e+01    36.0134    28.5179  0.000e+00
     58.111   5.825837  1023.2357 1.0134e-01   259.9105     0.4794     6.1506     96.853 7.9609e+01    36.0134    28.5183  0.000e+00
     58.103   5.825808  1023.2352 1.0256e-01   259.9752     0.4794     6.1465     96.789 7.9833e+01    36.0129    28.5187  0.000e+00
     58.111   5.825822  1023.2355 1.0379e-01   259.9105     0.4794     6.1462     96.783 7.9385e+01    36.0132    28.5185  0.000e+00
     58.103   5.825800  1023.2352 1.0379e-01   259.9105     0.4794     6.1500     96.843 7.9609e+01    36.0129    28.5187  0.000e+00
     58.103   5.825793  1023.2351 1.0379e-01   259.9105     0.5100     6.1500     96.844 7.9609e+01    36.0128    28.5187  0.000e+00
     58.111   5.825793  1023.2355 1.2821e-01   155.5283     0.4184     6.1501     96.844 7.9385e+01    36.0131    28.5183  0.000e+00
     58.103   5.825793  1023.2353 1.2698e-01    36.8446     0.4489     6.1499     96.841 7.9385e+01    36.0130    28.5185  0.000e+00
     58.177   5.825793  1023.2358 1.2821e-01     8.3061     0.4794     6.1500     96.842 7.9385e+01    36.0131    28.5183  0.000e+00
     58.161   5.825793  1023.2359 1.2943e-01    12.1242     0.4794     6.1500     96.842 7.9385e+01    36.0132    28.5181  0.000e+00
     58.111   5.825755  1023.2355 1.2821e-01    16.6541     0.4794     6.1499     96.841 7.9385e+01    36.0130    28.5181  0.000e+00
     58.227   5.825815  1023.2361 1.2698e-01    17.7542     0.4794     6.1498     96.839 7.9385e+01    36.0132    28.5183  0.000e+00
     58.177   5.825733  1023.2358 1.2698e-01    17.6248     0.4794     6.1497     96.838 7.9385e+01    36.0129    28.5180  0.000e+00
     58.227   5.825733  1023.2362 1.2576e-01    17.4307     0.4489     6.1537     96.900 7.9385e+01    36.0131    28.5178  0.000e+00
     58.161   5.825778  1023.2353 1.2576e-01    17.4307     0.3879     6.1498     96.840 7.9609e+01    36.0127    28.5187  0.000e+00
     58.235   5.825927  1023.2359 1.2576e-01    17.4307     0.3879     6.1497     96.840 7.9385e+01    36.0133    28.5192  0.000e+00
     58.284   5.825942  1023.2357 1.2576e-01    17.4307     0.3879     6.1459     96.780 7.9162e+01    36.0130    28.5198  0.000e+00
     58.235   5.825934  1023.2356 1.2698e-01    17.4307     0.3879     6.1495     96.838 7.9385e+01    36.0131    28.5196  0.000e+00
     58.284   5.825897  1023.2358 1.2576e-01    59.0412     0.3573     6.1495     96.837 7.9162e+01    36.0130    28.5194  0.000e+00
     58.359   5.825815  1023.2360 1.1722e-01   208.0106     0.3879     6.1497     96.840 7.8940e+01    36.0126    28.5190  0.000e+00
     58.284   5.825718  1023.2356 1.0256e-01   264.3110     0.3573     6.1457     96.776 7.9162e+01    36.0124    28.5185  0.000e+00
     58.359   5.825659  1023.2367 1.0256e-01   264.3110     0.3573     6.1456     96.772 7.8718e+01    36.0128    28.5174  0.000e+00
     58.408   5.825681  1023.2373 1.0256e-01   264.3110     0.3879     6.1454     96.769 7.8718e+01    36.0132    28.5170  0.000e+00
     58.350   5.825666  1023.2367 1.0379e-01   260.2341     0.3573     6.1453     96.767 7.8718e+01    36.0129    28.5174  0.000e+00
     58.416   5.825651  1023.2372 1.0256e-01   259.3928     0.3573     6.1453     96.767 7.8497e+01    36.0130    28.5170  0.000e+00
     58.466   5.825651  1023.2374 1.0256e-01   259.7164     0.3573     6.1453     96.766 7.8277e+01    36.0130    28.5170  0.000e+00
     58.416   5.825651  1023.2370 1.0256e-01   259.9105     0.3879     6.1450     96.762 7.8497e+01    36.0129    28.5172  0.000e+00
     58.532   5.825681  1023.2378 1.0256e-01   259.9105     0.3879     6.1448     96.759 7.8277e+01    36.0132    28.5170  0.000e+00
     58.482   5.825629  1023.2377 1.0256e-01   259.9752     0.3573     6.1406     96.693 7.7838e+01    36.0131    28.5167  0.000e+00
     58.532   5.825532  1023.2378 1.0134e-01   259.9105     0.3879     6.1442     96.749 7.8057e+01    36.0128    28.5161  0.000e+00
     58.598   5.825540  1023.2382 1.0256e-01   259.9105     0.3573     6.1403     96.687 7.7838e+01    36.0129    28.5161  0.000e+00
     58.589   5.825584  1023.2385 1.0256e-01   259.9105     0.3573     6.1440     96.745 7.7619e+01    36.0133    28.5159  0.000e+00
     58.589   5.825562  1023.2382 1.0256e-01   259.9752     0.3573     6.1438     96.742 7.7619e+01    36.0130    28.5161  0.000e+00
     58.664   5.825376  1023.2384 1.0134e-01   259.9752     0.3573     6.1398     96.678 7.7619e+01    36.0124    28.5152  0.000e+00
     58.713   5.825137  1023.2387 1.0134e-01   259.9105     0.3573     6.1398     96.675 7.7401e+01    36.0119    28.5137  0.000e+00
     58.664   5.825040  1023.2393 1.0134e-01   259.9752     0.3573     6.1398     96.672 7.7184e+01    36.0123    28.5122  0.000e+00
     58.771   5.825063  1023.2400 1.0134e-01   259.9752     0.3573     6.1397     96.670 7.7184e+01    36.0126    28.5120  0.000e+00
     58.787   5.825145  1023.2403 1.0134e-01   259.9752     0.3573     6.1395     96.668 7.6967e+01    36.0130    28.5122  0.000e+00
     58.771   5.825175  1023.2403 1.0134e-01   259.9105     0.3573     6.1393     96.666 7.6967e+01    36.0131    28.5124  0.000e+00
     58.837   5.825249  1023.2404 1.0134e-01   259.9752     0.3573     6.1390     96.662 7.6967e+01    36.0132    28.5130  0.000e+00
     58.845   5.825339  1023.2403 1.0256e-01   259.9105     0.3573     6.1349     96.598 7.6321e+01    36.0132    28.5137  0.000e+00
     58.961   5.825368  1023.2407 1.0256e-01   259.9105     0.3573     6.1345     96.592 7.6536e+01    36.0132    28.5139  0.000e+00
     58.903   5.825257  1023.2402 1.0256e-01   259.9105     0.3573     6.1342     96.587 7.6321e+01    36.0128    28.5135  0.000e+00
     59.018   5.825152  1023.2409 1.0134e-01   259.9105     0.3573     6.1381     96.647 7.6106e+01    36.0126    28.5128  0.000e+00
     58.969   5.825063  1023.2406 1.0134e-01   259.9752     0.3573     6.1342     96.584 7.5893e+01    36.0124    28.5122  0.000e+00
     59.018   5.824996  1023.2413 1.0012e-01   259.9105     0.3879     6.1339     96.578 7.6106e+01    36.0126    28.5113  0.000e+00
     58.969   5.824877  1023.2414 1.0012e-01   259.9105     0.3573     6.1298     96.513 7.5680e+01    36.0125    28.5104  0.000e+00
     59.200   5.824847  1023.2428 1.0134e-01   259.9105     0.3879     6.1335     96.569 7.5680e+01    36.0127    28.5097  0.000e+00
     59.142   5.824847  1023.2427 1.0134e-01   259.9105     0.3573     6.1294     96.504 7.5680e+01    36.0129    28.5095  0.000e+00
     59.150   5.824810  1023.2428 1.0256e-01   259.9752     0.3573     6.1291     96.500 7.5255e+01    36.0128    28.5093  0.000e+00
     59.142   5.824832  1023.2428 1.0256e-01   259.9105     0.3573     6.1288     96.495 7.5044e+01    36.0129    28.5093  0.000e+00
     59.274   5.824877  1023.2434 1.0256e-01   259.9105     0.3879     6.1285     96.490 7.5044e+01    36.0131    28.5095  0.000e+00
     59.200   5.824922  1023.2429 1.0256e-01   259.9752     0.3879     6.1280     96.483 7.4833e+01    36.0130    28.5100  0.000e+00
     59.324   5.825078  1023.2432 1.0256e-01   259.9752     0.3573     6.1238     96.419 7.4623e+01    36.0132    28.5111  0.000e+00
     59.274   5.825242  1023.2434 1.0256e-01   259.9752     0.3573     6.1234     96.414 7.4413e+01    36.0140    28.5117  0.000e+00
     59.324   5.825197  1023.2430 1.0501e-01   247.2915     0.3879     6.1231     96.410 7.4204e+01    36.0133    28.5120  0.000e+00
