WS23139_STN11_10CTD.cnv
* Sea-Bird SBE 9 Data File:
* FileName = C:\ctd\Cruise_Data\WS23139_Rosenheim\WS23139_Rosenheim_STN11.hex
* Software Version Seasave V 7.26.7.121
* Temperature SN = 4097 MTG 177
* Conductivity SN = 1851 MTG 053
* Number of Bytes Per Scan = 40
* Number of Voltage Words = 5
* Number of Scans Averaged by the Deck Unit = 1
* NMEA Latitude = 04 49.64 N
* NMEA Longitude = 051 43.27 W
* NMEA UTC (Time) = Jun 11 2023 21:56:30
** Ship:
** Station:
** Operator:
# nquan = 12
# nvalues = 11271                                 
# units = specified
# name 0 = depSM: Depth [salt water, m]
# name 1 = c0S/m: Conductivity [S/m]
# name 2 = density00: Density [density, kg/m^3]
# name 3 = flSP: Fluorescence, Seapoint
# name 4 = wetCDOM: Fluorescence, WET Labs CDOM [mg/m^3]
# name 5 = flECO-AFL: Fluorescence, WET Labs ECO-AFL/FL [mg/m^3]
# name 6 = sbeox0Mg/L: Oxygen, SBE 43 [mg/l]
# name 7 = sbeox0PS: Oxygen, SBE 43 [% saturation]
# name 8 = par: PAR/Irradiance, Biospherical/Licor [Watts/m^2]
# name 9 = sal00: Salinity, Practical [PSU]
# name 10 = t090C: Temperature [ITS-90, deg C]
# name 11 = flag:  0.000e+00
# span 0 =      2.217,     26.983                 
# span 1 =   4.528934,   5.727231                 
# span 2 =  1016.0399,  1024.0058                 
# span 3 = 6.4713e-02, 1.6361e-01                 
# span 4 =    -0.6890,   264.3110                 
# span 5 =     0.4184,     2.3415                 
# span 6 =     4.1712,     6.8951                 
# span 7 =     63.591,    104.456                 
# span 8 = 9.8755e-02, 5.3964e-01                 
# span 9 =    26.9218,    36.3427                 
# span 10 =    26.4368,    29.0907                
# span 11 = 0.0000e+00, 0.0000e+00                
# interval = seconds: 0.0416667
# start_time = Jun 11 2023 21:56:30 [NMEA time, header]
# bad_flag = -9.990e-29
*END*
[from data line 9625]
      9.897   5.710085  1023.7152 1.0379e-01   259.3928     0.6931     5.9478     91.653 9.9375e-02    36.3071    27.0937  0.000e+00
      9.988   5.710063  1023.7165 1.0379e-01   259.6517     0.6931     5.9487     91.665 9.9065e-02    36.3078    27.0925  0.000e+00
      9.897   5.710092  1023.7156 1.0379e-01   259.9105     0.6931     5.9493     91.675 9.9065e-02    36.3074    27.0933  0.000e+00
      9.930   5.710174  1023.7142 1.0379e-01   259.9752     0.6626     5.9456     91.621 9.9065e-02    36.3063    27.0955  0.000e+00
      9.897   5.710373  1023.7131 1.0379e-01   259.9105     0.6931     5.9456     91.625 9.9065e-02    36.3060    27.0977  0.000e+00
      9.930   5.710469  1023.7133 1.0379e-01   259.9105     0.6931     5.9459     91.629 9.9375e-02    36.3062    27.0982  0.000e+00
      9.955   5.710617  1023.7136 1.0379e-01   257.5161     0.6931     5.9421     91.572 9.9065e-02    36.3068    27.0988  0.000e+00
      9.955   5.710772  1023.7127 1.2943e-01   108.2878     0.5405     5.9420     91.574 9.9065e-02    36.3064    27.1008  0.000e+00
      9.930   5.710742  1023.7121 1.2698e-01    12.5125     0.6321     5.9381     91.513 9.9065e-02    36.3059    27.1011  0.000e+00
      9.955   5.710683  1023.7125 1.2576e-01    -0.6890     0.6015     5.9418     91.570 9.9065e-02    36.3060    27.1004  0.000e+00
      9.930   5.710639  1023.7122 1.2698e-01     2.6761     0.6015     5.9377     91.507 9.9065e-02    36.3057    27.1004  0.000e+00
      9.955   5.710691  1023.7121 1.2698e-01     6.3647     0.6015     5.9336     91.444 9.9065e-02    36.3057    27.1010  0.000e+00
      9.897   5.710713  1023.7116 1.2698e-01     7.0766     0.6015     5.9290     91.374 9.9065e-02    36.3056    27.1013  0.000e+00
      9.988   5.710750  1023.7120 1.2698e-01     6.9471     0.6015     5.9284     91.365 9.9065e-02    36.3057    27.1015  0.000e+00
      9.955   5.710728  1023.7121 1.2821e-01     6.7530     0.5710     5.9236     91.290 9.9065e-02    36.3058    27.1011  0.000e+00
      9.930   5.710750  1023.7119 1.2943e-01     6.6883     0.6015     5.9187     91.216 9.9065e-02    36.3058    27.1014  0.000e+00
      9.897   5.710868  1023.7115 1.2821e-01     6.7530     0.5710     5.9174     91.197 9.9065e-02    36.3058    27.1024  0.000e+00
      9.930   5.711038  1023.7113 1.2698e-01     6.7530     0.5710     5.9122     91.118 9.9065e-02    36.3060    27.1037  0.000e+00
      9.955   5.711193  1023.7101 1.2698e-01     6.7530     0.6015     5.9067     91.036 9.9065e-02    36.3053    27.1061  0.000e+00
      9.955   5.711259  1023.7095 1.2821e-01    97.2219     0.5100     5.9011     90.952 9.9065e-02    36.3049    27.1072  0.000e+00
      9.930   5.711311  1023.7092 1.0989e-01   232.9252     0.6321     5.8994     90.927 9.9065e-02    36.3049    27.1077  0.000e+00
      9.897   5.711326  1023.7083 1.0256e-01   264.3110     0.6626     5.8978     90.903 9.9065e-02    36.3043    27.1086  0.000e+00
      9.930   5.711355  1023.7082 1.0256e-01   264.3110     0.6626     5.8925     90.822 9.9065e-02    36.3042    27.1090  0.000e+00
      9.897   5.711400  1023.7077 1.0379e-01   264.3110     0.6321     5.8948     90.858 9.9065e-02    36.3039    27.1097  0.000e+00
      9.955   5.711548  1023.7072 1.0379e-01   259.7164     0.6321     5.8893     90.776 9.9065e-02    36.3037    27.1114  0.000e+00
      9.930   5.711777  1023.7064 1.0379e-01   259.3928     0.6626     5.8876     90.753 9.9065e-02    36.3036    27.1136  0.000e+00
      9.897   5.711806  1023.7058 1.0379e-01   259.7811     0.6321     5.8861     90.731 9.9065e-02    36.3033    27.1143  0.000e+00
      9.930   5.711754  1023.7061 1.0379e-01   259.9105     0.6626     5.8850     90.714 9.9375e-02    36.3033    27.1137  0.000e+00
      9.831   5.711740  1023.7059 1.0379e-01   259.9105     0.6321     5.8841     90.700 9.9375e-02    36.3035    27.1134  0.000e+00
      9.930   5.711710  1023.7062 1.0379e-01   259.9105     0.6321     5.8832     90.685 9.9065e-02    36.3033    27.1134  0.000e+00
      9.897   5.711666  1023.7058 1.0379e-01   259.9105     0.6321     5.8863     90.733 9.9065e-02    36.3030    27.1134  0.000e+00
      9.897   5.711680  1023.7060 1.0867e-01   237.7139     0.6321     5.8857     90.723 9.9065e-02    36.3032    27.1132  0.000e+00
      9.930   5.711695  1023.7061 1.2821e-01    84.8617     0.5100     5.8892     90.777 9.9065e-02    36.3032    27.1134  0.000e+00
      9.831   5.711629  1023.7055 1.2821e-01    13.8714     0.5710     5.8848     90.709 9.9065e-02    36.3029    27.1132  0.000e+00
      9.872   5.711629  1023.7063 1.2821e-01     7.3354     0.5710     5.8885     90.765 9.9065e-02    36.3034    27.1125  0.000e+00
      9.831   5.711643  1023.7059 1.2698e-01    13.0949     0.5710     5.8882     90.762 9.9065e-02    36.3033    27.1128  0.000e+00
      9.897   5.711651  1023.7061 1.2698e-01    15.8775     0.5710     5.8924     90.826 9.9065e-02    36.3032    27.1130  0.000e+00
      9.806   5.711680  1023.7062 1.2698e-01    16.0717     0.5710     5.8929     90.834 9.9375e-02    36.3037    27.1127  0.000e+00
      9.831   5.711725  1023.7062 1.2698e-01    15.8775     0.6015     5.8971     90.899 9.9065e-02    36.3037    27.1130  0.000e+00
      9.806   5.711710  1023.7055 1.2576e-01    15.8128     0.5710     5.8937     90.848 9.9065e-02    36.3032    27.1136  0.000e+00
      9.831   5.711762  1023.7055 1.2576e-01    15.7481     0.5710     5.8943     90.856 9.9065e-02    36.3032    27.1140  0.000e+00
      9.748   5.711784  1023.7053 1.2576e-01    15.8128     0.6015     5.8988     90.926 9.9065e-02    36.3034    27.1140  0.000e+00
      9.831   5.711754  1023.7047 1.2698e-01    15.8128     0.6015     5.8996     90.940 9.9065e-02    36.3025    27.1149  0.000e+00
      9.773   5.711806  1023.7044 1.2698e-01    15.8128     0.5710     5.9005     90.953 9.9065e-02    36.3026    27.1152  0.000e+00
      9.748   5.711902  1023.7041 1.2821e-01   134.5613     0.5100     5.9053     91.030 9.9065e-02    36.3027    27.1160  0.000e+00
      9.773   5.711895  1023.7042 1.0501e-01   247.0326     0.6321     5.9066     91.048 9.9375e-02    36.3027    27.1160  0.000e+00
      9.748   5.712087  1023.7050 1.0256e-01   264.3110     0.6626     5.9117     91.129 9.9065e-02    36.3039    27.1161  0.000e+00
      9.773   5.712198  1023.7045 1.0256e-01   264.3110     0.6626     5.9131     91.152 9.9065e-02    36.3037    27.1174  0.000e+00
      9.649   5.712242  1023.7029 1.0256e-01   263.5344     0.6321     5.9144     91.174 9.9065e-02    36.3029    27.1189  0.000e+00
      9.748   5.712190  1023.7029 1.0379e-01   259.4575     0.6321     5.9202     91.264 9.9065e-02    36.3024    27.1190  0.000e+00
      9.707   5.712197  1023.7024 1.0379e-01   259.5222     0.6321     5.9222     91.294 9.9065e-02    36.3021    27.1194  0.000e+00
      9.682   5.712212  1023.7019 1.0379e-01   259.7811     0.6321     5.9242     91.325 9.9065e-02    36.3018    27.1200  0.000e+00
      9.707   5.712234  1023.7021 1.0256e-01   259.9105     0.6321     5.9260     91.354 9.9065e-02    36.3020    27.1199  0.000e+00
      9.625   5.712183  1023.7022 1.0379e-01   259.9105     0.6321     5.9319     91.444 9.9065e-02    36.3022    27.1192  0.000e+00
      9.707   5.712131  1023.7032 1.0379e-01   259.9105     0.6321     5.9302     91.416 9.9065e-02    36.3026    27.1182  0.000e+00
      9.649   5.712116  1023.7039 1.0379e-01   259.9105     0.6321     5.9359     91.503 9.9065e-02    36.3035    27.1170  0.000e+00
      9.625   5.712116  1023.7038 1.1844e-01   205.8751     0.6015     5.9378     91.532 9.9065e-02    36.3034    27.1170  0.000e+00
      9.649   5.712146  1023.7039 1.2698e-01    57.4233     0.5710     5.9395     91.559 9.9065e-02    36.3035    27.1172  0.000e+00
      9.625   5.712161  1023.7036 1.2576e-01     4.6175     0.5710     5.9414     91.589 9.9065e-02    36.3034    27.1176  0.000e+00
      9.649   5.712330  1023.7042 1.2576e-01     3.6468     0.6015     5.9471     91.677 9.9065e-02    36.3043    27.1179  0.000e+00
      9.567   5.712604  1023.7019 1.2576e-01     9.2768     0.6015     5.9484     91.703 9.9065e-02    36.3032    27.1218  0.000e+00
      9.592   5.712914  1023.6990 1.2576e-01    11.4123     0.5710     5.9455     91.664 9.9065e-02    36.3015    27.1269  0.000e+00
      9.592   5.713143  1023.6971 1.2454e-01    11.3476     0.6015     5.9464     91.683 9.9065e-02    36.3004    27.1304  0.000e+00
      9.567   5.713224  1023.6961 1.2210e-01    11.0888     0.6015     5.9473     91.699 9.9065e-02    36.2998    27.1319  0.000e+00
      9.592   5.713261  1023.6959 1.1844e-01    11.0241     0.6321     5.9521     91.773 9.9065e-02    36.2997    27.1323  0.000e+00
      9.567   5.713217  1023.6953 1.1477e-01    11.0241     0.6321     5.9530     91.787 9.9065e-02    36.2992    27.1326  0.000e+00
      9.592   5.713195  1023.6954 1.1477e-01    11.0241     0.6321     5.9537     91.798 9.9065e-02    36.2991    27.1325  0.000e+00
      9.526   5.713121  1023.6953 1.1600e-01    11.0888     0.6321     5.9542     91.804 9.9065e-02    36.2991    27.1319  0.000e+00
      9.567   5.713091  1023.6960 1.1722e-01    10.8946     0.6321     5.9504     91.746 9.9065e-02    36.2995    27.1311  0.000e+00
      9.592   5.713069  1023.6961 1.1844e-01     4.5528     0.6015     5.9503     91.744 9.9065e-02    36.2993    27.1311  0.000e+00
      9.567   5.713077  1023.6962 1.2088e-01     0.9288     0.6321     5.9502     91.741 9.9065e-02    36.2996    27.1308  0.000e+00
      9.526   5.712995  1023.6971 1.2210e-01     0.4111     0.6321     5.9538     91.796 9.9065e-02    36.3003    27.1291  0.000e+00
      9.501   5.712929  1023.6978 1.2210e-01     0.6053     0.6321     5.9538     91.794 9.9065e-02    36.3008    27.1279  0.000e+00
      9.592   5.712803  1023.6977 1.2332e-01     0.7347     0.6321     5.9536     91.790 9.9065e-02    36.3001    27.1277  0.000e+00
      9.526   5.712833  1023.6975 1.2454e-01     0.7347     0.6321     5.9571     91.844 9.9065e-02    36.3002    27.1278  0.000e+00
      9.567   5.712929  1023.6979 1.2698e-01     0.7347     0.6321     5.9567     91.839 9.9065e-02    36.3007    27.1280  0.000e+00
      9.526   5.712980  1023.6977 1.2698e-01     0.7347     0.6321     5.9562     91.832 9.9065e-02    36.3008    27.1284  0.000e+00
      9.501   5.712899  1023.6976 1.2698e-01     0.7347     0.6321     5.9558     91.824 9.9375e-02    36.3006    27.1279  0.000e+00
      9.592   5.712833  1023.6980 1.2576e-01     0.7347     0.6321     5.9553     91.816 9.9375e-02    36.3004    27.1275  0.000e+00
      9.567   5.712781  1023.6985 1.2576e-01     0.7347     0.6321     5.9549     91.809 9.9065e-02    36.3008    27.1266  0.000e+00
      9.526   5.712700  1023.6991 1.2698e-01     0.7347     0.6321     5.9545     91.800 9.9065e-02    36.3013    27.1252  0.000e+00
      9.526   5.712574  1023.6995 1.2698e-01     6.1706     0.6015     5.9582     91.856 9.9065e-02    36.3013    27.1240  0.000e+00
      9.567   5.712500  1023.7006 1.2698e-01    13.4832     0.6321     5.9579     91.849 9.9065e-02    36.3019    27.1225  0.000e+00
      9.592   5.712419  1023.7013 1.2698e-01    15.4246     0.6321     5.9536     91.782 9.9065e-02    36.3022    27.1214  0.000e+00
      9.567   5.712367  1023.7014 1.2698e-01    15.2304     0.6015     5.9530     91.772 9.9065e-02    36.3023    27.1209  0.000e+00
      9.591   5.712353  1023.7018 1.2821e-01    14.9716     0.6321     5.9566     91.826 9.9065e-02    36.3024    27.1205  0.000e+00
      9.567   5.712316  1023.7015 1.2821e-01    14.9068     0.6015     5.9562     91.821 9.9375e-02    36.3022    27.1205  0.000e+00
      9.591   5.712301  1023.7018 1.2821e-01    14.9068     0.6321     5.9561     91.818 9.9065e-02    36.3023    27.1202  0.000e+00
      9.591   5.712330  1023.7016 1.2821e-01    14.9068     0.6015     5.9556     91.810 9.9065e-02    36.3023    27.1205  0.000e+00
      9.624   5.712382  1023.7014 1.2821e-01    14.9068     0.5710     5.9550     91.802 9.9065e-02    36.3021    27.1212  0.000e+00
      9.591   5.712426  1023.7013 1.2821e-01    14.9068     0.5710     5.9585     91.858 9.9065e-02    36.3022    27.1215  0.000e+00
      9.624   5.712404  1023.7018 1.2821e-01    14.9068     0.5710     5.9543     91.792 9.9065e-02    36.3025    27.1209  0.000e+00
      9.649   5.712390  1023.7019 1.2821e-01    14.9068     0.5710     5.9578     91.846 9.9375e-02    36.3024    27.1209  0.000e+00
      9.649   5.712367  1023.7016 1.2821e-01    44.7396     0.5405     5.9576     91.843 9.9375e-02    36.3021    27.1211  0.000e+00
      9.682   5.712486  1023.7017 1.2210e-01   197.6565     0.5710     5.9573     91.840 9.9065e-02    36.3024    27.1218  0.000e+00
      9.649   5.712567  1023.7009 1.0379e-01   264.3110     0.6015     5.9571     91.838 9.9065e-02    36.3020    27.1230  0.000e+00
      9.682   5.712619  1023.7008 1.0379e-01   264.3110     0.6015     5.9570     91.837 9.9065e-02    36.3019    27.1236  0.000e+00
      9.649   5.712655  1023.7005 1.0379e-01   264.3110     0.6015     5.9567     91.833 9.9065e-02    36.3019    27.1240  0.000e+00
      9.682   5.712648  1023.7008 1.0501e-01   260.4929     0.6015     5.9567     91.833 9.9375e-02    36.3020    27.1238  0.000e+00
      9.707   5.712633  1023.7009 1.0501e-01   259.3928     0.6015     5.9567     91.832 9.9065e-02    36.3020    27.1236  0.000e+00
      9.773   5.712633  1023.7010 1.0501e-01   259.6517     0.6015     5.9606     91.893 9.9065e-02    36.3018    27.1238  0.000e+00
      9.682   5.712596  1023.7005 1.0501e-01   259.9105     0.6015     5.9606     91.893 9.9065e-02    36.3016    27.1238  0.000e+00
      9.707   5.712552  1023.7005 1.0501e-01   259.9105     0.6015     5.9609     91.896 9.9065e-02    36.3014    27.1236  0.000e+00
      9.806   5.712604  1023.7012 1.0501e-01   259.9752     0.6015     5.9609     91.897 9.9065e-02    36.3018    27.1236  0.000e+00
      9.707   5.712663  1023.7007 1.0501e-01   259.9105     0.6015     5.9609     91.897 9.9065e-02    36.3019    27.1240  0.000e+00
      9.806   5.712707  1023.7007 1.0501e-01   259.9105     0.6015     5.9609     91.899 9.9065e-02    36.3016    27.1247  0.000e+00
      9.773   5.712722  1023.7002 1.3065e-01   128.8018     0.4794     5.9609     91.899 9.9065e-02    36.3014    27.1252  0.000e+00
      9.773   5.712692  1023.6999 1.2821e-01    18.5955     0.5710     5.9609     91.899 9.9065e-02    36.3010    27.1254  0.000e+00
      9.806   5.712744  1023.7008 1.2698e-01    -0.6890     0.5710     5.9651     91.964 9.9065e-02    36.3017    27.1249  0.000e+00
      9.830   5.712737  1023.7010 1.2698e-01     1.4465     0.5710     5.9654     91.969 9.9065e-02    36.3019    27.1247  0.000e+00
      9.872   5.712656  1023.7012 1.2698e-01     5.5235     0.5710     5.9656     91.970 9.9065e-02    36.3017    27.1242  0.000e+00
      9.773   5.712633  1023.7008 1.2698e-01     6.6236     0.5710     5.9655     91.969 9.9065e-02    36.3017    27.1240  0.000e+00
      9.830   5.712656  1023.7011 1.2698e-01     6.4942     0.5710     5.9615     91.907 9.9065e-02    36.3017    27.1241  0.000e+00
      9.806   5.712670  1023.7004 1.2698e-01     6.3647     0.5710     5.9614     91.906 9.9065e-02    36.3012    27.1249  0.000e+00
      9.896   5.712744  1023.7008 1.2698e-01     6.3000     0.5710     5.9653     91.967 9.9065e-02    36.3014    27.1253  0.000e+00
      9.872   5.712774  1023.7008 1.2698e-01     6.3000     0.5710     5.9653     91.967 9.9065e-02    36.3016    27.1254  0.000e+00
      9.830   5.712670  1023.7000 1.2821e-01     6.3000     0.5710     5.9613     91.905 9.9065e-02    36.3008    27.1254  0.000e+00
      9.872   5.712663  1023.7006 1.2698e-01     6.3000     0.5710     5.9649     91.961 9.9065e-02    36.3011    27.1249  0.000e+00
      9.896   5.712707  1023.7007 1.2698e-01     6.8824     0.5710     5.9646     91.957 9.9065e-02    36.3012    27.1252  0.000e+00
