WS23139_STN11_11CTD.cnv
* Sea-Bird SBE 9 Data File:
* FileName = C:\ctd\Cruise_Data\WS23139_Rosenheim\WS23139_Rosenheim_STN11_02.hex
* Software Version Seasave V 7.26.7.121
* Temperature SN = 4097 MTG 177
* Conductivity SN = 1851 MTG 053
* Number of Bytes Per Scan = 40
* Number of Voltage Words = 5
* Number of Scans Averaged by the Deck Unit = 1
* NMEA Latitude = 04 49.53 N
* NMEA Longitude = 051 43.06 W
* NMEA UTC (Time) = Jun 11 2023 22:40:04
** Ship:
** Station:
** Operator:
# nquan = 12
# nvalues = 9250                                  
# units = specified
# name 0 = depSM: Depth [salt water, m]
# name 1 = c0S/m: Conductivity [S/m]
# name 2 = density00: Density [density, kg/m^3]
# name 3 = flSP: Fluorescence, Seapoint
# name 4 = wetCDOM: Fluorescence, WET Labs CDOM [mg/m^3]
# name 5 = flECO-AFL: Fluorescence, WET Labs ECO-AFL/FL [mg/m^3]
# name 6 = sbeox0Mg/L: Oxygen, SBE 43 [mg/l]
# name 7 = sbeox0PS: Oxygen, SBE 43 [% saturation]
# name 8 = par: PAR/Irradiance, Biospherical/Licor [Watts/m^2]
# name 9 = sal00: Salinity, Practical [PSU]
# name 10 = t090C: Temperature [ITS-90, deg C]
# name 11 = flag:  0.000e+00
# span 0 =      2.117,     27.191                 
# span 1 =   4.753351,   5.727127                 
# span 2 =  1016.7918,  1024.0200                 
# span 3 = 6.1050e-02, 1.6484e-01                 
# span 4 =    -0.6890,   264.3110                 
# span 5 =     0.3573,     1.7920                 
# span 6 =     3.9312,     6.8974                 
# span 7 =     59.889,    105.725                 
# span 8 = 9.8755e-02, 6.4087e-01                 
# span 9 =    28.1368,    36.3466                 
# span 10 =    26.3986,    29.5688                
# span 11 = 0.0000e+00, 0.0000e+00                
# interval = seconds: 0.0416667
# start_time = Jun 11 2023 22:40:04 [NMEA time, header]
# bad_flag = -9.990e-29
*END*
[from data line 8542]
      9.612   5.700847  1023.7547 1.0623e-01   259.9752     0.6626     5.8666     90.259 1.0253e-01    36.3187    26.9941  0.000e+00
      9.522   5.700899  1023.7547 1.0623e-01   260.0399     0.6931     5.8673     90.270 1.0447e-01    36.3192    26.9940  0.000e+00
      9.522   5.700914  1023.7547 1.3187e-01   154.8812     0.5405     5.8717     90.338 1.0479e-01    36.3192    26.9941  0.000e+00
      9.555   5.700980  1023.7555 1.2943e-01    29.8556     0.6015     5.8763     90.409 1.0285e-01    36.3199    26.9938  0.000e+00
      9.522   5.700958  1023.7548 1.2821e-01    -0.6890     0.6321     5.8805     90.473 1.0157e-01    36.3193    26.9943  0.000e+00
      9.555   5.700951  1023.7552 1.2821e-01     2.6761     0.6321     5.8846     90.537 1.0126e-01    36.3195    26.9940  0.000e+00
      9.456   5.700855  1023.7548 1.2821e-01     7.4001     0.6321     5.8890     90.603 9.9999e-02    36.3193    26.9934  0.000e+00
      9.373   5.700818  1023.7549 1.2943e-01     8.6944     0.6321     5.8895     90.609 9.9375e-02    36.3197    26.9927  0.000e+00
      9.579   5.700818  1023.7563 1.2943e-01     8.5003     0.6015     5.8938     90.676 9.9065e-02    36.3200    26.9921  0.000e+00
      9.398   5.700788  1023.7553 1.2943e-01     8.3061     0.6015     5.8937     90.674 1.0349e-01    36.3198    26.9922  0.000e+00
      9.431   5.700803  1023.7556 1.2943e-01     8.2414     0.6321     5.8976     90.734 1.0877e-01    36.3200    26.9921  0.000e+00
      9.398   5.700685  1023.7553 1.2821e-01     8.2414     0.6015     5.8974     90.730 1.0979e-01    36.3195    26.9916  0.000e+00
      9.373   5.700456  1023.7560 1.2698e-01     8.2414     0.6321     5.9053     90.848 1.0911e-01    36.3196    26.9894  0.000e+00
      9.398   5.700294  1023.7565 1.2698e-01     8.2414     0.6015     5.9012     90.782 1.0777e-01    36.3196    26.9880  0.000e+00
      9.332   5.700227  1023.7562 1.2698e-01     8.8885     0.6015     5.9046     90.833 1.0743e-01    36.3194    26.9876  0.000e+00
      9.373   5.700176  1023.7564 1.2576e-01    11.0241     0.5710     5.9041     90.826 1.0911e-01    36.3193    26.9872  0.000e+00
      9.332   5.700065  1023.7563 1.2576e-01    11.9300     0.6015     5.9075     90.877 1.1254e-01    36.3191    26.9865  0.000e+00
      9.373   5.699644  1023.7589 1.2576e-01    12.0595     0.6015     5.9073     90.866 1.1359e-01    36.3201    26.9814  0.000e+00
      9.332   5.698847  1023.7615 1.2821e-01    11.9300     0.5710     5.9073     90.856 1.1220e-01    36.3205    26.9735  0.000e+00
      9.307   5.698139  1023.7652 1.2821e-01    11.8653     0.6015     5.9152     90.965 1.0844e-01    36.3220    26.9651  0.000e+00
      9.274   5.697666  1023.7680 1.2821e-01    11.8653     0.5710     5.9151     90.954 1.0710e-01    36.3233    26.9591  0.000e+00
      9.249   5.697423  1023.7698 1.2821e-01    11.8006     0.5710     5.9146     90.942 1.0643e-01    36.3243    26.9556  0.000e+00
      9.332   5.697305  1023.7722 1.2821e-01    11.8653     0.5710     5.9138     90.927 1.0512e-01    36.3258    26.9526  0.000e+00
      9.274   5.697172  1023.7736 1.2821e-01    11.8653     0.5710     5.9168     90.970 1.0447e-01    36.3269    26.9500  0.000e+00
      9.373   5.696892  1023.7744 1.2943e-01    11.8653     0.5710     5.9201     91.016 1.0447e-01    36.3265    26.9479  0.000e+00
      9.216   5.696773  1023.7737 1.2943e-01    11.8653     0.5710     5.9191     91.000 1.0743e-01    36.3262    26.9473  0.000e+00
      9.307   5.696692  1023.7742 1.2943e-01    12.5125     0.5710     5.9180     90.982 1.0911e-01    36.3261    26.9466  0.000e+00
      9.216   5.696877  1023.7741 1.3065e-01   151.2573     0.5100     5.9205     91.022 1.0877e-01    36.3268    26.9475  0.000e+00
      9.307   5.697297  1023.7745 1.0623e-01   253.1804     0.6321     5.9231     91.066 1.0414e-01    36.3279    26.9499  0.000e+00
      9.216   5.697622  1023.7743 1.0501e-01   264.3110     0.6626     5.9219     91.051 1.0157e-01    36.3289    26.9517  0.000e+00
      9.274   5.697799  1023.7736 1.0501e-01   264.3110     0.6626     5.9206     91.033 1.0126e-01    36.3285    26.9538  0.000e+00
      9.183   5.697770  1023.7717 1.0501e-01   262.6932     0.6321     5.9232     91.075 1.0610e-01    36.3271    26.9553  0.000e+00
      9.216   5.697740  1023.7697 1.0501e-01   259.4575     0.6321     5.9219     91.059 1.1013e-01    36.3252    26.9574  0.000e+00
      9.249   5.697917  1023.7696 1.0501e-01   259.5222     0.6321     5.9207     91.041 1.1047e-01    36.3254    26.9588  0.000e+00
      9.216   5.698176  1023.7704 1.0501e-01   259.8458     0.6321     5.9233     91.084 1.0844e-01    36.3268    26.9593  0.000e+00
      9.249   5.698286  1023.7705 1.0501e-01   259.9752     0.6321     5.9260     91.126 1.0643e-01    36.3271    26.9600  0.000e+00
      9.216   5.698397  1023.7697 1.0501e-01   259.9752     0.6321     5.9248     91.109 1.0577e-01    36.3269    26.9613  0.000e+00
      9.216   5.698574  1023.7683 1.0379e-01   259.9752     0.6321     5.9195     91.032 1.0945e-01    36.3260    26.9640  0.000e+00
      9.183   5.698692  1023.7666 1.0379e-01   259.9105     0.6321     5.9219     91.072 1.1465e-01    36.3250    26.9664  0.000e+00
      9.216   5.698722  1023.7660 1.0379e-01   259.9105     0.6321     5.9206     91.053 1.1572e-01    36.3245    26.9673  0.000e+00
      9.183   5.698685  1023.7650 1.0379e-01   259.9752     0.6321     5.9235     91.098 1.1715e-01    36.3237    26.9680  0.000e+00
      9.150   5.698537  1023.7642 1.0379e-01   259.9752     0.6626     5.9227     91.085 1.2007e-01    36.3227    26.9679  0.000e+00
      9.183   5.698552  1023.7653 1.0256e-01   259.9105     0.6931     5.9297     91.192 1.2081e-01    36.3236    26.9670  0.000e+00
      9.150   5.698515  1023.7657 1.0256e-01   259.9105     0.6931     5.9251     91.119 1.1860e-01    36.3239    26.9662  0.000e+00
      9.216   5.698486  1023.7662 1.0379e-01   259.9105     0.6626     5.9242     91.106 1.1324e-01    36.3241    26.9657  0.000e+00
      9.126   5.698485  1023.7654 1.0379e-01   259.9752     0.6931     5.9230     91.088 1.1116e-01    36.3237    26.9662  0.000e+00
      9.150   5.698419  1023.7654 1.0256e-01   259.9752     0.6931     5.9260     91.132 1.1359e-01    36.3235    26.9659  0.000e+00
      9.068   5.698456  1023.7658 1.0379e-01   259.9752     0.6626     5.9212     91.059 1.2420e-01    36.3242    26.9653  0.000e+00
      9.150   5.698515  1023.7657 1.0256e-01   259.9752     0.6931     5.9241     91.105 1.2924e-01    36.3239    26.9662  0.000e+00
      9.068   5.698633  1023.7649 1.0379e-01   259.9105     0.6931     5.9231     91.090 1.2885e-01    36.3239    26.9673  0.000e+00
      9.093   5.698640  1023.7648 1.0256e-01   260.0399     0.6626     5.9220     91.074 1.2534e-01    36.3237    26.9677  0.000e+00
      9.093   5.698419  1023.7647 1.0623e-01   245.3501     0.6626     5.9171     90.996 1.2344e-01    36.3231    26.9664  0.000e+00
      9.002   5.697895  1023.7640 1.2698e-01    86.2206     0.5405     5.9202     91.039 1.2382e-01    36.3215    26.9637  0.000e+00
      9.027   5.697533  1023.7627 1.2698e-01     4.9410     0.6015     5.9153     90.963 1.2924e-01    36.3193    26.9631  0.000e+00
      9.002   5.697186  1023.7658 1.2576e-01    -0.6890     0.6321     5.9147     90.945 1.3284e-01    36.3212    26.9575  0.000e+00
      9.027   5.696950  1023.7688 1.2576e-01     0.9935     0.6321     5.9181     90.992 1.3325e-01    36.3231    26.9529  0.000e+00
      8.944   5.697039  1023.7699 1.2576e-01     4.2292     0.6321     5.9171     90.976 1.3529e-01    36.3246    26.9518  0.000e+00
      9.027   5.697711  1023.7732 1.2454e-01     4.9410     0.6015     5.9121     90.901 1.3653e-01    36.3288    26.9526  0.000e+00
      9.002   5.699674  1023.7683 1.2454e-01     4.8763     0.6015     5.9131     90.943 1.3695e-01    36.3297    26.9695  0.000e+00
      8.911   5.701371  1023.7592 1.2454e-01     4.6822     0.6321     5.9063     90.866 1.3365e-01    36.3265    26.9892  0.000e+00
      8.911   5.702301  1023.7516 1.2454e-01     4.6822     0.6015     5.8997     90.784 1.3003e-01    36.3223    27.0031  0.000e+00
      8.878   5.703047  1023.7461 1.2332e-01     4.6822     0.6015     5.8976     90.766 1.2964e-01    36.3196    27.0134  0.000e+00
      8.845   5.704081  1023.7394 1.2332e-01     4.6175     0.6321     5.8989     90.804 1.3083e-01    36.3166    27.0268  0.000e+00
      8.878   5.705003  1023.7338 1.2332e-01     4.6822     0.6321     5.8967     90.786 1.3203e-01    36.3140    27.0385  0.000e+00
      8.845   5.705661  1023.7298 1.2332e-01     9.4062     0.6321     5.8907     90.705 1.3244e-01    36.3124    27.0467  0.000e+00
      8.820   5.705985  1023.7268 1.2332e-01    14.7774     0.6321     5.8929     90.745 1.3570e-01    36.3107    27.0518  0.000e+00
      8.787   5.706148  1023.7254 1.2332e-01    16.0070     0.6015     5.8874     90.664 1.4160e-01    36.3100    27.0542  0.000e+00
      8.787   5.706148  1023.7240 1.2454e-01    15.8775     0.6321     5.8858     90.641 1.4290e-01    36.3089    27.0556  0.000e+00
      8.763   5.706177  1023.7239 1.2332e-01    15.6834     0.6626     5.8885     90.684 1.4160e-01    36.3090    27.0558  0.000e+00
      8.721   5.706325  1023.7231 1.2088e-01    15.6187     0.6626     5.8833     90.605 1.3778e-01    36.3087    27.0575  0.000e+00
      8.697   5.706436  1023.7225 1.1722e-01    15.6187     0.6321     5.8858     90.646 1.3737e-01    36.3087    27.0586  0.000e+00
      8.721   5.706495  1023.7226 1.1111e-01    15.6187     0.6321     5.8846     90.628 1.3905e-01    36.3088    27.0589  0.000e+00
      8.639   5.706443  1023.7222 1.0867e-01    15.6187     0.6321     5.8835     90.611 1.4640e-01    36.3086    27.0587  0.000e+00
      8.664   5.706362  1023.7230 1.1111e-01    15.6187     0.6321     5.8827     90.597 1.4909e-01    36.3090    27.0575  0.000e+00
      8.581   5.706258  1023.7231 1.1355e-01    15.6834     0.6321     5.8778     90.519 1.4909e-01    36.3092    27.0564  0.000e+00
      8.606   5.706229  1023.7229 1.1722e-01    15.6187     0.6321     5.8765     90.500 1.5090e-01    36.3088    27.0566  0.000e+00
      8.606   5.706162  1023.7239 1.2210e-01    56.5821     0.6015     5.8716     90.422 1.5090e-01    36.3095    27.0551  0.000e+00
      8.515   5.705963  1023.7244 1.1966e-01   206.8458     0.6321     5.8706     90.404 1.5090e-01    36.3098    27.0529  0.000e+00
      8.540   5.705911  1023.7242 1.0501e-01   264.3110     0.7236     5.8695     90.387 1.4819e-01    36.3094    27.0529  0.000e+00
      8.515   5.706222  1023.7230 1.0501e-01   264.3110     0.7236     5.8721     90.431 1.4729e-01    36.3092    27.0560  0.000e+00
      8.482   5.706428  1023.7217 1.0501e-01   264.3110     0.7236     5.8670     90.357 1.4685e-01    36.3087    27.0586  0.000e+00
      8.458   5.706495  1023.7212 1.0501e-01   260.2988     0.6931     5.8660     90.341 1.4508e-01    36.3086    27.0593  0.000e+00
      8.482   5.706443  1023.7211 1.0501e-01   259.3928     0.7236     5.8650     90.326 1.4420e-01    36.3082    27.0593  0.000e+00
      8.392   5.706362  1023.7204 1.0501e-01   259.7164     0.7236     5.8682     90.374 1.4377e-01    36.3078    27.0591  0.000e+00
      8.359   5.706229  1023.7194 1.0501e-01   259.9105     0.7236     5.8637     90.306 1.4999e-01    36.3067    27.0593  0.000e+00
      8.359   5.706007  1023.7184 1.0501e-01   259.9105     0.7236     5.8672     90.358 1.5646e-01    36.3053    27.0591  0.000e+00
      8.392   5.705778  1023.7186 1.0501e-01   260.0399     0.7236     5.8667     90.349 1.5741e-01    36.3048    27.0576  0.000e+00
      8.359   5.705616  1023.7214 1.0501e-01   259.9105     0.6931     5.8626     90.280 1.5506e-01    36.3069    27.0534  0.000e+00
      8.276   5.705402  1023.7231 1.0501e-01   257.3220     0.6931     5.8622     90.269 1.5273e-01    36.3081    27.0500  0.000e+00
      8.301   5.705188  1023.7247 1.3065e-01   112.3647     0.5710     5.8621     90.263 1.5227e-01    36.3089    27.0470  0.000e+00
      8.210   5.705010  1023.7258 1.2821e-01     9.6651     0.6321     5.8658     90.317 1.5273e-01    36.3098    27.0443  0.000e+00
      8.235   5.705033  1023.7257 1.2698e-01    -0.6890     0.6626     5.8660     90.321 1.5366e-01    36.3096    27.0447  0.000e+00
      8.276   5.705165  1023.7261 1.2698e-01    -0.6890     0.6321     5.8700     90.383 1.5459e-01    36.3101    27.0452  0.000e+00
      8.177   5.705202  1023.7262 1.2698e-01     0.0228     0.5710     5.8702     90.385 1.5181e-01    36.3107    27.0449  0.000e+00
      8.210   5.705247  1023.7273 1.2698e-01     1.4465     0.5710     5.8705     90.389 1.4640e-01    36.3116    27.0441  0.000e+00
      8.119   5.705357  1023.7277 1.2576e-01     1.8995     0.5710     5.8748     90.457 1.4552e-01    36.3125    27.0440  0.000e+00
      8.177   5.705424  1023.7268 1.2576e-01     1.7701     0.5405     5.8752     90.464 1.4640e-01    36.3117    27.0456  0.000e+00
      8.086   5.705468  1023.7262 1.2698e-01     1.7701     0.5405     5.8757     90.473 1.4819e-01    36.3116    27.0461  0.000e+00
      8.119   5.705453  1023.7257 1.2698e-01     1.7054     0.5710     5.8763     90.483 1.4909e-01    36.3111    27.0467  0.000e+00
      8.086   5.705468  1023.7248 1.2698e-01     1.7701     0.5710     5.8808     90.554 1.4819e-01    36.3105    27.0476  0.000e+00
      8.053   5.705490  1023.7252 1.2698e-01     1.8348     0.5710     5.8855     90.625 1.4640e-01    36.3110    27.0472  0.000e+00
      8.029   5.705557  1023.7256 1.2943e-01    81.7554     0.4794     5.8905     90.702 1.4552e-01    36.3116    27.0470  0.000e+00
      7.996   5.705645  1023.7258 1.1355e-01   226.2597     0.5710     5.8874     90.654 1.4596e-01    36.3121    27.0472  0.000e+00
      7.971   5.705771  1023.7243 1.0379e-01   264.3110     0.6015     5.8879     90.666 1.5090e-01    36.3113    27.0494  0.000e+00
      8.053   5.705874  1023.7236 1.0379e-01   264.3110     0.6015     5.8927     90.743 1.5412e-01    36.3106    27.0513  0.000e+00
      7.905   5.705911  1023.7225 1.0379e-01   264.3110     0.6015     5.8937     90.758 1.5366e-01    36.3103    27.0520  0.000e+00
      7.996   5.706007  1023.7234 1.0256e-01   259.8458     0.6015     5.8986     90.834 1.5789e-01    36.3110    27.0520  0.000e+00
      7.930   5.706147  1023.7232 1.0379e-01   259.4575     0.6015     5.9037     90.914 1.5980e-01    36.3114    27.0527  0.000e+00
      7.905   5.706354  1023.7225 1.0379e-01   259.7811     0.6015     5.9047     90.932 1.6028e-01    36.3115    27.0546  0.000e+00
      7.872   5.706554  1023.7212 1.0379e-01   259.9105     0.6015     5.9054     90.946 1.5836e-01    36.3109    27.0571  0.000e+00
      7.847   5.706709  1023.7194 1.0379e-01   259.9752     0.6015     5.9100     91.021 1.5741e-01    36.3099    27.0598  0.000e+00
      7.872   5.706960  1023.7184 1.0501e-01   259.9752     0.6015     5.9110     91.040 1.5694e-01    36.3096    27.0626  0.000e+00
      7.781   5.707056  1023.7169 1.0379e-01   259.9105     0.6015     5.9159     91.119 1.5694e-01    36.3089    27.0644  0.000e+00
      7.872   5.707100  1023.7165 1.0745e-01   245.9972     0.6015     5.9170     91.136 1.5599e-01    36.3083    27.0655  0.000e+00
      7.781   5.707152  1023.7156 1.2943e-01    93.9215     0.4794     5.9221     91.216 1.5599e-01    36.3080    27.0664  0.000e+00
      7.748   5.707166  1023.7153 1.2821e-01    16.2658     0.5710     5.9232     91.233 1.5552e-01    36.3080    27.0666  0.000e+00
      7.781   5.707196  1023.7156 1.2698e-01     7.3354     0.5405     5.9242     91.250 1.5459e-01    36.3082    27.0666  0.000e+00
      7.748   5.707240  1023.7161 1.2821e-01    13.0949     0.5710     5.9294     91.329 1.5459e-01    36.3088    27.0662  0.000e+00
      7.691   5.707255  1023.7157 1.2821e-01    16.0717     0.5710     5.9264     91.283 1.5552e-01    36.3087    27.0664  0.000e+00
