WS23139_STN10_09CTD.cnv
* Sea-Bird SBE 9 Data File:
* FileName = C:\ctd\Cruise_Data\WS23139_Rosenheim\WS23139_Rosenheim_STN10_02.hex
* Software Version Seasave V 7.26.7.121
* Temperature SN = 4097 MTG 177
* Conductivity SN = 1851 MTG 053
* Number of Bytes Per Scan = 40
* Number of Voltage Words = 5
* Number of Scans Averaged by the Deck Unit = 1
* NMEA Latitude = 04 57.51 N
* NMEA Longitude = 051 40.36 W
* NMEA UTC (Time) = Jun 11 2023 19:11:47
** Ship:
** Station:
** Operator:
# nquan = 12
# nvalues = 10066                                 
# units = specified
# name 0 = depSM: Depth [salt water, m]
# name 1 = c0S/m: Conductivity [S/m]
# name 2 = density00: Density [density, kg/m^3]
# name 3 = flSP: Fluorescence, Seapoint
# name 4 = wetCDOM: Fluorescence, WET Labs CDOM [mg/m^3]
# name 5 = flECO-AFL: Fluorescence, WET Labs ECO-AFL/FL [mg/m^3]
# name 6 = sbeox0Mg/L: Oxygen, SBE 43 [mg/l]
# name 7 = sbeox0PS: Oxygen, SBE 43 [% saturation]
# name 8 = par: PAR/Irradiance, Biospherical/Licor [Watts/m^2]
# name 9 = sal00: Salinity, Practical [PSU]
# name 10 = t090C: Temperature [ITS-90, deg C]
# name 11 = flag:  0.000e+00
# span 0 =      2.042,     51.270                 
# span 1 =   4.799006,   5.719172                 
# span 2 =  1017.8948,  1024.3749                 
# span 3 = 4.8840e-03, 1.6850e-01                 
# span 4 =    -0.6890,   264.3110                 
# span 5 =     0.1131,     2.4025                 
# span 6 =     4.1453,     6.6848                 
# span 7 =     62.646,    101.052                 
# span 8 = 5.7150e-01, 1.0429e+03                 
# span 9 =    29.1195,    36.4543                 
# span 10 =    25.8716,    28.3183                
# span 11 = 0.0000e+00, 0.0000e+00                
# interval = seconds: 0.0416667
# start_time = Jun 11 2023 19:11:47 [NMEA time, header]
# bad_flag = -9.990e-29
*END*
[from data line 2527]
     20.461   5.640222  1024.0877 1.3065e-01     9.4710     0.7542     5.4623     83.140 3.6429e+01    36.4113    26.3152  0.000e+00
     20.461   5.640075  1024.0876 1.3065e-01     9.3415     0.7542     5.4626     83.144 3.6225e+01    36.4108    26.3144  0.000e+00
     20.461   5.639951  1024.0884 1.3065e-01     9.2768     0.7542     5.4628     83.146 3.6327e+01    36.4112    26.3128  0.000e+00
     20.461   5.639848  1024.0891 1.2943e-01     9.2768     0.7542     5.4592     83.089 3.6225e+01    36.4116    26.3114  0.000e+00
     20.461   5.639679  1024.0895 1.2943e-01     9.2768     0.7542     5.4596     83.093 3.6327e+01    36.4115    26.3099  0.000e+00
     20.511   5.639429  1024.0895 1.3065e-01     9.2768     0.7542     5.4562     83.039 3.6225e+01    36.4107    26.3086  0.000e+00
     20.461   5.639289  1024.0897 1.3065e-01     9.2768     0.7542     5.4605     83.102 3.6327e+01    36.4107    26.3073  0.000e+00
     20.461   5.639267  1024.0904 1.3065e-01     9.2768     0.7542     5.4571     83.049 3.6225e+01    36.4113    26.3064  0.000e+00
     20.527   5.639289  1024.0908 1.3065e-01     9.2768     0.7542     5.4535     82.995 3.6327e+01    36.4114    26.3065  0.000e+00
     20.461   5.639341  1024.0908 1.3065e-01     9.2768     0.7542     5.4539     83.001 3.6225e+01    36.4118    26.3064  0.000e+00
     20.527   5.639355  1024.0915 1.3309e-01   135.4673     0.6626     5.4543     83.007 3.6327e+01    36.4122    26.3061  0.000e+00
     20.511   5.639289  1024.0911 1.0867e-01   248.0680     0.8152     5.4508     82.953 3.6225e+01    36.4117    26.3061  0.000e+00
     20.462   5.639223  1024.0907 1.0623e-01   264.3110     0.8763     5.4511     82.958 3.6225e+01    36.4114    26.3059  0.000e+00
     20.528   5.639209  1024.0909 1.0501e-01   264.3110     0.8763     5.4518     82.969 3.6327e+01    36.4113    26.3059  0.000e+00
     20.528   5.639216  1024.0909 1.0623e-01   263.5344     0.8457     5.4486     82.920 3.6327e+01    36.4113    26.3059  0.000e+00
     20.462   5.639216  1024.0911 1.0623e-01   259.4575     0.8457     5.4450     82.865 3.6225e+01    36.4118    26.3054  0.000e+00
     20.585   5.639253  1024.0917 1.0623e-01   259.5222     0.8457     5.4456     82.874 3.6327e+01    36.4119    26.3055  0.000e+00
     20.511   5.639297  1024.0908 1.0623e-01   259.8458     0.8457     5.4462     82.885 3.6327e+01    36.4115    26.3065  0.000e+00
     20.528   5.639444  1024.0905 1.0623e-01   259.9105     0.8457     5.4429     82.835 3.6429e+01    36.4115    26.3077  0.000e+00
     20.528   5.639517  1024.0904 1.0501e-01   259.9752     0.8457     5.4393     82.782 3.6327e+01    36.4116    26.3083  0.000e+00
     20.528   5.639532  1024.0902 1.0623e-01   259.9752     0.8457     5.4440     82.854 3.6327e+01    36.4115    26.3086  0.000e+00
     20.585   5.639510  1024.0906 1.0623e-01   259.9752     0.8457     5.4407     82.802 3.6327e+01    36.4116    26.3082  0.000e+00
     20.585   5.639319  1024.0907 1.0745e-01   259.9752     0.8152     5.4374     82.750 3.6327e+01    36.4112    26.3070  0.000e+00
     20.569   5.639091  1024.0906 1.0745e-01   259.9105     0.8152     5.4382     82.761 3.6225e+01    36.4106    26.3057  0.000e+00
     20.528   5.638929  1024.0916 1.0745e-01   259.9752     0.8152     5.4391     82.771 3.6327e+01    36.4112    26.3034  0.000e+00
     20.651   5.638863  1024.0927 1.0745e-01   259.9752     0.8152     5.4402     82.786 3.6429e+01    36.4115    26.3024  0.000e+00
     20.585   5.638775  1024.0922 1.0745e-01   259.9752     0.8152     5.4368     82.735 3.6429e+01    36.4111    26.3021  0.000e+00
     20.651   5.638753  1024.0923 1.0745e-01   259.9752     0.8152     5.4376     82.747 3.6429e+01    36.4109    26.3021  0.000e+00
     20.585   5.638760  1024.0925 1.0745e-01   259.9752     0.8152     5.4383     82.757 3.6327e+01    36.4113    26.3017  0.000e+00
     20.635   5.638613  1024.0932 1.0623e-01   259.9752     0.8152     5.4392     82.769 3.6327e+01    36.4113    26.3003  0.000e+00
     20.709   5.638503  1024.0936 1.0745e-01   259.9752     0.8152     5.4403     82.784 3.6327e+01    36.4111    26.2995  0.000e+00
     20.652   5.638378  1024.0938 1.0623e-01   259.9752     0.8152     5.4374     82.739 3.6327e+01    36.4112    26.2983  0.000e+00
     20.709   5.638268  1024.0941 1.0623e-01   259.9752     0.8152     5.4386     82.757 3.6225e+01    36.4110    26.2975  0.000e+00
     20.652   5.638217  1024.0941 1.0501e-01   259.9752     0.8152     5.4396     82.770 3.6327e+01    36.4110    26.2970  0.000e+00
     20.709   5.638231  1024.0949 1.0623e-01   254.9276     0.8152     5.4405     82.784 3.6123e+01    36.4116    26.2964  0.000e+00
     20.817   5.638151  1024.0950 1.3187e-01   102.2695     0.6626     5.4415     82.798 3.6123e+01    36.4111    26.2963  0.000e+00
     20.767   5.638136  1024.0950 1.2943e-01    11.9948     0.7236     5.4425     82.813 3.6123e+01    36.4112    26.2960  0.000e+00
     20.767   5.638187  1024.0955 1.2943e-01    -0.6890     0.7542     5.4437     82.831 3.6123e+01    36.4118    26.2957  0.000e+00
     20.767   5.638173  1024.0953 1.2943e-01     4.6175     0.7236     5.4448     82.849 3.6123e+01    36.4116    26.2959  0.000e+00
     20.833   5.638114  1024.0954 1.3065e-01     8.1120     0.7236     5.4422     82.808 3.5920e+01    36.4112    26.2957  0.000e+00
     20.833   5.638107  1024.0956 1.2943e-01     8.6297     0.7542     5.4473     82.886 3.6022e+01    36.4114    26.2955  0.000e+00
     20.874   5.638077  1024.0960 1.2943e-01     8.4355     0.7542     5.4445     82.843 3.5920e+01    36.4115    26.2950  0.000e+00
     20.891   5.638055  1024.0962 1.2943e-01     8.2414     0.7236     5.4455     82.857 3.5820e+01    36.4116    26.2948  0.000e+00
     20.949   5.638026  1024.0965 1.2943e-01     8.2414     0.7236     5.4464     82.871 3.5820e+01    36.4116    26.2945  0.000e+00
     20.949   5.637952  1024.0966 1.2821e-01     8.3061     0.7236     5.4475     82.887 3.5719e+01    36.4115    26.2939  0.000e+00
     20.949   5.637952  1024.0972 1.2698e-01     8.2414     0.7236     5.4485     82.901 3.5619e+01    36.4119    26.2933  0.000e+00
     20.949   5.637872  1024.0968 1.2698e-01     8.2414     0.7236     5.4453     82.852 3.5519e+01    36.4114    26.2932  0.000e+00
     20.998   5.637864  1024.0971 1.2943e-01   102.1401     0.6626     5.4461     82.864 3.5519e+01    36.4115    26.2931  0.000e+00
     21.138   5.637901  1024.0979 1.0989e-01   234.8666     0.7847     5.4471     82.879 3.5319e+01    36.4117    26.2930  0.000e+00
     21.015   5.637923  1024.0976 1.0501e-01   264.3110     0.9373     5.4476     82.887 3.5220e+01    36.4120    26.2929  0.000e+00
     21.138   5.637894  1024.0981 1.0379e-01   264.3110     0.9678     5.4484     82.898 3.5220e+01    36.4118    26.2929  0.000e+00
     21.138   5.637850  1024.0981 1.0501e-01   264.3110     0.9373     5.4492     82.911 3.5121e+01    36.4117    26.2926  0.000e+00
     21.196   5.637828  1024.0983 1.0623e-01   259.7164     0.9373     5.4459     82.860 3.4924e+01    36.4116    26.2925  0.000e+00
     21.196   5.637828  1024.0985 1.0745e-01   259.4575     0.9373     5.4465     82.870 3.4924e+01    36.4118    26.2922  0.000e+00
     21.237   5.637732  1024.0987 1.0745e-01   259.9105     0.9373     5.4471     82.878 3.4826e+01    36.4116    26.2916  0.000e+00
     21.254   5.637718  1024.0991 1.0623e-01   259.9752     0.9373     5.4480     82.891 3.4728e+01    36.4119    26.2911  0.000e+00
     21.320   5.637637  1024.0992 1.0623e-01   259.9752     0.9373     5.4488     82.902 3.4728e+01    36.4115    26.2908  0.000e+00
     21.320   5.637637  1024.0996 1.0745e-01   259.9752     0.9373     5.4495     82.912 3.4534e+01    36.4119    26.2904  0.000e+00
     21.320   5.637571  1024.0995 1.0745e-01   259.9752     0.9373     5.4461     82.860 3.4340e+01    36.4116    26.2901  0.000e+00
     21.444   5.637549  1024.1005 1.1477e-01   231.3721     0.8763     5.4469     82.871 3.4340e+01    36.4119    26.2895  0.000e+00
     21.427   5.637490  1024.1000 1.3065e-01    74.7664     0.8152     5.4514     82.940 3.4243e+01    36.4114    26.2896  0.000e+00
     21.444   5.637461  1024.1003 1.3065e-01     6.0412     0.8457     5.4482     82.890 3.4051e+01    36.4115    26.2891  0.000e+00
     21.501   5.637394  1024.1006 1.2943e-01     0.6053     0.8763     5.4449     82.839 3.3956e+01    36.4114    26.2887  0.000e+00
     21.559   5.637372  1024.1008 1.3065e-01     6.5589     0.8457     5.4453     82.845 3.4051e+01    36.4113    26.2886  0.000e+00
     21.559   5.637394  1024.1012 1.3065e-01     9.2121     0.8457     5.4455     82.848 3.3765e+01    36.4116    26.2883  0.000e+00
     21.559   5.637409  1024.1013 1.2943e-01     9.4062     0.8457     5.4458     82.853 3.3670e+01    36.4118    26.2882  0.000e+00
     21.625   5.637387  1024.1016 1.2943e-01     9.2121     0.8457     5.4462     82.859 3.3576e+01    36.4117    26.2881  0.000e+00
     21.666   5.637328  1024.1017 1.2943e-01     9.0827     0.8763     5.4506     82.926 3.3482e+01    36.4115    26.2878  0.000e+00
     21.683   5.637387  1024.1020 1.2943e-01     9.0827     0.8457     5.4469     82.869 3.3388e+01    36.4119    26.2879  0.000e+00
     21.683   5.637387  1024.1017 1.2943e-01     9.0827     0.8457     5.4473     82.875 3.3388e+01    36.4116    26.2882  0.000e+00
     21.807   5.637395  1024.1023 1.2821e-01     9.0827     0.8457     5.4476     82.880 3.3294e+01    36.4116    26.2882  0.000e+00
     21.683   5.637380  1024.1018 1.2454e-01     9.1474     0.8457     5.4395     82.757 3.3014e+01    36.4117    26.2881  0.000e+00
     21.864   5.637343  1024.1027 1.1600e-01    11.5418     0.8457     5.4435     82.817 3.3107e+01    36.4117    26.2877  0.000e+00
     21.864   5.637248  1024.1024 1.1355e-01    13.5479     0.8457     5.4395     82.756 3.2921e+01    36.4112    26.2874  0.000e+00
     21.848   5.637299  1024.1029 1.1600e-01    13.9362     0.8457     5.4394     82.754 3.2921e+01    36.4118    26.2871  0.000e+00
     21.864   5.637329  1024.1027 1.2332e-01    13.8714     0.8763     5.4432     82.813 3.2921e+01    36.4117    26.2876  0.000e+00
     21.930   5.637351  1024.1032 1.2821e-01    13.8067     0.9068     5.4433     82.814 3.2737e+01    36.4119    26.2875  0.000e+00
     21.930   5.637336  1024.1032 1.3187e-01    13.7420     0.9068     5.4393     82.754 3.2645e+01    36.4118    26.2874  0.000e+00
     21.930   5.637299  1024.1024 1.3187e-01    13.8067     0.9068     5.4352     82.691 3.2645e+01    36.4111    26.2880  0.000e+00
     21.988   5.637409  1024.1025 1.3187e-01    13.8067     0.9068     5.4350     82.689 3.2462e+01    36.4112    26.2889  0.000e+00
     22.054   5.637431  1024.1027 1.3065e-01    13.7420     0.9068     5.4347     82.685 3.2371e+01    36.4111    26.2891  0.000e+00
     22.038   5.637387  1024.1029 1.3187e-01    13.7420     0.9068     5.4345     82.681 3.2371e+01    36.4113    26.2885  0.000e+00
     22.054   5.637395  1024.1028 1.3187e-01    13.8067     0.9068     5.4343     82.679 3.2371e+01    36.4111    26.2887  0.000e+00
     21.988   5.637409  1024.1023 1.3187e-01    13.8067     0.9068     5.4342     82.677 3.2280e+01    36.4111    26.2890  0.000e+00
     22.112   5.637454  1024.1024 1.3187e-01    75.9960     0.8763     5.4342     82.677 3.2280e+01    36.4107    26.2898  0.000e+00
     22.112   5.637461  1024.1021 1.1844e-01   220.2414     0.8763     5.4301     82.616 3.2189e+01    36.4105    26.2901  0.000e+00
     22.112   5.637564  1024.1018 1.0745e-01   264.3110     0.9984     5.4259     82.553 3.2099e+01    36.4105    26.2911  0.000e+00
     22.112   5.637703  1024.1017 1.0745e-01   264.3110     0.9984     5.4255     82.550 3.2099e+01    36.4107    26.2921  0.000e+00
     22.170   5.637777  1024.1014 1.0745e-01   264.3110     0.9984     5.4252     82.545 3.2008e+01    36.4104    26.2931  0.000e+00
     22.096   5.637711  1024.1003 1.0745e-01   259.9752     0.9984     5.4250     82.543 3.1918e+01    36.4096    26.2936  0.000e+00
     22.170   5.637791  1024.1009 1.0623e-01   259.3928     0.9984     5.4249     82.541 3.2008e+01    36.4101    26.2937  0.000e+00
     22.170   5.637806  1024.1014 1.0501e-01   259.7164     0.9984     5.4248     82.540 3.2008e+01    36.4106    26.2932  0.000e+00
     22.236   5.637747  1024.1013 9.1575e-02   259.9105     0.9984     5.4248     82.540 3.1829e+01    36.4100    26.2933  0.000e+00
     22.170   5.637703  1024.1012 8.6691e-02   259.9752     0.9984     5.4249     82.541 3.1829e+01    36.4101    26.2929  0.000e+00
     22.236   5.637696  1024.1019 9.1575e-02   260.0399     0.9984     5.4211     82.482 3.1918e+01    36.4104    26.2924  0.000e+00
     22.236   5.637689  1024.1019 9.0354e-02   259.9752     0.9984     5.4209     82.478 3.1829e+01    36.4104    26.2923  0.000e+00
     22.219   5.637659  1024.1019 7.2039e-02   249.4270     0.9678     5.4207     82.476 3.1829e+01    36.4104    26.2920  0.000e+00
     22.236   5.637652  1024.1022 8.0586e-02    88.6797     0.8763     5.4207     82.476 3.1739e+01    36.4106    26.2918  0.000e+00
     22.236   5.637674  1024.1023 7.6923e-02     1.5760     0.9373     5.4167     82.414 3.1650e+01    36.4107    26.2918  0.000e+00
     22.294   5.637659  1024.1021 8.0586e-02    -0.6890     0.9373     5.4207     82.476 3.1561e+01    36.4103    26.2921  0.000e+00
     22.236   5.637652  1024.1018 8.9133e-02    -0.6890     0.9373     5.4209     82.478 3.1561e+01    36.4102    26.2922  0.000e+00
     22.294   5.637608  1024.1019 9.0354e-02    -0.6890     0.8763     5.4169     82.418 3.1473e+01    36.4100    26.2921  0.000e+00
     22.236   5.637630  1024.1017 9.6459e-02    -0.6890     0.8457     5.4168     82.416 3.1384e+01    36.4100    26.2922  0.000e+00
     22.277   5.637623  1024.1019 1.0867e-01    -0.2360     0.8457     5.4168     82.417 3.1473e+01    36.4101    26.2921  0.000e+00
     22.294   5.637593  1024.1017 1.1600e-01    -0.0419     0.8457     5.4210     82.480 3.1473e+01    36.4098    26.2922  0.000e+00
     22.294   5.637534  1024.1018 1.1722e-01    -0.0419     0.8457     5.4173     82.424 3.1296e+01    36.4097    26.2918  0.000e+00
     22.294   5.637512  1024.1022 1.1966e-01    -0.0419     0.8457     5.4217     82.489 3.1384e+01    36.4100    26.2911  0.000e+00
     22.294   5.637468  1024.1026 1.2332e-01    -0.1066     0.8457     5.4180     82.432 3.1296e+01    36.4102    26.2905  0.000e+00
     22.294   5.637432  1024.1025 1.2454e-01    -0.1066     0.8457     5.4222     82.497 3.1208e+01    36.4100    26.2904  0.000e+00
     22.352   5.637417  1024.1029 1.2821e-01   107.5760     0.7542     5.4189     82.445 3.1208e+01    36.4101    26.2901  0.000e+00
     22.294   5.637373  1024.1028 1.0867e-01   238.6199     0.8457     5.4192     82.449 3.1296e+01    36.4102    26.2897  0.000e+00
     22.277   5.637365  1024.1031 1.0501e-01   264.3110     0.9373     5.4194     82.452 3.1208e+01    36.4105    26.2892  0.000e+00
     22.352   5.637373  1024.1036 1.0501e-01   264.3110     0.9373     5.4196     82.456 3.1121e+01    36.4106    26.2891  0.000e+00
     22.294   5.637365  1024.1030 1.0379e-01   264.3110     0.9068     5.4199     82.459 3.1121e+01    36.4104    26.2894  0.000e+00
     22.352   5.637336  1024.1032 1.0379e-01   259.6517     0.9068     5.4203     82.465 3.1121e+01    36.4102    26.2893  0.000e+00
     22.294   5.637329  1024.1030 1.0134e-01   259.4575     0.9068     5.4206     82.471 3.1121e+01    36.4102    26.2892  0.000e+00
     22.352   5.637248  1024.1027 9.7680e-02   259.7811     0.9068     5.4214     82.482 3.1121e+01    36.4095    26.2893  0.000e+00
     22.294   5.637226  1024.1023 9.0354e-02   259.9752     0.9068     5.4219     82.489 3.1121e+01    36.4093    26.2894  0.000e+00
     22.343   5.637299  1024.1031 8.9133e-02   259.9752     0.9068     5.4225     82.499 3.1121e+01    36.4101    26.2891  0.000e+00
