WS23139_STN02_01CTD.cnv
* Sea-Bird SBE 9 Data File:
* FileName = C:\ctd\Cruise_Data\WS23139_Rosenheim\WS23139_Rosenheim_STN02.hex
* Software Version Seasave V 7.26.7.121
* Temperature SN = 4097 MTG 177
* Conductivity SN = 1851 MTG 053
* Number of Bytes Per Scan = 40
* Number of Voltage Words = 5
* Number of Scans Averaged by the Deck Unit = 1
* NMEA Latitude = 02 40.44 N
* NMEA Longitude = 048 15.80 W
* NMEA UTC (Time) = Oct 22 2003  13:26:47
* NMEA baud rate = 4800
** Ship:
** Station:
** Operator:
# nquan = 12
# nvalues = 17962                                 
# units = specified
# name 0 = depSM: Depth [salt water, m]
# name 1 = c0S/m: Conductivity [S/m]
# name 2 = density00: Density [density, kg/m^3]
# name 3 = flSP: Fluorescence, Seapoint
# name 4 = wetCDOM: Fluorescence, WET Labs CDOM [mg/m^3]
# name 5 = flECO-AFL: Fluorescence, WET Labs ECO-AFL/FL [mg/m^3]
# name 6 = sbeox0Mg/L: Oxygen, SBE 43 [mg/l]
# name 7 = sbeox0PS: Oxygen, SBE 43 [% saturation]
# name 8 = par: PAR/Irradiance, Biospherical/Licor [Watts/m^2]
# name 9 = sal00: Salinity, Practical [PSU]
# name 10 = t090C: Temperature [ITS-90, deg C]
# name 11 = flag:  0.000e+00
# span 0 =      2.036,     94.481                 
# span 1 =   5.809294,   5.857121                 
# span 2 =  1022.8021,  1023.3861                 
# span 3 = 6.2271e-02, 1.4286e-01                 
# span 4 =    -0.6890,   264.3110                 
# span 5 =    -0.1311,     0.5405                 
# span 6 =     5.9564,     6.2131                 
# span 7 =     93.835,     98.254                 
# span 8 = 1.1052e+01, 6.5396e+03                 
# span 9 =    35.8016,    36.0248                 
# span 10 =    28.5185,    28.8176                
# span 11 = 0.0000e+00, 0.0000e+00                
# interval = seconds: 0.0416667
# start_time = Oct 22 2003 13:26:47 [NMEA time, header]
# bad_flag = -9.990e-29
*END*
[from data line 11549]
     65.819   5.829359  1023.2558 1.1844e-01    14.3244     0.3879     6.0770     95.743 4.8259e+01    36.0106    28.5513  0.000e+00
     65.770   5.829359  1023.2558 1.1844e-01    14.3244     0.3879     6.0793     95.779 4.8395e+01    36.0108    28.5511  0.000e+00
     65.753   5.829359  1023.2559 1.1844e-01    14.3244     0.3879     6.0856     95.878 4.8532e+01    36.0109    28.5509  0.000e+00
     65.695   5.829322  1023.2554 1.1844e-01    14.3244     0.3879     6.0840     95.854 4.8532e+01    36.0107    28.5509  0.000e+00
     65.712   5.829344  1023.2556 1.2210e-01   119.4184     0.3573     6.0905     95.955 4.8532e+01    36.0108    28.5509  0.000e+00
     65.695   5.829337  1023.2555 1.0134e-01   241.3379     0.3879     6.0930     95.995 4.8532e+01    36.0108    28.5509  0.000e+00
     65.695   5.829277  1023.2552 9.7680e-02   264.3110     0.3573     6.0956     96.036 4.8668e+01    36.0104    28.5509  0.000e+00
     65.695   5.829299  1023.2555 9.7680e-02   264.3110     0.3879     6.0981     96.075 4.8668e+01    36.0107    28.5507  0.000e+00
     65.654   5.829269  1023.2553 9.7680e-02   264.1816     0.3879     6.1006     96.114 4.8668e+01    36.0106    28.5505  0.000e+00
     65.637   5.829225  1023.2554 9.7680e-02   259.4575     0.3879     6.1030     96.151 4.8805e+01    36.0106    28.5502  0.000e+00
     65.571   5.829172  1023.2550 9.6459e-02   259.3928     0.3573     6.1052     96.185 4.8805e+01    36.0104    28.5500  0.000e+00
     65.588   5.829202  1023.2552 9.6459e-02   259.7164     0.3879     6.1112     96.280 4.8943e+01    36.0106    28.5500  0.000e+00
     65.571   5.829172  1023.2553 9.6459e-02   259.8458     0.3573     6.1134     96.315 4.8943e+01    36.0107    28.5496  0.000e+00
     65.571   5.829202  1023.2555 9.6459e-02   259.8458     0.3573     6.1153     96.344 4.8943e+01    36.0109    28.5496  0.000e+00
     65.530   5.829172  1023.2553 9.6459e-02   259.8458     0.3268     6.1169     96.370 4.8943e+01    36.0108    28.5494  0.000e+00
     65.514   5.829076  1023.2549 9.6459e-02   259.8458     0.2963     6.1184     96.393 4.9081e+01    36.0103    28.5492  0.000e+00
     65.448   5.829098  1023.2544 9.6459e-02   259.7811     0.2658     6.1233     96.470 4.9219e+01    36.0102    28.5496  0.000e+00
     65.448   5.829120  1023.2549 9.6459e-02   259.7811     0.2658     6.1243     96.486 4.9219e+01    36.0106    28.5492  0.000e+00
     65.464   5.829120  1023.2549 9.5238e-02   259.8458     0.2658     6.1290     96.560 4.9357e+01    36.0106    28.5492  0.000e+00
     65.447   5.829120  1023.2549 9.6459e-02   259.8458     0.2658     6.1258     96.509 4.9219e+01    36.0106    28.5492  0.000e+00
     65.390   5.829120  1023.2548 9.6459e-02   259.7811     0.2658     6.1260     96.512 4.9357e+01    36.0108    28.5491  0.000e+00
     65.406   5.829120  1023.2549 9.5238e-02   259.8458     0.2658     6.1261     96.514 4.9357e+01    36.0108    28.5491  0.000e+00
     65.332   5.829083  1023.2547 9.6459e-02   259.8458     0.2658     6.1301     96.577 4.9496e+01    36.0108    28.5487  0.000e+00
     65.332   5.829075  1023.2547 9.5238e-02   259.8458     0.2963     6.1343     96.642 4.9496e+01    36.0108    28.5487  0.000e+00
     65.348   5.829053  1023.2544 9.6459e-02   259.7811     0.2658     6.1342     96.641 4.9636e+01    36.0104    28.5489  0.000e+00
     65.332   5.829068  1023.2546 9.5238e-02   259.8458     0.2658     6.1303     96.578 4.9636e+01    36.0107    28.5488  0.000e+00
     65.208   5.829105  1023.2540 9.5238e-02   259.8458     0.2658     6.1336     96.631 4.9636e+01    36.0107    28.5491  0.000e+00
     65.282   5.829046  1023.2540 9.5238e-02   259.8458     0.2658     6.1372     96.688 4.9775e+01    36.0103    28.5491  0.000e+00
     65.266   5.829090  1023.2543 9.6459e-02   260.4282     0.2658     6.1331     96.624 4.9775e+01    36.0107    28.5489  0.000e+00
     65.208   5.829120  1023.2541 1.2210e-01   128.2841     0.2963     6.1366     96.679 4.9775e+01    36.0108    28.5491  0.000e+00
     65.150   5.829150  1023.2541 1.1966e-01    28.1083     0.3268     6.1363     96.674 4.9775e+01    36.0112    28.5489  0.000e+00
     65.225   5.829053  1023.2539 1.1966e-01     9.4710     0.3268     6.1361     96.671 4.9636e+01    36.0105    28.5489  0.000e+00
     65.150   5.829023  1023.2537 1.1966e-01    14.5186     0.3268     6.1358     96.665 4.9775e+01    36.0104    28.5487  0.000e+00
     65.084   5.829038  1023.2536 1.1966e-01    18.4014     0.3268     6.1354     96.658 4.9775e+01    36.0107    28.5485  0.000e+00
     65.159   5.829098  1023.2541 1.1966e-01    19.1132     0.3268     6.1351     96.654 4.9775e+01    36.0110    28.5487  0.000e+00
     65.084   5.829046  1023.2535 1.1966e-01    18.9191     0.3268     6.1346     96.648 4.9636e+01    36.0106    28.5487  0.000e+00
     65.084   5.829060  1023.2536 1.1844e-01    18.7249     0.3268     6.1342     96.640 4.9775e+01    36.0107    28.5487  0.000e+00
     65.043   5.829075  1023.2535 1.1966e-01    18.7249     0.3268     6.1336     96.631 4.9775e+01    36.0108    28.5487  0.000e+00
     65.026   5.829075  1023.2532 1.1966e-01    18.7249     0.3268     6.1370     96.685 4.9916e+01    36.0107    28.5489  0.000e+00
     65.084   5.829031  1023.2532 1.1966e-01    18.7249     0.3268     6.1367     96.681 4.9916e+01    36.0104    28.5489  0.000e+00
     65.043   5.829060  1023.2532 1.1844e-01    18.7249     0.3268     6.1365     96.676 4.9916e+01    36.0106    28.5489  0.000e+00
     64.960   5.829031  1023.2527 1.1966e-01    86.8678     0.2963     6.1321     96.608 5.0056e+01    36.0104    28.5489  0.000e+00
     64.960   5.829068  1023.2529 1.0501e-01   225.0949     0.3573     6.1316     96.599 5.0056e+01    36.0107    28.5489  0.000e+00
     64.977   5.829075  1023.2530 9.6459e-02   264.3110     0.3268     6.1311     96.592 5.0056e+01    36.0107    28.5489  0.000e+00
     64.960   5.829075  1023.2532 9.6459e-02   264.3110     0.3268     6.1308     96.587 5.0056e+01    36.0109    28.5487  0.000e+00
     64.960   5.829105  1023.2531 9.6459e-02   264.3110     0.3268     6.1304     96.581 5.0056e+01    36.0109    28.5489  0.000e+00
     64.960   5.829083  1023.2528 9.6459e-02   259.7164     0.3268     6.1300     96.575 5.0197e+01    36.0106    28.5491  0.000e+00
     64.919   5.829075  1023.2526 9.7680e-02   259.3928     0.3268     6.1295     96.566 5.0056e+01    36.0106    28.5491  0.000e+00
     64.903   5.829075  1023.2526 9.7680e-02   259.6517     0.3268     6.1289     96.558 5.0197e+01    36.0106    28.5491  0.000e+00
     64.903   5.829075  1023.2524 9.7680e-02   259.7811     0.3268     6.1285     96.552 5.0197e+01    36.0105    28.5492  0.000e+00
     64.919   5.829105  1023.2526 9.7680e-02   259.8458     0.3268     6.1281     96.545 5.0197e+01    36.0107    28.5492  0.000e+00
     64.903   5.829098  1023.2527 9.7680e-02   259.8458     0.3268     6.1317     96.602 5.0197e+01    36.0108    28.5491  0.000e+00
     64.903   5.829075  1023.2526 9.7680e-02   259.8458     0.3268     6.1314     96.596 5.0197e+01    36.0106    28.5491  0.000e+00
     64.919   5.829075  1023.2526 9.8901e-02   250.3330     0.3573     6.1312     96.593 5.0339e+01    36.0106    28.5491  0.000e+00
     64.845   5.829075  1023.2522 1.2088e-01   101.8165     0.3268     6.1308     96.588 5.0339e+01    36.0105    28.5492  0.000e+00
     64.903   5.829075  1023.2524 1.1966e-01    21.4429     0.3573     6.1306     96.584 5.0480e+01    36.0105    28.5492  0.000e+00
     64.853   5.829075  1023.2524 1.2088e-01    11.1535     0.3573     6.1342     96.640 5.0480e+01    36.0106    28.5491  0.000e+00
     64.902   5.829105  1023.2526 1.2088e-01    16.7835     0.3573     6.1300     96.576 5.0480e+01    36.0107    28.5492  0.000e+00
     64.845   5.829083  1023.2524 1.1966e-01    19.8898     0.3573     6.1295     96.568 5.0480e+01    36.0107    28.5491  0.000e+00
     64.853   5.829142  1023.2527 1.1966e-01    20.2780     0.3573     6.1330     96.622 5.0765e+01    36.0111    28.5491  0.000e+00
     64.845   5.829105  1023.2523 1.1966e-01    20.0839     0.3573     6.1328     96.619 5.0765e+01    36.0107    28.5492  0.000e+00
     64.845   5.829075  1023.2522 1.1966e-01    19.9545     0.3573     6.1326     96.616 5.0765e+01    36.0105    28.5492  0.000e+00
     64.853   5.829075  1023.2522 1.1966e-01    19.9545     0.3573     6.1323     96.612 5.0765e+01    36.0104    28.5493  0.000e+00
     64.845   5.829105  1023.2523 1.1966e-01    19.9545     0.3573     6.1320     96.607 5.0765e+01    36.0107    28.5492  0.000e+00
     64.845   5.829120  1023.2522 1.1966e-01    19.9545     0.3573     6.1316     96.601 5.0765e+01    36.0106    28.5494  0.000e+00
     64.845   5.829120  1023.2524 1.1966e-01    19.9545     0.3573     6.1314     96.598 5.0765e+01    36.0108    28.5492  0.000e+00
     64.853   5.829120  1023.2523 1.2088e-01   118.8360     0.3268     6.1312     96.594 5.0908e+01    36.0106    28.5494  0.000e+00
     64.845   5.829083  1023.2520 1.0134e-01   240.3025     0.3573     6.1350     96.655 5.0908e+01    36.0104    28.5494  0.000e+00
     64.845   5.829142  1023.2523 9.7680e-02   264.3110     0.3268     6.1349     96.653 5.0908e+01    36.0108    28.5494  0.000e+00
     64.853   5.829217  1023.2526 9.7680e-02   264.3110     0.3268     6.1347     96.650 5.0908e+01    36.0112    28.5496  0.000e+00
     64.779   5.829150  1023.2520 9.7680e-02   264.2463     0.3268     6.1344     96.645 5.1051e+01    36.0107    28.5496  0.000e+00
     64.845   5.829150  1023.2521 9.6459e-02   259.5222     0.3268     6.1383     96.707 5.1195e+01    36.0106    28.5498  0.000e+00
     64.795   5.829165  1023.2518 9.7680e-02   259.3928     0.3268     6.1385     96.710 5.1051e+01    36.0105    28.5500  0.000e+00
     64.845   5.829202  1023.2520 9.7680e-02   259.7164     0.3268     6.1427     96.776 5.1195e+01    36.0107    28.5502  0.000e+00
     64.779   5.829247  1023.2516 9.7680e-02   259.8458     0.3268     6.1388     96.716 5.1339e+01    36.0107    28.5505  0.000e+00
     64.795   5.829299  1023.2517 9.6459e-02   259.8458     0.3268     6.1389     96.718 5.1339e+01    36.0108    28.5509  0.000e+00
     64.779   5.829269  1023.2517 9.6459e-02   259.8458     0.3268     6.1392     96.723 5.1339e+01    36.0109    28.5505  0.000e+00
     64.778   5.829261  1023.2516 9.6459e-02   259.7811     0.3268     6.1432     96.786 5.1484e+01    36.0107    28.5507  0.000e+00
     64.795   5.829299  1023.2517 1.0623e-01   222.8299     0.3573     6.1436     96.792 5.1484e+01    36.0108    28.5509  0.000e+00
     64.721   5.829291  1023.2516 1.1844e-01    67.6480     0.3268     6.1439     96.797 5.1339e+01    36.0110    28.5505  0.000e+00
     64.778   5.829306  1023.2516 1.1844e-01     4.4880     0.3268     6.1443     96.802 5.1484e+01    36.0109    28.5509  0.000e+00
     64.737   5.829314  1023.2515 1.1844e-01     0.6700     0.3573     6.1445     96.806 5.1484e+01    36.0109    28.5509  0.000e+00
     64.721   5.829269  1023.2510 1.1844e-01     6.5589     0.3573     6.1447     96.810 5.1484e+01    36.0105    28.5511  0.000e+00
     64.721   5.829329  1023.2510 1.1966e-01     9.0180     0.3573     6.1488     96.875 5.1629e+01    36.0106    28.5515  0.000e+00
     64.737   5.829388  1023.2509 1.1966e-01     9.1474     0.3573     6.1452     96.819 5.1629e+01    36.0106    28.5520  0.000e+00
     64.655   5.829403  1023.2506 1.1844e-01     9.0180     0.3573     6.1492     96.881 5.1774e+01    36.0107    28.5520  0.000e+00
     64.721   5.829366  1023.2507 1.1966e-01     8.8238     0.3573     6.1495     96.886 5.1774e+01    36.0104    28.5520  0.000e+00
     64.671   5.829425  1023.2510 1.1966e-01     8.8238     0.3573     6.1498     96.892 5.1629e+01    36.0110    28.5518  0.000e+00
     64.655   5.829396  1023.2506 1.1966e-01     8.7591     0.3573     6.1502     96.897 5.1774e+01    36.0107    28.5520  0.000e+00
     64.597   5.829328  1023.2500 1.1966e-01     8.8238     0.3573     6.1505     96.902 5.1774e+01    36.0102    28.5520  0.000e+00
     64.655   5.829418  1023.2503 1.1966e-01     8.8238     0.3573     6.1466     96.842 5.1774e+01    36.0105    28.5524  0.000e+00
     64.613   5.829410  1023.2500 1.1966e-01     9.2768     0.3573     6.1464     96.839 5.1774e+01    36.0104    28.5526  0.000e+00
     64.655   5.829403  1023.2503 1.1844e-01     9.6004     0.3268     6.1463     96.837 5.1920e+01    36.0104    28.5524  0.000e+00
     64.597   5.829336  1023.2500 1.1844e-01     9.6651     0.3268     6.1461     96.833 5.2066e+01    36.0103    28.5520  0.000e+00
     64.547   5.829269  1023.2498 1.1844e-01     9.6004     0.3268     6.1458     96.828 5.2066e+01    36.0101    28.5516  0.000e+00
     64.597   5.829261  1023.2507 1.1844e-01     9.6004     0.3268     6.1456     96.824 5.2213e+01    36.0106    28.5509  0.000e+00
     64.539   5.829224  1023.2502 1.1722e-01     9.6651     0.3268     6.1452     96.818 5.2213e+01    36.0104    28.5509  0.000e+00
     64.547   5.829284  1023.2506 1.1844e-01     9.6004     0.3268     6.1449     96.812 5.2066e+01    36.0108    28.5509  0.000e+00
     64.539   5.829321  1023.2504 1.1844e-01     9.6004     0.3268     6.1444     96.805 5.2213e+01    36.0107    28.5513  0.000e+00
     64.539   5.829239  1023.2505 1.1844e-01     9.6004     0.3268     6.1440     96.798 5.2213e+01    36.0106    28.5507  0.000e+00
     64.489   5.829284  1023.2503 1.1966e-01     9.6004     0.3268     6.1436     96.793 5.2213e+01    36.0108    28.5509  0.000e+00
     64.473   5.829313  1023.2506 1.2088e-01     9.6651     0.3268     6.1433     96.787 5.2360e+01    36.0111    28.5507  0.000e+00
     64.473   5.829381  1023.2502 1.2088e-01     9.6004     0.3268     6.1429     96.781 5.2360e+01    36.0110    28.5515  0.000e+00
     64.489   5.829582  1023.2502 1.2088e-01    82.6614     0.2963     6.1423     96.775 5.2360e+01    36.0115    28.5527  0.000e+00
     64.415   5.829887  1023.2495 1.0501e-01   225.0302     0.3268     6.1416     96.768 5.2360e+01    36.0119    28.5549  0.000e+00
     64.473   5.830185  1023.2490 9.6459e-02   264.3110     0.2658     6.1451     96.826 5.2507e+01    36.0120    28.5575  0.000e+00
     64.489   5.830327  1023.2481 9.6459e-02   264.3110     0.2658     6.1407     96.760 5.2507e+01    36.0116    28.5594  0.000e+00
     64.349   5.830312  1023.2470 9.7680e-02   264.3110     0.2658     6.1361     96.688 5.2360e+01    36.0111    28.5599  0.000e+00
     64.415   5.830327  1023.2472 9.7680e-02   259.7811     0.2963     6.1356     96.680 5.2507e+01    36.0111    28.5601  0.000e+00
     64.432   5.830379  1023.2472 9.7680e-02   259.3281     0.2658     6.1389     96.734 5.2655e+01    36.0112    28.5605  0.000e+00
     64.349   5.830439  1023.2468 9.7680e-02   259.6517     0.2658     6.1384     96.726 5.2507e+01    36.0113    28.5609  0.000e+00
     64.415   5.830454  1023.2468 9.7680e-02   259.8458     0.2658     6.1380     96.721 5.2655e+01    36.0111    28.5612  0.000e+00
     64.366   5.830454  1023.2466 9.7680e-02   259.8458     0.2658     6.1376     96.713 5.2655e+01    36.0112    28.5612  0.000e+00
     64.349   5.830484  1023.2464 9.6459e-02   259.7811     0.2658     6.1331     96.644 5.2507e+01    36.0111    28.5616  0.000e+00
     64.349   5.830528  1023.2463 9.7680e-02   259.7811     0.2658     6.1363     96.695 5.2655e+01    36.0111    28.5620  0.000e+00
     64.308   5.830476  1023.2460 9.8901e-02   246.1266     0.2963     6.1358     96.687 5.2655e+01    36.0109    28.5618  0.000e+00
     64.349   5.830484  1023.2464 1.1966e-01    88.6797     0.2658     6.1316     96.620 5.2655e+01    36.0111    28.5616  0.000e+00
     64.291   5.830498  1023.2460 1.1966e-01     7.7884     0.3268     6.1310     96.612 5.2655e+01    36.0110    28.5618  0.000e+00
     64.365   5.830498  1023.2462 1.1966e-01    -0.6890     0.2963     6.1345     96.666 5.2803e+01    36.0109    28.5620  0.000e+00
     64.233   5.830498  1023.2457 1.1966e-01     3.9703     0.3268     6.1301     96.597 5.2655e+01    36.0109    28.5620  0.000e+00
