WS23139_STN10_09CTD.cnv
* Sea-Bird SBE 9 Data File:
* FileName = C:\ctd\Cruise_Data\WS23139_Rosenheim\WS23139_Rosenheim_STN10_02.hex
* Software Version Seasave V 7.26.7.121
* Temperature SN = 4097 MTG 177
* Conductivity SN = 1851 MTG 053
* Number of Bytes Per Scan = 40
* Number of Voltage Words = 5
* Number of Scans Averaged by the Deck Unit = 1
* NMEA Latitude = 04 57.51 N
* NMEA Longitude = 051 40.36 W
* NMEA UTC (Time) = Jun 11 2023 19:11:47
** Ship:
** Station:
** Operator:
# nquan = 12
# nvalues = 10066                                 
# units = specified
# name 0 = depSM: Depth [salt water, m]
# name 1 = c0S/m: Conductivity [S/m]
# name 2 = density00: Density [density, kg/m^3]
# name 3 = flSP: Fluorescence, Seapoint
# name 4 = wetCDOM: Fluorescence, WET Labs CDOM [mg/m^3]
# name 5 = flECO-AFL: Fluorescence, WET Labs ECO-AFL/FL [mg/m^3]
# name 6 = sbeox0Mg/L: Oxygen, SBE 43 [mg/l]
# name 7 = sbeox0PS: Oxygen, SBE 43 [% saturation]
# name 8 = par: PAR/Irradiance, Biospherical/Licor [Watts/m^2]
# name 9 = sal00: Salinity, Practical [PSU]
# name 10 = t090C: Temperature [ITS-90, deg C]
# name 11 = flag:  0.000e+00
# span 0 =      2.042,     51.270                 
# span 1 =   4.799006,   5.719172                 
# span 2 =  1017.8948,  1024.3749                 
# span 3 = 4.8840e-03, 1.6850e-01                 
# span 4 =    -0.6890,   264.3110                 
# span 5 =     0.1131,     2.4025                 
# span 6 =     4.1453,     6.6848                 
# span 7 =     62.646,    101.052                 
# span 8 = 5.7150e-01, 1.0429e+03                 
# span 9 =    29.1195,    36.4543                 
# span 10 =    25.8716,    28.3183                
# span 11 = 0.0000e+00, 0.0000e+00                
# interval = seconds: 0.0416667
# start_time = Jun 11 2023 19:11:47 [NMEA time, header]
# bad_flag = -9.990e-29
*END*
[from data line 6376]
     49.170   5.596980  1024.3654 1.2088e-01     5.5235     0.2047     4.5692     69.050 1.0287e+00    36.4330    25.8784  0.000e+00
     49.112   5.596958  1024.3652 1.2088e-01     5.5235     0.2352     4.5696     69.056 1.0258e+00    36.4330    25.8783  0.000e+00
     49.170   5.596958  1024.3654 1.2088e-01     5.3293     0.2352     4.5698     69.059 1.0113e+00    36.4330    25.8783  0.000e+00
     49.228   5.596966  1024.3656 1.2088e-01     4.7469     0.2047     4.5659     69.000 1.0056e+00    36.4329    25.8784  0.000e+00
     49.236   5.596995  1024.3659 1.2088e-01     4.4233     0.2047     4.5658     68.999 1.0056e+00    36.4332    25.8783  0.000e+00
     49.170   5.596966  1024.3653 1.2088e-01     4.3586     0.2047     4.5697     69.057 9.9987e-01    36.4329    25.8784  0.000e+00
     49.294   5.596958  1024.3656 1.2088e-01     4.4233     0.2047     4.5658     68.999 9.9420e-01    36.4327    25.8786  0.000e+00
     49.236   5.596966  1024.3658 1.2088e-01     4.3586     0.2047     4.5657     68.998 9.9420e-01    36.4330    25.8783  0.000e+00
     49.286   5.596995  1024.3660 1.1966e-01     4.4233     0.2047     4.5657     68.998 9.9138e-01    36.4331    25.8784  0.000e+00
     49.236   5.596980  1024.3658 1.1966e-01     4.3586     0.2352     4.5698     69.060 9.9420e-01    36.4331    25.8783  0.000e+00
     49.352   5.596958  1024.3662 1.2088e-01     4.3586     0.2047     4.5660     69.002 9.9138e-01    36.4329    25.8783  0.000e+00
     49.294   5.596929  1024.3656 1.2088e-01     4.4233     0.2352     4.5701     69.063 9.8296e-01    36.4326    25.8784  0.000e+00
     49.352   5.596951  1024.3661 1.2088e-01     4.4233     0.2352     4.5703     69.067 9.7738e-01    36.4329    25.8783  0.000e+00
     49.286   5.596995  1024.3661 1.2088e-01     4.4233     0.2352     4.5705     69.070 9.7738e-01    36.4332    25.8783  0.000e+00
     49.418   5.596966  1024.3665 1.2088e-01     4.3586     0.2047     4.5665     69.009 9.7738e-01    36.4330    25.8783  0.000e+00
     49.352   5.596929  1024.3662 1.2210e-01     9.2768     0.2047     4.5706     69.070 9.6908e-01    36.4329    25.8781  0.000e+00
     49.352   5.596951  1024.3661 1.2210e-01    14.0656     0.2352     4.5667     69.012 9.6908e-01    36.4329    25.8783  0.000e+00
     49.418   5.596966  1024.3665 1.2332e-01    15.1010     0.2352     4.5667     69.012 9.6358e-01    36.4330    25.8783  0.000e+00
     49.409   5.596966  1024.3666 1.2210e-01    14.9068     0.2352     4.5667     69.013 9.5268e-01    36.4331    25.8781  0.000e+00
     49.418   5.596958  1024.3665 1.2332e-01    14.7774     0.2352     4.5706     69.072 9.5268e-01    36.4329    25.8783  0.000e+00
     49.410   5.596958  1024.3663 1.2210e-01    14.7127     0.2352     4.5706     69.072 9.5268e-01    36.4328    25.8784  0.000e+00
     49.418   5.596966  1024.3663 1.2210e-01    14.7127     0.2658     4.5665     69.010 9.4998e-01    36.4328    25.8784  0.000e+00
     49.476   5.596966  1024.3666 1.2210e-01    14.7127     0.2658     4.5663     69.007 9.4998e-01    36.4328    25.8784  0.000e+00
     49.410   5.596958  1024.3663 1.2088e-01    14.7127     0.2658     4.5622     68.944 9.4998e-01    36.4328    25.8784  0.000e+00
     49.476   5.596929  1024.3665 1.2088e-01    14.7127     0.2658     4.5577     68.876 9.5268e-01    36.4327    25.8783  0.000e+00
     49.476   5.596951  1024.3668 1.2210e-01    14.7127     0.2658     4.5612     68.929 9.5540e-01    36.4330    25.8781  0.000e+00
     49.418   5.596966  1024.3663 1.2210e-01    14.6480     0.2658     4.5566     68.860 9.5268e-01    36.4328    25.8784  0.000e+00
     49.476   5.596966  1024.3667 1.2332e-01    11.9300     0.2658     4.5519     68.789 9.4728e-01    36.4329    25.8783  0.000e+00
     49.533   5.596959  1024.3668 1.2210e-01     4.3586     0.2658     4.5553     68.840 9.4728e-01    36.4327    25.8784  0.000e+00
     49.418   5.596929  1024.3661 1.2088e-01     1.6407     0.2658     4.5508     68.771 9.4728e-01    36.4326    25.8784  0.000e+00
     49.533   5.597024  1024.3668 1.2088e-01     1.5760     0.2352     4.5459     68.699 9.4190e-01    36.4329    25.8788  0.000e+00
     49.418   5.596995  1024.3663 1.2088e-01     1.8348     0.2658     4.5452     68.687 9.4459e-01    36.4329    25.8786  0.000e+00
     49.476   5.596988  1024.3664 1.2088e-01     1.9642     0.2352     4.5402     68.612 9.4459e-01    36.4327    25.8788  0.000e+00
     49.533   5.597002  1024.3667 1.2088e-01     2.0289     0.2658     4.5392     68.597 9.4459e-01    36.4328    25.8788  0.000e+00
     49.476   5.597010  1024.3666 1.2088e-01     1.9642     0.2658     4.5340     68.519 9.4728e-01    36.4330    25.8786  0.000e+00
     49.476   5.597046  1024.3667 1.2210e-01     1.9642     0.2352     4.5287     68.439 9.4728e-01    36.4331    25.8788  0.000e+00
     49.476   5.596995  1024.3664 1.2210e-01     1.9642     0.2352     4.5317     68.484 9.4998e-01    36.4327    25.8788  0.000e+00
     49.476   5.596988  1024.3662 1.2088e-01     1.8995     0.2352     4.5227     68.347 9.4998e-01    36.4325    25.8790  0.000e+00
     49.476   5.597002  1024.3666 1.2088e-01     2.0289     0.2352     4.5174     68.267 9.4728e-01    36.4329    25.8786  0.000e+00
     49.542   5.597046  1024.3670 1.2088e-01     6.5589     0.2658     4.5161     68.248 9.4190e-01    36.4331    25.8788  0.000e+00
     49.476   5.597024  1024.3664 1.2210e-01   159.8641     0.2658     4.5066     68.104 9.3124e-01    36.4328    25.8790  0.000e+00
     49.476   5.597032  1024.3664 9.8901e-02   256.6101     0.2047     4.5050     68.081 9.3124e-01    36.4329    25.8790  0.000e+00
     49.476   5.597017  1024.3665 9.8901e-02   264.3110     0.1742     4.5034     68.056 9.3923e-01    36.4329    25.8788  0.000e+00
     49.476   5.597046  1024.3665 9.8901e-02   264.3110     0.2047     4.4977     67.970 9.4728e-01    36.4330    25.8790  0.000e+00
     49.542   5.597024  1024.3667 9.8901e-02   262.1108     0.2047     4.4880     67.824 9.4728e-01    36.4328    25.8790  0.000e+00
     49.410   5.597010  1024.3662 9.8901e-02   259.3281     0.1742     4.4862     67.796 9.4459e-01    36.4329    25.8788  0.000e+00
     49.542   5.597002  1024.3667 9.7680e-02   259.5222     0.1742     4.4805     67.710 9.4459e-01    36.4328    25.8788  0.000e+00
     49.476   5.596973  1024.3661 9.7680e-02   259.7811     0.2047     4.4747     67.622 9.4728e-01    36.4324    25.8790  0.000e+00
     49.410   5.597032  1024.3663 9.7680e-02   259.8458     0.1742     4.4726     67.591 9.5268e-01    36.4330    25.8788  0.000e+00
     49.542   5.597024  1024.3667 9.7680e-02   259.8458     0.1742     4.4629     67.444 9.5812e-01    36.4328    25.8790  0.000e+00
     49.410   5.597032  1024.3663 9.8901e-02   259.8458     0.1742     4.4650     67.476 9.6085e-01    36.4330    25.8788  0.000e+00
     49.542   5.596951  1024.3663 9.8901e-02   259.8458     0.1742     4.4595     67.393 9.5812e-01    36.4323    25.8790  0.000e+00
     49.418   5.596988  1024.3661 1.2210e-01   170.8653     0.2658     4.4536     67.303 9.5540e-01    36.4327    25.8788  0.000e+00
     49.476   5.597010  1024.3663 1.2210e-01    36.3916     0.2352     4.4518     67.276 9.5268e-01    36.4327    25.8790  0.000e+00
     49.476   5.597010  1024.3663 1.1966e-01    -0.6890     0.2352     4.4462     67.192 9.5268e-01    36.4327    25.8790  0.000e+00
     49.476   5.597002  1024.3664 1.2088e-01     1.4465     0.2352     4.4446     67.167 9.5540e-01    36.4328    25.8788  0.000e+00
     49.476   5.596973  1024.3661 1.2210e-01     6.4942     0.2658     4.4431     67.145 9.5540e-01    36.4324    25.8790  0.000e+00
     49.410   5.596995  1024.3660 1.2210e-01     8.0473     0.2658     4.4418     67.125 9.5540e-01    36.4326    25.8790  0.000e+00
     49.476   5.597046  1024.3667 1.2210e-01     8.0473     0.2658     4.4450     67.174 9.5812e-01    36.4331    25.8788  0.000e+00
     49.476   5.597017  1024.3664 1.2210e-01     7.7884     0.2658     4.4402     67.101 9.5812e-01    36.4328    25.8790  0.000e+00
     49.410   5.596973  1024.3659 1.2210e-01     7.7237     0.2658     4.4397     67.093 9.5812e-01    36.4325    25.8790  0.000e+00
     49.476   5.596966  1024.3662 1.2088e-01     7.7237     0.2658     4.4394     67.089 9.6908e-01    36.4325    25.8788  0.000e+00
     49.476   5.597032  1024.3666 1.2210e-01     7.7237     0.2658     4.4393     67.088 9.7184e-01    36.4330    25.8788  0.000e+00
     49.418   5.597017  1024.3661 1.2210e-01     7.7237     0.2658     4.4432     67.147 9.7461e-01    36.4328    25.8790  0.000e+00
     49.476   5.597002  1024.3664 1.2210e-01    33.8031     0.2658     4.4438     67.155 9.7184e-01    36.4328    25.8788  0.000e+00
     49.410   5.597010  1024.3662 1.1722e-01   191.5088     0.2658     4.4483     67.223 9.6908e-01    36.4329    25.8788  0.000e+00
     49.476   5.597046  1024.3667 9.8901e-02   264.3110     0.2047     4.4533     67.298 9.6908e-01    36.4331    25.8788  0.000e+00
     49.410   5.597024  1024.3663 9.7680e-02   264.3110     0.1742     4.4503     67.254 9.7184e-01    36.4330    25.8788  0.000e+00
     49.476   5.597002  1024.3664 9.7680e-02   264.3110     0.1742     4.4559     67.338 9.7738e-01    36.4328    25.8788  0.000e+00
     49.418   5.596944  1024.3659 9.7680e-02   260.6871     0.1742     4.4576     67.364 9.7738e-01    36.4324    25.8788  0.000e+00
     49.410   5.596988  1024.3663 9.7680e-02   259.3281     0.1742     4.4634     67.452 9.7461e-01    36.4328    25.8786  0.000e+00
     49.418   5.596980  1024.3663 9.8901e-02   259.5869     0.1742     4.4655     67.484 9.7461e-01    36.4328    25.8786  0.000e+00
     49.476   5.597017  1024.3665 9.7680e-02   259.8458     0.1742     4.4717     67.577 9.7461e-01    36.4329    25.8788  0.000e+00
     49.418   5.596988  1024.3663 9.7680e-02   259.8458     0.1742     4.4738     67.608 9.7461e-01    36.4328    25.8786  0.000e+00
     49.418   5.596995  1024.3660 9.7680e-02   259.8458     0.1742     4.4804     67.708 9.8017e-01    36.4326    25.8790  0.000e+00
     49.352   5.597010  1024.3661 9.7680e-02   259.8458     0.1742     4.4829     67.746 9.7461e-01    36.4330    25.8786  0.000e+00
     49.476   5.596980  1024.3663 9.7680e-02   259.8458     0.1742     4.4854     67.785 9.7738e-01    36.4326    25.8788  0.000e+00
     49.410   5.596958  1024.3659 1.2332e-01   130.2902     0.2352     4.4923     67.889 9.7738e-01    36.4325    25.8788  0.000e+00
     49.352   5.596995  1024.3661 1.2210e-01    15.1010     0.2658     4.4993     67.994 9.8017e-01    36.4329    25.8786  0.000e+00
     49.418   5.596980  1024.3663 1.2210e-01    -0.6890     0.2352     4.5023     68.040 9.8017e-01    36.4328    25.8786  0.000e+00
     49.352   5.596995  1024.3661 1.2088e-01    -0.6890     0.2352     4.5095     68.147 9.8296e-01    36.4329    25.8786  0.000e+00
     49.353   5.597032  1024.3661 1.2088e-01    -0.6890     0.2352     4.5125     68.194 9.8296e-01    36.4330    25.8788  0.000e+00
     49.410   5.596988  1024.3664 1.2088e-01     0.6053     0.2352     4.5157     68.242 9.8296e-01    36.4330    25.8784  0.000e+00
     49.353   5.596966  1024.3661 1.2088e-01     1.1230     0.2658     4.5228     68.349 9.8856e-01    36.4328    25.8784  0.000e+00
     49.353   5.596995  1024.3661 1.2088e-01     1.1230     0.2352     4.5258     68.395 9.8856e-01    36.4329    25.8786  0.000e+00
     49.353   5.596944  1024.3658 1.2088e-01     1.1230     0.2352     4.5373     68.568 9.9138e-01    36.4325    25.8786  0.000e+00
     49.353   5.596973  1024.3661 1.2088e-01     1.0583     0.2352     4.5365     68.556 9.9420e-01    36.4329    25.8784  0.000e+00
     49.353   5.596973  1024.3661 1.2088e-01     1.0583     0.2352     4.5434     68.660 9.9987e-01    36.4329    25.8784  0.000e+00
     49.353   5.596936  1024.3661 1.2088e-01     1.0583     0.2352     4.5465     68.706 9.9703e-01    36.4328    25.8783  0.000e+00
     49.295   5.596922  1024.3656 1.2210e-01    62.4710     0.2352     4.5490     68.744 1.0084e+00    36.4325    25.8784  0.000e+00
     49.353   5.596973  1024.3661 1.1111e-01   215.6468     0.2352     4.5557     68.845 1.0113e+00    36.4329    25.8784  0.000e+00
     49.295   5.596944  1024.3659 9.8901e-02   264.3110     0.1742     4.5584     68.886 1.0084e+00    36.4328    25.8783  0.000e+00
     49.287   5.596988  1024.3659 9.7680e-02   264.3110     0.1742     4.5608     68.923 1.0171e+00    36.4330    25.8784  0.000e+00
     49.295   5.596944  1024.3657 9.7680e-02   264.3110     0.2047     4.5627     68.952 1.0200e+00    36.4327    25.8784  0.000e+00
     49.237   5.596951  1024.3654 9.7680e-02   260.0399     0.1742     4.5646     68.980 1.0229e+00    36.4326    25.8786  0.000e+00
     49.353   5.596988  1024.3662 9.7680e-02   259.3281     0.2047     4.5703     69.067 1.0258e+00    36.4330    25.8784  0.000e+00
     49.237   5.597002  1024.3656 9.7680e-02   259.6517     0.1742     4.5717     69.088 1.0287e+00    36.4330    25.8786  0.000e+00
     49.229   5.596980  1024.3656 9.7680e-02   259.8458     0.1742     4.5731     69.109 1.0316e+00    36.4330    25.8784  0.000e+00
     49.237   5.596966  1024.3656 9.7680e-02   259.8458     0.2047     4.5740     69.122 1.0346e+00    36.4329    25.8784  0.000e+00
     49.237   5.596958  1024.3656 9.7680e-02   259.8458     0.2047     4.5790     69.199 1.0375e+00    36.4328    25.8784  0.000e+00
     49.229   5.596958  1024.3657 9.8901e-02   259.8458     0.1742     4.5799     69.211 1.0375e+00    36.4330    25.8783  0.000e+00
     49.237   5.596995  1024.3656 9.8901e-02   254.1510     0.2047     4.5803     69.218 1.0434e+00    36.4330    25.8786  0.000e+00
     49.171   5.596980  1024.3654 1.2332e-01   100.5222     0.2352     4.5806     69.223 1.0524e+00    36.4330    25.8784  0.000e+00
     49.229   5.596995  1024.3657 1.2210e-01    11.0888     0.2658     4.5848     69.285 1.0524e+00    36.4331    25.8784  0.000e+00
     49.171   5.596966  1024.3653 1.2088e-01    -0.6890     0.2658     4.5807     69.223 1.0584e+00    36.4329    25.8784  0.000e+00
     49.171   5.596958  1024.3653 1.2210e-01     4.0351     0.2352     4.5804     69.219 1.0554e+00    36.4329    25.8784  0.000e+00
     49.237   5.596936  1024.3654 1.2210e-01     7.5296     0.2658     4.5841     69.275 1.0554e+00    36.4327    25.8784  0.000e+00
     49.171   5.596951  1024.3651 1.2210e-01     8.0473     0.2352     4.5839     69.272 1.0584e+00    36.4327    25.8786  0.000e+00
     49.105   5.596958  1024.3650 1.2210e-01     7.8531     0.2658     4.5833     69.264 1.0674e+00    36.4329    25.8784  0.000e+00
     49.171   5.596958  1024.3650 1.2210e-01     7.7237     0.2658     4.5868     69.317 1.0735e+00    36.4326    25.8788  0.000e+00
     49.171   5.596966  1024.3653 1.2088e-01     7.6590     0.2658     4.5862     69.308 1.0735e+00    36.4329    25.8784  0.000e+00
     49.114   5.596966  1024.3649 1.2088e-01     7.7884     0.2658     4.5854     69.296 1.0766e+00    36.4328    25.8786  0.000e+00
     49.171   5.596966  1024.3652 1.1966e-01     7.5943     0.2658     4.5807     69.224 1.0766e+00    36.4328    25.8786  0.000e+00
     49.105   5.596958  1024.3652 1.2088e-01     7.7884     0.2352     4.5837     69.270 1.0766e+00    36.4330    25.8783  0.000e+00
     49.171   5.596958  1024.3653 1.2210e-01    99.9398     0.2352     4.5830     69.259 1.0827e+00    36.4329    25.8784  0.000e+00
     49.171   5.596966  1024.3653 1.0379e-01   233.9606     0.2352     4.5824     69.249 1.0827e+00    36.4329    25.8784  0.000e+00
     49.114   5.596995  1024.3653 9.7680e-02   264.3110     0.1742     4.5855     69.296 1.0858e+00    36.4331    25.8784  0.000e+00
     49.171   5.596966  1024.3653 9.7680e-02   264.3110     0.1742     4.5807     69.224 1.0858e+00    36.4329    25.8784  0.000e+00
     49.106   5.596958  1024.3652 9.8901e-02   264.3110     0.2047     4.5878     69.332 1.0920e+00    36.4330    25.8783  0.000e+00
     49.172   5.596966  1024.3653 9.8901e-02   259.6517     0.2047     4.5832     69.262 1.0951e+00    36.4329    25.8784  0.000e+00
