WS23139_STN20_18CTD.cnv
* Sea-Bird SBE 9 Data File:
* FileName = C:\ctd\Cruise_Data\WS23139_Rosenheim\WS23139_Rosenheim_STN20.hex
* Software Version Seasave V 7.26.7.121
* Temperature SN = 4097 MTG 177
* Conductivity SN = 1851 MTG 053
* Number of Bytes Per Scan = 40
* Number of Voltage Words = 5
* Number of Scans Averaged by the Deck Unit = 1
* NMEA Latitude = 05 54.61 N
* NMEA Longitude = 053 57.57 W
* NMEA UTC (Time) = Jun 16 2023 20:01:31
** Ship:
** Station:
** Operator:
# nquan = 12
# nvalues = 5309                                  
# units = specified
# name 0 = depSM: Depth [salt water, m]
# name 1 = c0S/m: Conductivity [S/m]
# name 2 = density00: Density [density, kg/m^3]
# name 3 = flSP: Fluorescence, Seapoint
# name 4 = wetCDOM: Fluorescence, WET Labs CDOM [mg/m^3]
# name 5 = flECO-AFL: Fluorescence, WET Labs ECO-AFL/FL [mg/m^3]
# name 6 = sbeox0Mg/L: Oxygen, SBE 43 [mg/l]
# name 7 = sbeox0PS: Oxygen, SBE 43 [% saturation]
# name 8 = par: PAR/Irradiance, Biospherical/Licor [Watts/m^2]
# name 9 = sal00: Salinity, Practical [PSU]
# name 10 = t090C: Temperature [ITS-90, deg C]
# name 11 = flag:  0.000e+00
# span 0 =      1.775,      4.943                 
# span 1 =   5.524066,   5.579137                 
# span 2 =  1022.2651,  1022.7171                 
# span 3 = 1.1600e-01, 1.9170e-01                 
# span 4 =    -0.6890,   264.3110                 
# span 5 =     1.3647,     2.9214                 
# span 6 =     4.0332,     5.6782                 
# span 7 =     62.076,     87.611                 
# span 8 = 9.8755e-02, 4.7196e+02                 
# span 9 =    34.6561,    35.0268                 
# span 10 =    27.0819,    27.7102                
# span 11 = 0.0000e+00, 0.0000e+00                
# interval = seconds: 0.0416667
# start_time = Jun 16 2023 20:01:31 [NMEA time, header]
# bad_flag = -9.990e-29
*END*
[from data line 3850]
      4.799   5.575568  1022.4539 1.6850e-01     9.7298     2.4025     5.3568     82.685 9.9375e-02    34.9098    27.6730  0.000e+00
      4.766   5.574968  1022.4500 1.6972e-01    10.1828     2.6467     5.3621     82.767 9.9065e-02    34.9050    27.6737  0.000e+00
      4.799   5.574259  1022.4454 1.6972e-01    10.1828     2.7078     5.3594     82.723 9.9375e-02    34.8992    27.6748  0.000e+00
      4.766   5.573601  1022.4411 1.6728e-01    10.1181     2.6772     5.3601     82.732 9.9065e-02    34.8940    27.6756  0.000e+00
      4.799   5.573308  1022.4390 1.6239e-01    10.1181     2.6772     5.3646     82.801 9.9375e-02    34.8914    27.6763  0.000e+00
      4.766   5.573286  1022.4388 1.5995e-01    10.1181     2.6772     5.3648     82.805 9.9375e-02    34.8912    27.6763  0.000e+00
      4.799   5.573264  1022.4383 1.5873e-01     9.9887     2.6772     5.3649     82.807 9.9375e-02    34.8907    27.6768  0.000e+00
      4.799   5.573052  1022.4372 1.5873e-01    10.0534     2.6772     5.3649     82.806 9.9375e-02    34.8892    27.6768  0.000e+00
      4.766   5.572848  1022.4355 1.5873e-01    10.1181     2.6772     5.3726     82.925 9.9375e-02    34.8874    27.6773  0.000e+00
      4.733   5.572862  1022.4354 1.5751e-01    10.1181     2.6772     5.3728     82.928 9.9375e-02    34.8874    27.6774  0.000e+00
      4.766   5.572818  1022.4353 1.5873e-01    10.0534     2.6772     5.3688     82.866 9.9375e-02    34.8871    27.6774  0.000e+00
      4.733   5.572862  1022.4353 1.5873e-01    10.1828     2.6772     5.3722     82.919 9.9375e-02    34.8873    27.6776  0.000e+00
      4.766   5.572884  1022.4358 1.5873e-01    10.9594     2.6772     5.3716     82.910 9.9375e-02    34.8877    27.6772  0.000e+00
      4.733   5.572921  1022.4357 1.5751e-01    11.4123     2.6772     5.3708     82.898 9.9375e-02    34.8878    27.6774  0.000e+00
      4.766   5.573067  1022.4368 1.5629e-01    11.4123     2.6467     5.3661     82.825 9.9065e-02    34.8890    27.6772  0.000e+00
      4.733   5.573147  1022.4371 1.5507e-01    11.4123     2.6772     5.3689     82.869 9.9375e-02    34.8896    27.6772  0.000e+00
      4.709   5.573162  1022.4371 1.5507e-01    11.4123     2.6772     5.3678     82.851 9.9375e-02    34.8897    27.6772  0.000e+00
      4.733   5.573228  1022.4375 1.5629e-01    11.4123     2.6772     5.3669     82.838 9.9375e-02    34.8902    27.6772  0.000e+00
      4.709   5.573528  1022.4393 1.5629e-01    11.3476     2.6467     5.3578     82.699 9.9065e-02    34.8925    27.6768  0.000e+00
      4.676   5.573995  1022.4422 1.5751e-01    11.4123     2.6772     5.3520     82.609 9.9065e-02    34.8963    27.6763  0.000e+00
      4.766   5.574398  1022.4450 1.5751e-01    11.4123     2.6772     5.3463     82.522 9.9065e-02    34.8993    27.6759  0.000e+00
      4.676   5.574661  1022.4466 1.5751e-01    11.4123     2.6772     5.3441     82.489 9.9375e-02    34.9017    27.6753  0.000e+00
      4.676   5.574749  1022.4473 1.5873e-01    11.4123     2.6772     5.3382     82.397 9.9375e-02    34.9025    27.6750  0.000e+00
      4.709   5.574866  1022.4481 1.5873e-01    11.3476     2.6772     5.3319     82.301 9.9375e-02    34.9033    27.6750  0.000e+00
      4.618   5.575136  1022.4496 1.5995e-01    11.6065     2.6772     5.3257     82.205 9.9375e-02    34.9057    27.6744  0.000e+00
      4.709   5.575458  1022.4523 1.5873e-01    11.8653     2.6467     5.3153     82.045 9.9065e-02    34.9085    27.6737  0.000e+00
      4.676   5.575780  1022.4547 1.5751e-01    11.9948     2.4941     5.3084     81.939 9.9065e-02    34.9114    27.6728  0.000e+00
      4.643   5.576131  1022.4568 1.5751e-01    11.9300     2.3109     5.3014     81.832 9.9065e-02    34.9142    27.6725  0.000e+00
      4.676   5.576431  1022.4590 1.5873e-01    11.9300     2.2804     5.2903     81.660 9.9065e-02    34.9167    27.6719  0.000e+00
      4.643   5.576635  1022.4601 1.6117e-01    11.9300     2.3109     5.2869     81.608 9.9065e-02    34.9183    27.6717  0.000e+00
      4.618   5.576650  1022.4602 1.6361e-01    11.9300     2.3109     5.2757     81.436 9.9065e-02    34.9185    27.6715  0.000e+00
      4.643   5.576635  1022.4603 1.6361e-01    12.0595     2.3109     5.2724     81.385 9.9375e-02    34.9184    27.6715  0.000e+00
      4.618   5.576577  1022.4599 1.6484e-01    11.9300     2.3109     5.2691     81.333 9.9375e-02    34.9181    27.6714  0.000e+00
      4.643   5.576577  1022.4598 1.6361e-01    11.9300     2.3109     5.2578     81.159 9.9065e-02    34.9179    27.6717  0.000e+00
      4.618   5.576562  1022.4598 1.6361e-01    11.9300     2.3109     5.2506     81.048 9.9065e-02    34.9179    27.6715  0.000e+00
      4.618   5.576416  1022.4588 1.6484e-01    11.9300     2.3109     5.2472     80.996 9.9375e-02    34.9167    27.6717  0.000e+00
      4.643   5.576189  1022.4576 1.6728e-01    11.8653     2.3109     5.2442     80.948 9.9375e-02    34.9150    27.6719  0.000e+00
      4.618   5.575933  1022.4555 1.6972e-01    11.6065     2.3109     5.2374     80.843 9.9375e-02    34.9127    27.6726  0.000e+00
      4.643   5.575831  1022.4549 1.6728e-01    11.4771     2.3109     5.2347     80.802 9.9375e-02    34.9118    27.6728  0.000e+00
      4.618   5.575846  1022.4548 1.6606e-01    11.4771     2.3109     5.2321     80.761 9.9065e-02    34.9119    27.6728  0.000e+00
      4.643   5.575831  1022.4550 1.6361e-01    11.4771     2.3109     5.2296     80.723 9.9065e-02    34.9119    27.6726  0.000e+00
      4.618   5.575787  1022.4547 1.6484e-01    11.4771     2.3109     5.2274     80.688 9.9065e-02    34.9116    27.6726  0.000e+00
      4.585   5.575670  1022.4537 1.6361e-01    11.4771     2.3109     5.2255     80.659 9.9375e-02    34.9106    27.6729  0.000e+00
      4.618   5.575502  1022.4527 1.6361e-01    11.4771     2.2804     5.2235     80.628 9.9065e-02    34.9092    27.6732  0.000e+00
      4.643   5.575516  1022.4530 1.6361e-01    11.4771     2.3109     5.2219     80.603 9.9065e-02    34.9095    27.6730  0.000e+00
      4.618   5.575677  1022.4538 1.6606e-01    11.4771     2.3109     5.2243     80.640 9.9375e-02    34.9106    27.6730  0.000e+00
      4.618   5.575728  1022.4541 1.6972e-01    11.4771     2.3109     5.2232     80.624 9.9375e-02    34.9110    27.6730  0.000e+00
      4.643   5.575721  1022.4541 1.7216e-01    11.4771     2.3109     5.2263     80.672 9.9065e-02    34.9109    27.6730  0.000e+00
      4.676   5.575758  1022.4546 1.6972e-01    11.4771     2.3109     5.2217     80.601 9.9065e-02    34.9113    27.6728  0.000e+00
      4.643   5.575772  1022.4545 1.6728e-01    10.0534     2.3109     5.2212     80.593 9.9375e-02    34.9114    27.6728  0.000e+00
      4.618   5.575765  1022.4542 1.6484e-01     9.1474     2.3109     5.2250     80.652 9.9375e-02    34.9112    27.6730  0.000e+00
      4.709   5.575904  1022.4558 1.6484e-01     8.9532     2.3109     5.2290     80.713 9.9375e-02    34.9126    27.6725  0.000e+00
      4.618   5.576197  1022.4570 1.6850e-01     9.0180     2.3720     5.2291     80.717 9.9375e-02    34.9146    27.6725  0.000e+00
      4.643   5.576372  1022.4584 1.7216e-01     9.0180     2.4636     5.2297     80.726 9.9375e-02    34.9162    27.6720  0.000e+00
      4.676   5.576613  1022.4601 1.7094e-01     9.0827     2.5246     5.2344     80.798 9.9375e-02    34.9181    27.6717  0.000e+00
      4.708   5.576789  1022.4615 1.6972e-01     9.0827     2.4941     5.2394     80.875 9.9065e-02    34.9196    27.6713  0.000e+00
      4.676   5.576921  1022.4626 1.6972e-01     9.0827     2.4941     5.2407     80.895 9.9065e-02    34.9210    27.6708  0.000e+00
      4.708   5.577067  1022.4631 1.6850e-01     9.0827     2.4941     5.2424     80.923 9.9375e-02    34.9217    27.6712  0.000e+00
      4.676   5.577199  1022.4640 1.6850e-01     9.0827     2.4941     5.2483     81.014 9.9065e-02    34.9229    27.6708  0.000e+00
      4.618   5.577235  1022.4643 1.6850e-01     9.0827     2.4941     5.2503     81.044 9.9065e-02    34.9235    27.6704  0.000e+00
      4.766   5.577367  1022.4659 1.6728e-01     9.0827     2.4941     5.2567     81.143 9.9375e-02    34.9246    27.6701  0.000e+00
      4.676   5.577615  1022.4672 1.6728e-01     8.9532     2.4941     5.2632     81.244 9.9375e-02    34.9267    27.6697  0.000e+00
      4.766   5.577828  1022.4690 1.6728e-01     8.8238     2.4941     5.2702     81.352 9.9375e-02    34.9284    27.6693  0.000e+00
      4.676   5.577981  1022.4696 1.6850e-01     8.7591     2.4941     5.2731     81.397 9.9065e-02    34.9296    27.6692  0.000e+00
      4.766   5.578142  1022.4709 1.6850e-01     8.7591     2.4941     5.2764     81.448 9.9375e-02    34.9308    27.6691  0.000e+00
      4.676   5.578127  1022.4704 1.6728e-01     8.7591     2.4941     5.2836     81.561 9.9375e-02    34.9307    27.6691  0.000e+00
      4.708   5.578040  1022.4701 1.6728e-01     8.7591     2.4941     5.2913     81.678 9.9375e-02    34.9301    27.6691  0.000e+00
      4.733   5.578010  1022.4700 1.6850e-01     8.7591     2.4941     5.2948     81.732 9.9375e-02    34.9299    27.6691  0.000e+00
      4.708   5.577915  1022.4693 1.6850e-01     8.7591     2.4941     5.2981     81.783 9.9375e-02    34.9291    27.6693  0.000e+00
      4.733   5.577879  1022.4690 1.6972e-01     8.8238     2.4941     5.3052     81.894 9.9065e-02    34.9287    27.6695  0.000e+00
      4.766   5.577835  1022.4689 1.6850e-01     8.7591     2.4941     5.3126     82.008 9.9375e-02    34.9284    27.6695  0.000e+00
      4.733   5.577762  1022.4682 1.6728e-01     8.7591     2.4941     5.3160     82.059 9.9375e-02    34.9277    27.6697  0.000e+00
      4.708   5.577674  1022.4674 1.6606e-01     8.7591     2.4941     5.3192     82.108 9.9375e-02    34.9269    27.6699  0.000e+00
      4.733   5.577579  1022.4671 1.6606e-01     8.6944     2.4941     5.3222     82.154 9.9065e-02    34.9263    27.6699  0.000e+00
      4.733   5.577594  1022.4672 1.6361e-01     8.3061     2.4941     5.3287     82.255 9.9065e-02    34.9264    27.6699  0.000e+00
      4.708   5.577740  1022.4680 1.6117e-01     8.1767     2.4941     5.3312     82.294 9.9065e-02    34.9276    27.6697  0.000e+00
      4.733   5.577850  1022.4690 1.5995e-01     8.1767     2.5246     5.3375     82.391 9.9375e-02    34.9286    27.6693  0.000e+00
      4.708   5.577849  1022.4686 1.5995e-01     8.1767     2.4941     5.3394     82.421 9.9375e-02    34.9283    27.6697  0.000e+00
      4.733   5.577828  1022.4687 1.6239e-01     8.1767     2.4941     5.3454     82.513 9.9375e-02    34.9283    27.6695  0.000e+00
      4.708   5.577798  1022.4685 1.6484e-01     8.1767     2.4330     5.3510     82.599 9.9375e-02    34.9281    27.6695  0.000e+00
      4.733   5.577857  1022.4691 1.6361e-01     8.1767     2.4330     5.3527     82.626 9.9375e-02    34.9287    27.6693  0.000e+00
      4.708   5.577879  1022.4692 1.6239e-01     8.1767     2.4330     5.3503     82.589 9.9065e-02    34.9289    27.6692  0.000e+00
      4.733   5.577871  1022.4693 1.5995e-01     8.1767     2.4330     5.3552     82.664 9.9065e-02    34.9289    27.6691  0.000e+00
      4.642   5.577908  1022.4690 1.5995e-01     8.1767     2.4330     5.3559     82.675 9.9065e-02    34.9290    27.6693  0.000e+00
      4.733   5.577886  1022.4692 1.5995e-01     8.2414     2.4330     5.3606     82.747 9.9375e-02    34.9289    27.6693  0.000e+00
      4.708   5.577740  1022.4683 1.6117e-01     8.1767     2.4330     5.3613     82.758 9.9375e-02    34.9278    27.6693  0.000e+00
      4.733   5.577528  1022.4672 1.5995e-01     9.2768     2.4330     5.3656     82.825 9.9065e-02    34.9262    27.6695  0.000e+00
      4.675   5.577257  1022.4650 1.5995e-01    10.2475     2.4330     5.3700     82.892 9.9375e-02    34.9239    27.6701  0.000e+00
      4.708   5.577052  1022.4635 1.5995e-01    10.5711     2.4330     5.3664     82.837 9.9375e-02    34.9220    27.6706  0.000e+00
      4.675   5.576943  1022.4628 1.5995e-01    10.5064     2.4330     5.3665     82.837 9.9375e-02    34.9213    27.6706  0.000e+00
      4.708   5.576979  1022.4632 1.6117e-01    10.5064     2.4330     5.3704     82.898 9.9375e-02    34.9216    27.6705  0.000e+00
      4.733   5.577074  1022.4641 1.6239e-01    10.4416     2.4330     5.3704     82.897 9.9375e-02    34.9225    27.6702  0.000e+00
      4.642   5.577133  1022.4640 1.6606e-01    10.5064     2.4330     5.3740     82.954 9.9375e-02    34.9229    27.6702  0.000e+00
      4.675   5.577147  1022.4643 1.6606e-01    10.5064     2.4330     5.3699     82.889 9.9065e-02    34.9230    27.6702  0.000e+00
      4.708   5.577140  1022.4643 1.6728e-01    10.5064     2.4330     5.3695     82.884 9.9065e-02    34.9229    27.6702  0.000e+00
      4.733   5.577118  1022.4643 1.6484e-01    10.5064     2.4330     5.3690     82.876 9.9375e-02    34.9228    27.6702  0.000e+00
      4.642   5.576928  1022.4628 1.6361e-01    10.5064     2.4330     5.3725     82.930 9.9375e-02    34.9213    27.6704  0.000e+00
      4.733   5.576767  1022.4620 1.6239e-01    10.5064     2.4330     5.3680     82.859 9.9375e-02    34.9199    27.6708  0.000e+00
      4.708   5.576599  1022.4605 1.6117e-01    10.7652     2.4330     5.3709     82.905 9.9375e-02    34.9183    27.6713  0.000e+00
      4.675   5.576482  1022.4592 1.5995e-01    11.4123     2.4330     5.3701     82.893 9.9375e-02    34.9171    27.6719  0.000e+00
      4.675   5.576453  1022.4592 1.6239e-01    11.6712     2.4330     5.3655     82.821 9.9065e-02    34.9169    27.6718  0.000e+00
      4.708   5.576292  1022.4582 1.6606e-01    11.6712     2.4330     5.3645     82.805 9.9065e-02    34.9156    27.6721  0.000e+00
      4.733   5.576123  1022.4574 1.6850e-01    11.6065     2.4330     5.3673     82.849 9.9375e-02    34.9144    27.6721  0.000e+00
      4.708   5.576021  1022.4563 1.6972e-01    11.6712     2.4330     5.3624     82.773 9.9065e-02    34.9133    27.6726  0.000e+00
      4.675   5.576240  1022.4570 1.7094e-01    11.6712     2.4025     5.3652     82.818 9.9065e-02    34.9146    27.6730  0.000e+00
      4.708   5.576518  1022.4589 1.6850e-01    11.6065     2.2804     5.3642     82.803 9.9375e-02    34.9168    27.6726  0.000e+00
      4.675   5.576899  1022.4613 1.6850e-01    11.6065     2.2194     5.3591     82.724 9.9065e-02    34.9199    27.6721  0.000e+00
      4.708   5.577418  1022.4648 1.6850e-01    11.6065     2.2194     5.3578     82.705 9.9065e-02    34.9241    27.6713  0.000e+00
      4.675   5.577791  1022.4678 1.6850e-01    11.6065     2.2194     5.3604     82.746 9.9375e-02    34.9277    27.6701  0.000e+00
      4.708   5.577981  1022.4695 1.6728e-01    11.6065     2.2194     5.3554     82.668 9.9065e-02    34.9294    27.6695  0.000e+00
      4.733   5.578120  1022.4704 1.6606e-01    11.6065     2.2194     5.3542     82.650 9.9065e-02    34.9304    27.6694  0.000e+00
      4.708   5.578179  1022.4712 1.6606e-01    12.1242     2.2194     5.3532     82.634 9.9375e-02    34.9313    27.6688  0.000e+00
      4.733   5.578127  1022.4711 1.6972e-01    12.3830     2.2194     5.3560     82.678 9.9065e-02    34.9311    27.6686  0.000e+00
      4.675   5.578142  1022.4708 1.7094e-01    12.3830     2.1888     5.3509     82.599 9.9065e-02    34.9311    27.6688  0.000e+00
      4.708   5.578179  1022.4715 1.6972e-01    12.4478     2.2194     5.3538     82.644 9.9375e-02    34.9316    27.6684  0.000e+00
      4.733   5.578127  1022.4711 1.6606e-01    12.4478     2.2194     5.3530     82.631 9.9065e-02    34.9311    27.6686  0.000e+00
      4.708   5.578142  1022.4711 1.6361e-01    12.4478     2.2194     5.3481     82.556 9.9375e-02    34.9312    27.6686  0.000e+00
      4.733   5.578179  1022.4716 1.6117e-01    12.4478     2.2194     5.3470     82.538 9.9375e-02    34.9316    27.6684  0.000e+00
      4.708   5.578193  1022.4713 1.6117e-01    12.4478     2.2194     5.3499     82.583 9.9065e-02    34.9315    27.6687  0.000e+00
