WS23139_STN11_10CTD.cnv
* Sea-Bird SBE 9 Data File:
* FileName = C:\ctd\Cruise_Data\WS23139_Rosenheim\WS23139_Rosenheim_STN11.hex
* Software Version Seasave V 7.26.7.121
* Temperature SN = 4097 MTG 177
* Conductivity SN = 1851 MTG 053
* Number of Bytes Per Scan = 40
* Number of Voltage Words = 5
* Number of Scans Averaged by the Deck Unit = 1
* NMEA Latitude = 04 49.64 N
* NMEA Longitude = 051 43.27 W
* NMEA UTC (Time) = Jun 11 2023 21:56:30
** Ship:
** Station:
** Operator:
# nquan = 12
# nvalues = 11271                                 
# units = specified
# name 0 = depSM: Depth [salt water, m]
# name 1 = c0S/m: Conductivity [S/m]
# name 2 = density00: Density [density, kg/m^3]
# name 3 = flSP: Fluorescence, Seapoint
# name 4 = wetCDOM: Fluorescence, WET Labs CDOM [mg/m^3]
# name 5 = flECO-AFL: Fluorescence, WET Labs ECO-AFL/FL [mg/m^3]
# name 6 = sbeox0Mg/L: Oxygen, SBE 43 [mg/l]
# name 7 = sbeox0PS: Oxygen, SBE 43 [% saturation]
# name 8 = par: PAR/Irradiance, Biospherical/Licor [Watts/m^2]
# name 9 = sal00: Salinity, Practical [PSU]
# name 10 = t090C: Temperature [ITS-90, deg C]
# name 11 = flag:  0.000e+00
# span 0 =      2.217,     26.983                 
# span 1 =   4.528934,   5.727231                 
# span 2 =  1016.0399,  1024.0058                 
# span 3 = 6.4713e-02, 1.6361e-01                 
# span 4 =    -0.6890,   264.3110                 
# span 5 =     0.4184,     2.3415                 
# span 6 =     4.1712,     6.8951                 
# span 7 =     63.591,    104.456                 
# span 8 = 9.8755e-02, 5.3964e-01                 
# span 9 =    26.9218,    36.3427                 
# span 10 =    26.4368,    29.0907                
# span 11 = 0.0000e+00, 0.0000e+00                
# interval = seconds: 0.0416667
# start_time = Jun 11 2023 21:56:30 [NMEA time, header]
# bad_flag = -9.990e-29
*END*
[from data line 11068]
      2.431   5.018642  1018.7165 9.7680e-02     4.0351     1.8225     6.7001    102.491 9.9065e-02    30.3755    28.6653  0.000e+00
      2.431   5.015510  1018.6998 9.6459e-02     4.2292     1.8225     6.6983    102.453 9.9065e-02    30.3536    28.6662  0.000e+00
      2.456   5.015817  1018.6990 9.7680e-02     4.5528     1.8225     6.6875    102.294 9.9065e-02    30.3537    28.6693  0.000e+00
      2.431   5.014482  1018.6898 9.8901e-02     4.6822     1.7920     6.6931    102.378 9.9065e-02    30.3428    28.6723  0.000e+00
      2.456   5.009820  1018.6592 1.0012e-01     4.6822     1.7920     6.6913    102.344 9.9065e-02    30.3057    28.6810  0.000e+00
      2.431   5.011770  1018.6646 1.0379e-01     4.6822     1.7920     6.6802    102.188 9.9065e-02    30.3154    28.6864  0.000e+00
      2.456   5.020642  1018.7134 1.0134e-01     4.6822     1.7920     6.6800    102.213 9.9375e-02    30.3784    28.6818  0.000e+00
      2.431   5.028108  1018.7535 1.0012e-01     4.6822     1.8225     6.6682    102.058 9.9065e-02    30.4308    28.6790  0.000e+00
      2.456   5.029269  1018.7550 1.0012e-01     4.6822     1.8225     6.6732    102.146 9.9065e-02    30.4351    28.6846  0.000e+00
      2.431   5.028009  1018.7407 9.8901e-02     4.6822     1.8225     6.6668    102.056 9.9065e-02    30.4204    28.6943  0.000e+00
      2.431   5.024440  1018.7110 9.8901e-02     4.6822     1.8225     6.6606    101.967 9.9065e-02    30.3870    28.7088  0.000e+00
      2.456   5.016341  1018.6517 1.0134e-01     4.6822     1.7920     6.6628    101.999 9.9065e-02    30.3177    28.7316  0.000e+00
      2.431   4.997736  1018.5418 1.0256e-01     4.6822     1.7920     6.6643    101.976 9.9065e-02    30.1796    28.7509  0.000e+00
      2.456   4.976568  1018.4175 1.0256e-01     4.6175     1.8225     6.6664    101.956 9.9375e-02    30.0230    28.7725  0.000e+00
      2.431   4.971663  1018.3881 1.0379e-01     4.0351     1.8225     6.6617    101.873 9.9065e-02    29.9863    28.7782  0.000e+00
      2.398   4.980561  1018.4303 1.0623e-01     3.7115     1.8225     6.6579    101.852 9.9065e-02    30.0443    28.7816  0.000e+00
      2.431   4.991796  1018.4901 1.0989e-01     3.6468     1.7920     6.6584    101.900 9.9065e-02    30.1224    28.7780  0.000e+00
      2.431   5.000019  1018.5396 1.0867e-01     3.7115     1.8225     6.6523    101.824 9.9065e-02    30.1842    28.7681  0.000e+00
      2.456   5.002428  1018.5533 1.0867e-01     3.7115     1.8225     6.6511    101.813 9.9065e-02    30.2015    28.7664  0.000e+00
      2.431   5.000933  1018.5454 1.1111e-01     3.7115     1.7920     6.6467    101.740 9.9065e-02    30.1913    28.7666  0.000e+00
      2.456   5.000123  1018.5429 1.1111e-01     3.7115     1.8225     6.6464    101.730 9.9065e-02    30.1870    28.7648  0.000e+00
      2.431   5.002044  1018.5567 1.0867e-01     3.7115     1.8225     6.6457    101.720 9.9065e-02    30.2033    28.7596  0.000e+00
      2.398   5.004216  1018.5715 1.0867e-01     3.7115     1.8225     6.6410    101.649 9.9065e-02    30.2211    28.7546  0.000e+00
      2.431   5.004048  1018.5721 1.1600e-01     3.7115     1.8225     6.6447    101.703 9.9065e-02    30.2210    28.7530  0.000e+00
      2.456   5.001080  1018.5571 1.2088e-01     3.7115     1.8225     6.6451    101.699 9.9065e-02    30.2008    28.7531  0.000e+00
      2.489   4.998008  1018.5408 1.2088e-01     3.7115     1.8225     6.6418    101.637 9.9065e-02    30.1793    28.7543  0.000e+00
      2.365   4.996633  1018.5311 1.2332e-01   114.1767     1.7310     6.6416    101.632 9.9065e-02    30.1683    28.7570  0.000e+00
      2.456   4.996221  1018.5267 1.0134e-01   240.8202     1.7310     6.6414    101.632 9.9375e-02    30.1634    28.7603  0.000e+00
      2.431   4.996375  1018.5333 9.8901e-02   264.3110     1.8836     6.6419    101.631 9.9065e-02    30.1691    28.7530  0.000e+00
      2.456   4.998888  1018.5556 9.7680e-02   264.3110     1.8836     6.6425    101.634 9.9065e-02    30.1936    28.7412  0.000e+00
      2.489   5.007856  1018.6084 9.8901e-02   264.3110     1.8531     6.6411    101.636 9.9065e-02    30.2599    28.7321  0.000e+00
      2.456   5.017495  1018.6633 1.0134e-01   259.5869     1.8225     6.6397    101.641 9.9065e-02    30.3301    28.7244  0.000e+00
      2.489   5.016754  1018.6621 1.0256e-01   259.4575     1.8836     6.6406    101.647 9.9065e-02    30.3269    28.7214  0.000e+00
      2.489   5.004964  1018.5947 1.0379e-01   259.7811     2.0057     6.6430    101.652 9.9065e-02    30.2411    28.7309  0.000e+00
      2.522   4.992369  1018.5205 1.0379e-01   259.9105     2.0667     6.6454    101.657 9.9375e-02    30.1476    28.7441  0.000e+00
      2.489   4.977418  1018.4324 1.0134e-01   259.9105     2.0362     6.6440    101.599 9.9065e-02    30.0370    28.7594  0.000e+00
      2.579   4.954325  1018.2994 9.8901e-02   259.9105     2.0667     6.6523    101.665 9.9065e-02    29.8680    28.7803  0.000e+00
      2.546   4.928077  1018.1547 1.0012e-01   259.9105     2.0362     6.6578    101.670 9.9065e-02    29.6815    28.7956  0.000e+00
      2.579   4.908031  1018.0410 1.0623e-01   259.9105     2.0667     6.6617    101.674 9.9375e-02    29.5366    28.8116  0.000e+00
      2.546   4.897283  1017.9776 1.0379e-01   259.9105     2.0667     6.6637    101.680 9.9375e-02    29.4571    28.8233  0.000e+00
      2.645   4.887618  1017.9198 1.0012e-01   259.9105     2.0362     6.6653    101.683 9.9065e-02    29.3847    28.8353  0.000e+00
      2.612   4.875362  1017.8460 1.0134e-01   259.9105     2.0667     6.6633    101.626 9.9065e-02    29.2929    28.8507  0.000e+00
      2.612   4.871991  1017.8245 1.0256e-01   259.9752     2.0362     6.6640    101.632 9.9065e-02    29.2667    28.8565  0.000e+00
      2.703   4.881865  1017.8763 1.0501e-01   259.9105     2.0667     6.6619    101.634 9.9065e-02    29.3344    28.8542  0.000e+00
      2.670   4.895511  1017.9492 1.0745e-01   259.9105     2.0362     6.6591    101.636 9.9065e-02    29.4296    28.8486  0.000e+00
      2.703   4.905211  1018.0004 1.0867e-01   259.9105     2.0667     6.6531    101.577 9.9065e-02    29.4965    28.8459  0.000e+00
      2.736   4.902461  1017.9839 1.1233e-01   259.9752     2.0362     6.6495    101.517 9.9065e-02    29.4758    28.8494  0.000e+00
      2.703   4.893227  1017.9312 1.1477e-01   259.9105     2.0362     6.6510    101.515 9.9065e-02    29.4090    28.8571  0.000e+00
      2.794   4.889263  1017.9077 1.1722e-01   259.9105     2.0667     6.6514    101.512 9.9065e-02    29.3793    28.8621  0.000e+00
      2.761   4.895829  1017.9428 1.1722e-01   259.9105     2.0362     6.6460    101.451 9.9065e-02    29.4251    28.8593  0.000e+00
      2.851   4.911460  1018.0276 1.1722e-01   259.9105     2.0362     6.6427    101.451 9.9065e-02    29.5347    28.8520  0.000e+00
      2.794   4.931963  1018.1399 1.1722e-01   259.9105     2.0362     6.6342    101.382 9.9065e-02    29.6799    28.8403  0.000e+00
      2.884   4.948115  1018.2310 1.1722e-01   259.9105     2.0362     6.6351    101.442 9.9065e-02    29.7959    28.8287  0.000e+00
      2.851   4.943715  1018.2122 1.1722e-01   259.9105     2.0362     6.6326    101.382 9.9065e-02    29.7691    28.8241  0.000e+00
      2.884   4.915848  1018.0579 1.1722e-01   259.9105     2.0667     6.6417    101.438 9.9065e-02    29.5705    28.8418  0.000e+00
      2.851   4.881740  1017.8615 1.1722e-01   259.9105     2.0362     6.6475    101.438 9.9065e-02    29.3220    28.8731  0.000e+00
      2.950   4.855164  1017.6987 1.1477e-01   259.9105     2.0667     6.6505    101.435 9.9065e-02    29.1205    28.9110  0.000e+00
      2.917   4.835738  1017.5753 1.1477e-01   259.9105     2.0362     6.6526    101.437 9.9065e-02    28.9703    28.9441  0.000e+00
      3.008   4.815809  1017.4595 1.1477e-01   259.9105     2.0362     6.6558    101.438 9.9065e-02    28.8242    28.9651  0.000e+00
      2.975   4.796333  1017.3501 1.1477e-01   259.9105     1.7920     6.6591    101.436 9.9065e-02    28.6849    28.9805  0.000e+00
      2.975   4.797809  1017.3487 1.1477e-01   259.9752     1.6699     6.6538    101.376 9.9065e-02    28.6880    28.9917  0.000e+00
      3.008   4.825360  1017.4846 1.1355e-01   259.9105     1.6394     6.6468    101.376 9.9065e-02    28.8705    28.9943  0.000e+00
      3.041   4.861185  1017.6719 1.1355e-01   259.9105     1.6394     6.6390    101.378 9.9065e-02    29.1163    28.9843  0.000e+00
      3.066   4.913593  1017.9653 1.1355e-01   259.9105     1.6699     6.6293    101.377 9.9065e-02    29.4912    28.9458  0.000e+00
      3.041   4.952479  1018.1626 1.1355e-01   259.9105     1.6699     6.6199    101.377 9.9065e-02    29.7538    28.9434  0.000e+00
      3.132   4.972824  1018.2575 1.1355e-01   259.9105     1.6699     6.6143    101.381 9.9065e-02    29.8844    28.9533  0.000e+00
      3.099   4.986206  1018.3235 1.1477e-01   259.9105     1.6699     6.6070    101.321 9.9065e-02    29.9734    28.9550  0.000e+00
      3.132   4.992596  1018.3522 1.1477e-01   259.9105     1.6699     6.6010    101.260 9.9375e-02    30.0136    28.9594  0.000e+00
      3.099   4.987601  1018.3043 1.1355e-01   259.9105     1.6699     6.5954    101.193 9.9065e-02    29.9622    28.9878  0.000e+00
      3.156   4.982175  1018.2608 1.1477e-01   259.9105     1.6699     6.5946    101.186 9.9065e-02    29.9129    29.0085  0.000e+00
      3.189   4.980383  1018.2421 1.1722e-01   259.8458     1.6394     6.5936    101.181 9.9065e-02    29.8931    29.0208  0.000e+00
      3.222   4.975930  1018.2027 1.1722e-01   259.9105     1.6394     6.5884    101.112 9.9065e-02    29.8497    29.0424  0.000e+00
      3.189   4.970941  1018.1631 1.1722e-01   259.9105     1.6394     6.5876    101.105 9.9065e-02    29.8050    29.0606  0.000e+00
      3.222   4.964772  1018.1229 1.1844e-01   259.9752     1.6699     6.5918    101.161 9.9065e-02    29.7563    29.0724  0.000e+00
      3.247   4.958042  1018.0841 1.1844e-01   259.9105     1.6699     6.5886    101.096 9.9065e-02    29.7071    29.0788  0.000e+00
      3.222   4.955412  1018.0669 1.1966e-01   259.9105     1.6699     6.5884    101.089 9.9375e-02    29.6865    29.0837  0.000e+00
      3.247   4.956163  1018.0686 1.1966e-01   259.9105     1.6699     6.5917    101.146 9.9065e-02    29.6899    29.0864  0.000e+00
      3.280   4.955621  1018.0644 1.2088e-01   259.9105     1.6699     6.5916    101.145 9.9065e-02    29.6849    29.0885  0.000e+00
      3.313   4.952769  1018.0485 1.2210e-01   259.9752     1.6699     6.5921    101.145 9.9065e-02    29.6645    29.0907  0.000e+00
      3.280   4.950307  1018.0361 1.2210e-01   259.9105     1.6699     6.6007    101.268 9.9375e-02    29.6480    29.0907  0.000e+00
      3.280   4.949334  1018.0320 1.2210e-01   259.9752     1.6699     6.6015    101.275 9.9065e-02    29.6421    29.0896  0.000e+00
      3.313   4.950301  1018.0388 1.2088e-01   259.9105     1.6699     6.6020    101.283 9.9065e-02    29.6500    29.0874  0.000e+00
      3.346   4.955308  1018.0677 1.1844e-01   259.9105     1.6699     6.6058    101.353 9.9065e-02    29.6864    29.0828  0.000e+00
      3.313   4.960088  1018.0966 1.1722e-01   259.9105     1.6699     6.6059    101.365 9.9065e-02    29.7224    29.0763  0.000e+00
      3.280   4.961542  1018.1078 1.1600e-01   259.9752     1.6699     6.6066    101.374 9.9065e-02    29.7353    29.0713  0.000e+00
      3.371   4.962412  1018.1141 1.1722e-01   259.9752     1.6699     6.6114    101.449 9.9065e-02    29.7423    29.0693  0.000e+00
      3.346   4.963407  1018.1202 1.1722e-01   259.9752     1.7310     6.6124    101.466 9.9065e-02    29.7500    29.0678  0.000e+00
      3.313   4.962231  1018.1124 1.1844e-01   259.9105     1.7004     6.6135    101.482 9.9065e-02    29.7407    29.0700  0.000e+00
      3.346   4.959823  1018.0979 1.1844e-01   259.9105     1.7310     6.6150    101.500 9.9375e-02    29.7226    29.0731  0.000e+00
      3.371   4.957868  1018.0871 1.1966e-01   259.9752     1.7310     6.6126    101.456 9.9065e-02    29.7086    29.0746  0.000e+00
      3.346   4.955099  1018.0720 1.1844e-01   259.9752     1.7004     6.6099    101.407 9.9065e-02    29.6892    29.0759  0.000e+00
      3.346   4.951900  1018.0529 1.1844e-01   259.9752     1.7004     6.6110    101.417 9.9065e-02    29.6654    29.0798  0.000e+00
      3.313   4.949390  1018.0389 1.1722e-01   259.9752     1.7004     6.6082    101.366 9.9065e-02    29.6475    29.0814  0.000e+00
      3.346   4.946366  1018.0271 1.1722e-01   259.9105     1.7310     6.6099    101.376 9.9065e-02    29.6298    29.0774  0.000e+00
      3.371   4.939730  1017.9986 1.1722e-01   259.9752     1.7004     6.6085    101.321 9.9065e-02    29.5889    29.0715  0.000e+00
      3.404   4.932064  1017.9734 1.1844e-01   259.9105     1.7310     6.6039    101.200 9.9065e-02    29.5478    29.0548  0.000e+00
      3.313   4.926845  1017.9585 1.1722e-01   259.9105     1.7310     6.6061    101.196 9.9065e-02    29.5220    29.0400  0.000e+00
      3.346   4.922995  1017.9526 1.1844e-01   259.9105     1.7310     6.6044    101.132 9.9065e-02    29.5065    29.0232  0.000e+00
      3.371   4.919257  1017.9507 1.1722e-01   259.9752     1.7310     6.6066    101.125 9.9065e-02    29.4945    29.0019  0.000e+00
      3.346   4.916899  1017.9464 1.1722e-01   259.9105     1.7310     6.6076    101.118 9.9065e-02    29.4847    28.9923  0.000e+00
      3.437   4.915471  1017.9424 1.1844e-01   259.9105     1.7004     6.6037    101.049 9.9375e-02    29.4772    28.9888  0.000e+00
      3.346   4.913884  1017.9369 1.1844e-01   259.9105     1.7004     6.5998    100.978 9.9065e-02    29.4689    28.9851  0.000e+00
      3.404   4.912546  1017.9272 1.1844e-01   259.9752     1.7310     6.5990    100.966 9.9065e-02    29.4574    28.9891  0.000e+00
      3.371   4.912324  1017.9192 1.1966e-01   259.9752     1.7004     6.5937    100.895 9.9065e-02    29.4506    28.9978  0.000e+00
      3.346   4.913551  1017.9199 1.1966e-01   259.9752     1.7004     6.5881    100.823 9.9065e-02    29.4547    29.0045  0.000e+00
      3.371   4.914847  1017.9255 1.1966e-01   259.9752     1.7004     6.5869    100.811 9.9065e-02    29.4626    29.0058  0.000e+00
      3.461   4.915332  1017.9300 1.2088e-01   259.9752     1.7004     6.5863    100.802 9.9065e-02    29.4671    29.0037  0.000e+00
      3.313   4.914313  1017.9283 1.2088e-01   259.9105     1.7310     6.5863    100.790 9.9065e-02    29.4635    28.9986  0.000e+00
      3.461   4.912456  1017.9285 1.2088e-01   259.9105     1.7310     6.5833    100.723 9.9065e-02    29.4579    28.9873  0.000e+00
      3.371   4.910647  1017.9244 1.1966e-01   259.9752     1.7004     6.5834    100.709 9.9065e-02    29.4500    28.9805  0.000e+00
      3.461   4.908700  1017.9214 1.1966e-01   259.9105     1.7310     6.5879    100.760 9.9065e-02    29.4419    28.9723  0.000e+00
      3.371   4.906380  1017.9172 1.2088e-01   259.9105     1.7004     6.5888    100.752 9.9375e-02    29.4325    28.9624  0.000e+00
      3.404   4.904607  1017.9133 1.2210e-01   256.7396     1.7004     6.5934    100.808 9.9065e-02    29.4243    28.9563  0.000e+00
      3.404   4.902799  1017.9078 1.4774e-01   114.1120     1.6089     6.5941    100.806 9.9065e-02    29.4150    28.9516  0.000e+00
      3.437   4.900646  1017.9016 1.4530e-01    17.1071     1.6699     6.5991    100.867 9.9065e-02    29.4041    28.9459  0.000e+00
      3.404   4.898901  1017.8969 1.4408e-01     0.9288     1.7004     6.6000    100.866 9.9065e-02    29.3957    28.9406  0.000e+00
      3.437   4.898597  1017.8957 1.4408e-01     6.4294     1.6699     6.6040    100.926 9.9065e-02    29.3937    28.9404  0.000e+00
      3.346   4.899524  1017.8942 1.4408e-01    10.1181     1.6699     6.6069    100.984 9.9065e-02    29.3954    28.9478  0.000e+00
      3.437   4.902377  1017.9012 1.4408e-01    10.7652     1.6699     6.6096    101.048 9.9375e-02    29.4086    28.9576  0.000e+00
