WS23139_STN07_06CTD.cnv
* Sea-Bird SBE 9 Data File:
* FileName = C:\ctd\Cruise_Data\WS23139_Rosenheim\WS23139_Rosenheim_STN07.hex
* Software Version Seasave V 7.26.7.121
* Temperature SN = 4097 MTG 177
* Conductivity SN = 1851 MTG 053
* Number of Bytes Per Scan = 40
* Number of Voltage Words = 5
* Number of Scans Averaged by the Deck Unit = 1
* NMEA Latitude = 01 02.54 N
* NMEA Longitude = 049 25.36 W
* NMEA UTC (Time) = Jun 09 2023 17:46:24
** Ship:
** Station:
** Operator:
# nquan = 12
# nvalues = 10385                                 
# units = specified
# name 0 = depSM: Depth [salt water, m]
# name 1 = c0S/m: Conductivity [S/m]
# name 2 = density00: Density [density, kg/m^3]
# name 3 = flSP: Fluorescence, Seapoint
# name 4 = wetCDOM: Fluorescence, WET Labs CDOM [mg/m^3]
# name 5 = flECO-AFL: Fluorescence, WET Labs ECO-AFL/FL [mg/m^3]
# name 6 = sbeox0Mg/L: Oxygen, SBE 43 [mg/l]
# name 7 = sbeox0PS: Oxygen, SBE 43 [% saturation]
# name 8 = par: PAR/Irradiance, Biospherical/Licor [Watts/m^2]
# name 9 = sal00: Salinity, Practical [PSU]
# name 10 = t090C: Temperature [ITS-90, deg C]
# name 11 = flag:  0.000e+00
# span 0 =      2.474,     14.182                 
# span 1 =   0.009135,   0.016392                 
# span 2 =   995.8073,   995.9283                 
# span 3 = 1.1966e-01, 1.3919e-01                 
# span 4 =    20.2133,    23.2548                 
# span 5 =     1.3647,     1.5478                 
# span 6 =     4.3493,     6.1310                 
# span 7 =     57.097,     80.714                 
# span 8 = 9.8755e-02, 1.0476e+01                 
# span 9 =     0.0453,     0.0749                 
# span 10 =    29.4476,    29.6959                
# span 11 = 0.0000e+00, 0.0000e+00                
# interval = seconds: 0.0416667
# start_time = Jun 09 2023 17:46:24 [NMEA time, header]
# bad_flag = -9.990e-29
*END*
[from data line 7459]
      8.026   0.011040   995.8623 1.3065e-01    21.3134     1.3952     5.0141     65.829 9.9065e-02     0.0530    29.5418  0.000e+00
      8.116   0.011046   995.8628 1.3065e-01    21.3134     1.3952     5.0122     65.803 9.9065e-02     0.0530    29.5414  0.000e+00
      8.083   0.011051   995.8628 1.3065e-01    21.2487     1.3952     5.0054     65.715 9.9065e-02     0.0531    29.5412  0.000e+00
      8.059   0.011043   995.8626 1.3065e-01    21.3134     1.3952     5.0032     65.685 9.9065e-02     0.0530    29.5412  0.000e+00
      8.083   0.011028   995.8628 1.3065e-01    21.3782     1.3952     5.0008     65.653 9.9065e-02     0.0530    29.5408  0.000e+00
      8.141   0.011031   995.8631 1.3065e-01    21.3134     1.3952     4.9984     65.621 9.9065e-02     0.0530    29.5406  0.000e+00
      8.059   0.011043   995.8629 1.3065e-01    21.3782     1.3952     4.9913     65.528 9.9065e-02     0.0530    29.5403  0.000e+00
      8.141   0.011046   995.8633 1.3065e-01    21.3782     1.3952     4.9890     65.498 9.9065e-02     0.0530    29.5401  0.000e+00
      8.116   0.011046   995.8633 1.3065e-01    21.3782     1.3952     4.9821     65.407 9.9065e-02     0.0530    29.5399  0.000e+00
      8.141   0.011046   995.8634 1.3187e-01    21.3782     1.3952     4.9798     65.376 9.9065e-02     0.0530    29.5399  0.000e+00
      8.084   0.011037   995.8631 1.3187e-01    21.3782     1.3952     4.9772     65.343 9.9065e-02     0.0530    29.5397  0.000e+00
      8.182   0.011040   995.8637 1.3187e-01    21.3782     1.3952     4.9702     65.250 9.9065e-02     0.0530    29.5395  0.000e+00
      8.141   0.011040   995.8635 1.3187e-01    21.3782     1.3952     4.9630     65.156 9.9065e-02     0.0530    29.5395  0.000e+00
      8.117   0.011028   995.8633 1.3187e-01    21.3782     1.3952     4.9602     65.119 9.9065e-02     0.0530    29.5395  0.000e+00
      8.141   0.011040   995.8635 1.3309e-01    21.3782     1.3952     4.9575     65.084 9.9065e-02     0.0530    29.5395  0.000e+00
      8.207   0.011037   995.8638 1.3309e-01    21.3782     1.3952     4.9553     65.054 9.9065e-02     0.0530    29.5395  0.000e+00
      8.117   0.011031   995.8634 1.3309e-01    21.1193     1.3952     4.9482     64.961 9.9065e-02     0.0530    29.5394  0.000e+00
      8.207   0.011046   995.8638 1.3187e-01    21.3134     1.3952     4.9458     64.930 9.9065e-02     0.0530    29.5393  0.000e+00
      8.183   0.011043   995.8637 1.3187e-01    21.2487     1.3952     4.9387     64.836 9.9065e-02     0.0530    29.5394  0.000e+00
      8.207   0.011043   995.8638 1.3187e-01    21.2487     1.3952     4.9362     64.803 9.9065e-02     0.0530    29.5394  0.000e+00
      8.207   0.011048   995.8639 1.3065e-01    21.2487     1.3952     4.9339     64.773 9.9065e-02     0.0530    29.5392  0.000e+00
      8.183   0.011043   995.8638 1.3065e-01    21.2487     1.3952     4.9272     64.684 9.9065e-02     0.0530    29.5390  0.000e+00
      8.207   0.011054   995.8639 1.3065e-01    21.3134     1.3952     4.9298     64.719 9.9065e-02     0.0531    29.5392  0.000e+00
      8.183   0.011060   995.8639 1.3065e-01    21.2487     1.3952     4.9232     64.633 9.9065e-02     0.0531    29.5390  0.000e+00
      8.207   0.011054   995.8639 1.3065e-01    21.2487     1.3952     4.9167     64.547 9.9065e-02     0.0531    29.5392  0.000e+00
      8.207   0.011057   995.8639 1.3187e-01    21.2487     1.3952     4.9100     64.459 9.9065e-02     0.0531    29.5392  0.000e+00
      8.240   0.011060   995.8640 1.3187e-01    21.2487     1.3952     4.9127     64.495 9.9065e-02     0.0531    29.5394  0.000e+00
      8.141   0.011063   995.8635 1.3065e-01    21.2487     1.3952     4.9062     64.410 9.9065e-02     0.0531    29.5397  0.000e+00
      8.240   0.011071   995.8639 1.3065e-01    21.2487     1.3952     4.9045     64.388 9.9065e-02     0.0531    29.5399  0.000e+00
      8.207   0.011077   995.8636 1.3065e-01    21.3134     1.3952     4.8982     64.305 9.9065e-02     0.0532    29.5405  0.000e+00
      8.141   0.011080   995.8631 1.3187e-01    21.3134     1.3952     4.8918     64.223 9.9065e-02     0.0532    29.5410  0.000e+00
      8.183   0.011086   995.8631 1.3187e-01    21.3134     1.3952     4.8903     64.204 9.9065e-02     0.0532    29.5418  0.000e+00
      8.265   0.011097   995.8635 1.3187e-01    21.3134     1.3952     4.8890     64.187 9.9065e-02     0.0532    29.5419  0.000e+00
      8.117   0.011108   995.8627 1.3187e-01    21.2487     1.3952     4.8829     64.107 9.9065e-02     0.0533    29.5425  0.000e+00
      8.207   0.011114   995.8630 1.3187e-01    21.3134     1.3952     4.8819     64.095 9.9065e-02     0.0533    29.5429  0.000e+00
      8.141   0.011131   995.8626 1.3187e-01    21.3134     1.3952     4.8808     64.081 9.9065e-02     0.0534    29.5432  0.000e+00
      8.117   0.011140   995.8625 1.3187e-01    21.3782     1.3952     4.8751     64.006 9.9065e-02     0.0534    29.5434  0.000e+00
      8.207   0.011134   995.8627 1.3187e-01    21.3134     1.3952     4.8743     63.996 9.9065e-02     0.0534    29.5440  0.000e+00
      8.117   0.011128   995.8621 1.3065e-01    21.3134     1.3952     4.8735     63.986 9.9065e-02     0.0534    29.5445  0.000e+00
      8.142   0.011146   995.8621 1.3065e-01    21.3782     1.3952     4.8682     63.917 9.9065e-02     0.0534    29.5451  0.000e+00
      8.084   0.011151   995.8617 1.3065e-01    21.3134     1.3952     4.8674     63.908 9.9065e-02     0.0535    29.5459  0.000e+00
      8.117   0.011146   995.8616 1.3065e-01    21.2487     1.4257     4.8669     63.901 9.9065e-02     0.0534    29.5464  0.000e+00
      8.084   0.011143   995.8613 1.3065e-01    21.2487     1.3952     4.8664     63.896 9.9065e-02     0.0534    29.5469  0.000e+00
      8.059   0.011151   995.8611 1.3065e-01    21.2487     1.3952     4.8663     63.895 9.9065e-02     0.0535    29.5475  0.000e+00
      8.026   0.011143   995.8607 1.3065e-01    21.2487     1.3952     4.8663     63.896 9.9065e-02     0.0534    29.5481  0.000e+00
      8.084   0.011137   995.8608 1.3065e-01    21.2487     1.4257     4.8712     63.961 9.9065e-02     0.0534    29.5486  0.000e+00
      8.059   0.011128   995.8605 1.3187e-01    21.2487     1.3952     4.8715     63.966 9.9065e-02     0.0534    29.5492  0.000e+00
      7.960   0.011117   995.8599 1.3187e-01    21.2487     1.3952     4.8766     64.033 9.9065e-02     0.0533    29.5496  0.000e+00
      7.993   0.011114   995.8598 1.3065e-01    21.2487     1.3952     4.8774     64.044 9.9065e-02     0.0533    29.5503  0.000e+00
      7.960   0.011114   995.8596 1.2943e-01    21.2487     1.3952     4.8830     64.117 9.9065e-02     0.0533    29.5505  0.000e+00
      8.026   0.011131   995.8598 1.2943e-01    21.2487     1.3952     4.8889     64.195 9.9065e-02     0.0534    29.5510  0.000e+00
      7.935   0.011128   995.8593 1.3065e-01    21.2487     1.3952     4.8902     64.212 9.9065e-02     0.0534    29.5512  0.000e+00
      7.903   0.011117   995.8590 1.3065e-01    21.2487     1.3952     4.8962     64.292 9.9065e-02     0.0533    29.5516  0.000e+00
      7.936   0.011111   995.8591 1.2943e-01    21.2487     1.3952     4.9073     64.438 9.9065e-02     0.0533    29.5518  0.000e+00
      7.903   0.011100   995.8588 1.2943e-01    21.2487     1.3952     4.9095     64.467 9.9065e-02     0.0532    29.5521  0.000e+00
      7.903   0.011094   995.8588 1.3065e-01    21.2487     1.3952     4.9209     64.617 9.9065e-02     0.0532    29.5521  0.000e+00
      7.878   0.011086   995.8586 1.2943e-01    21.2487     1.3952     4.9280     64.711 9.9065e-02     0.0532    29.5523  0.000e+00
      7.903   0.011086   995.8586 1.2943e-01    21.2487     1.3952     4.9352     64.806 9.9065e-02     0.0532    29.5527  0.000e+00
      7.878   0.011080   995.8585 1.2943e-01    21.2487     1.3952     4.9380     64.842 9.9065e-02     0.0532    29.5527  0.000e+00
      7.837   0.011074   995.8582 1.3065e-01    21.2487     1.3952     4.9547     65.062 9.9065e-02     0.0531    29.5529  0.000e+00
      7.837   0.011068   995.8582 1.3065e-01    21.2487     1.3952     4.9625     65.165 9.9065e-02     0.0531    29.5531  0.000e+00
      7.812   0.011071   995.8581 1.3065e-01    21.2487     1.3952     4.9703     65.267 9.9065e-02     0.0531    29.5529  0.000e+00
      7.837   0.011074   995.8582 1.3065e-01    21.2487     1.4257     4.9736     65.310 9.9065e-02     0.0531    29.5529  0.000e+00
      7.812   0.011083   995.8582 1.3065e-01    21.2487     1.4257     4.9815     65.414 9.9065e-02     0.0532    29.5527  0.000e+00
      7.837   0.011088   995.8590 1.3187e-01    21.2487     1.3952     4.9945     65.581 9.9065e-02     0.0532    29.5505  0.000e+00
      7.754   0.011083   995.8590 1.3065e-01    21.2487     1.3952     5.0074     65.750 9.9065e-02     0.0532    29.5490  0.000e+00
      7.903   0.011071   995.8600 1.3065e-01    21.3134     1.3952     5.0161     65.862 9.9065e-02     0.0531    29.5479  0.000e+00
      7.779   0.011063   995.8597 1.2943e-01    21.3782     1.3952     5.0245     65.972 9.9065e-02     0.0531    29.5469  0.000e+00
      7.878   0.011063   995.8604 1.2943e-01    21.2487     1.3952     5.0331     66.083 9.9065e-02     0.0531    29.5462  0.000e+00
      7.779   0.011057   995.8601 1.2943e-01    21.3782     1.3952     5.0416     66.195 9.9065e-02     0.0531    29.5455  0.000e+00
      7.812   0.011077   995.8606 1.3065e-01    21.3782     1.3952     5.0501     66.305 9.9065e-02     0.0532    29.5447  0.000e+00
      7.837   0.011083   995.8610 1.3065e-01    21.3782     1.4257     5.0588     66.419 9.9065e-02     0.0532    29.5438  0.000e+00
      7.837   0.011071   995.8613 1.3065e-01    21.3782     1.3952     5.0674     66.530 9.9065e-02     0.0531    29.5425  0.000e+00
      7.878   0.011074   995.8618 1.3187e-01    21.3782     1.3952     5.0711     66.577 9.9065e-02     0.0531    29.5414  0.000e+00
      7.837   0.011071   995.8619 1.3187e-01    21.1840     1.3952     5.0790     66.680 9.9065e-02     0.0531    29.5405  0.000e+00
      7.878   0.011083   995.8623 1.3065e-01    21.3782     1.3952     5.0872     66.786 9.9065e-02     0.0532    29.5401  0.000e+00
      7.837   0.011091   995.8623 1.3065e-01    21.3782     1.3952     5.0950     66.889 9.9065e-02     0.0532    29.5394  0.000e+00
      7.903   0.011080   995.8627 1.3065e-01    21.3782     1.3952     5.0983     66.931 9.9065e-02     0.0532    29.5390  0.000e+00
      7.936   0.011077   995.8629 1.3065e-01    21.3134     1.3952     5.1057     67.028 9.9065e-02     0.0532    29.5386  0.000e+00
      7.837   0.011080   995.8626 1.3065e-01    21.2487     1.3952     5.1128     67.121 9.9065e-02     0.0532    29.5382  0.000e+00
      7.936   0.011086   995.8631 1.3065e-01    21.3782     1.3952     5.1246     67.276 9.9065e-02     0.0532    29.5381  0.000e+00
      7.961   0.011088   995.8634 1.3187e-01    21.2487     1.3952     5.1272     67.309 9.9065e-02     0.0532    29.5377  0.000e+00
      7.961   0.011088   995.8634 1.3187e-01    21.2487     1.3952     5.1292     67.336 9.9065e-02     0.0532    29.5377  0.000e+00
      7.994   0.011083   995.8636 1.3065e-01    21.2487     1.3952     5.1357     67.420 9.9065e-02     0.0532    29.5373  0.000e+00
      7.961   0.011094   995.8635 1.3065e-01    21.2487     1.3952     5.1466     67.564 9.9065e-02     0.0532    29.5373  0.000e+00
      7.994   0.011083   995.8636 1.3187e-01    21.2487     1.3952     5.1529     67.646 9.9065e-02     0.0532    29.5373  0.000e+00
      7.961   0.011077   995.8634 1.3187e-01    21.2487     1.3952     5.1636     67.786 9.9065e-02     0.0532    29.5373  0.000e+00
      7.961   0.011086   995.8635 1.3309e-01    21.2487     1.4257     5.1697     67.867 9.9065e-02     0.0532    29.5373  0.000e+00
      8.060   0.011083   995.8639 1.3187e-01    21.2487     1.3952     5.1662     67.821 9.9065e-02     0.0532    29.5373  0.000e+00
      8.027   0.011086   995.8638 1.3065e-01    21.2487     1.3952     5.1761     67.950 9.9065e-02     0.0532    29.5371  0.000e+00
      8.060   0.011083   995.8639 1.3065e-01    21.2487     1.3952     5.1813     68.019 9.9065e-02     0.0532    29.5373  0.000e+00
      8.084   0.011077   995.8641 1.3187e-01    21.2487     1.3952     5.1817     68.024 9.9065e-02     0.0532    29.5371  0.000e+00
      8.084   0.011083   995.8641 1.3187e-01    21.2487     1.3952     5.1911     68.147 9.9065e-02     0.0532    29.5371  0.000e+00
      8.060   0.011083   995.8639 1.3187e-01    21.2487     1.3952     5.1910     68.147 9.9065e-02     0.0532    29.5373  0.000e+00
      8.027   0.011071   995.8637 1.3065e-01    21.2487     1.3952     5.1955     68.206 9.9065e-02     0.0531    29.5373  0.000e+00
      8.117   0.011057   995.8641 1.3065e-01    21.2487     1.3952     5.1999     68.263 9.9065e-02     0.0531    29.5371  0.000e+00
      8.027   0.011068   995.8638 1.3187e-01    21.1840     1.3952     5.1995     68.257 9.9065e-02     0.0531    29.5371  0.000e+00
      8.142   0.011066   995.8642 1.3065e-01    21.2487     1.3952     5.2034     68.310 9.9065e-02     0.0531    29.5375  0.000e+00
      8.060   0.011063   995.8637 1.3065e-01    21.2487     1.3952     5.2026     68.299 9.9065e-02     0.0531    29.5377  0.000e+00
      8.084   0.011071   995.8638 1.3065e-01    21.3134     1.3952     5.2110     68.410 9.9065e-02     0.0531    29.5379  0.000e+00
      8.117   0.011068   995.8639 1.3065e-01    21.2487     1.3952     5.2101     68.398 9.9065e-02     0.0531    29.5381  0.000e+00
      8.084   0.011057   995.8636 1.3065e-01    21.2487     1.3952     5.2042     68.321 9.9065e-02     0.0531    29.5386  0.000e+00
      7.994   0.011043   995.8630 1.3065e-01    21.1840     1.3952     5.2075     68.365 9.9065e-02     0.0530    29.5388  0.000e+00
      8.142   0.011057   995.8635 1.3065e-01    21.2487     1.3952     5.2061     68.347 9.9065e-02     0.0531    29.5395  0.000e+00
      8.084   0.011066   995.8632 1.3065e-01    21.2487     1.3952     5.2093     68.389 9.9065e-02     0.0531    29.5399  0.000e+00
      8.060   0.011066   995.8629 1.3065e-01    21.1840     1.3952     5.2031     68.310 9.9065e-02     0.0531    29.5406  0.000e+00
      8.084   0.011066   995.8628 1.3065e-01    21.2487     1.3952     5.2061     68.349 9.9065e-02     0.0531    29.5412  0.000e+00
      8.117   0.011071   995.8628 1.3065e-01    21.2487     1.3952     5.1995     68.263 9.9065e-02     0.0531    29.5418  0.000e+00
      7.961   0.011068   995.8619 1.3187e-01    21.2487     1.3952     5.1929     68.177 9.9065e-02     0.0531    29.5425  0.000e+00
      8.084   0.011091   995.8623 1.3187e-01    21.2487     1.3952     5.1955     68.212 9.9065e-02     0.0532    29.5432  0.000e+00
      8.060   0.011083   995.8619 1.3065e-01    21.2487     1.3952     5.1887     68.124 9.9065e-02     0.0532    29.5440  0.000e+00
      8.027   0.011077   995.8615 1.3187e-01    21.2487     1.3952     5.1862     68.091 9.9065e-02     0.0532    29.5447  0.000e+00
      8.060   0.011077   995.8615 1.3065e-01    21.2487     1.3952     5.1882     68.119 9.9065e-02     0.0532    29.5453  0.000e+00
      7.961   0.011077   995.8608 1.3187e-01    21.2487     1.3952     5.1812     68.028 9.9065e-02     0.0532    29.5462  0.000e+00
      8.085   0.011071   995.8612 1.3187e-01    21.2487     1.3952     5.1790     67.999 9.9065e-02     0.0531    29.5468  0.000e+00
      7.936   0.011083   995.8603 1.3187e-01    21.2487     1.3952     5.1718     67.907 9.9065e-02     0.0532    29.5475  0.000e+00
      8.027   0.011088   995.8606 1.3187e-01    21.2487     1.3952     5.1740     67.936 9.9065e-02     0.0532    29.5479  0.000e+00
      7.994   0.011083   995.8603 1.3187e-01    21.2487     1.3952     5.1669     67.844 9.9065e-02     0.0532    29.5484  0.000e+00
      7.961   0.011088   995.8600 1.3187e-01    21.2487     1.3952     5.1690     67.871 9.9065e-02     0.0532    29.5488  0.000e+00
