WS23139_STN11_11CTD.cnv
* Sea-Bird SBE 9 Data File:
* FileName = C:\ctd\Cruise_Data\WS23139_Rosenheim\WS23139_Rosenheim_STN11_02.hex
* Software Version Seasave V 7.26.7.121
* Temperature SN = 4097 MTG 177
* Conductivity SN = 1851 MTG 053
* Number of Bytes Per Scan = 40
* Number of Voltage Words = 5
* Number of Scans Averaged by the Deck Unit = 1
* NMEA Latitude = 04 49.53 N
* NMEA Longitude = 051 43.06 W
* NMEA UTC (Time) = Jun 11 2023 22:40:04
** Ship:
** Station:
** Operator:
# nquan = 12
# nvalues = 9250                                  
# units = specified
# name 0 = depSM: Depth [salt water, m]
# name 1 = c0S/m: Conductivity [S/m]
# name 2 = density00: Density [density, kg/m^3]
# name 3 = flSP: Fluorescence, Seapoint
# name 4 = wetCDOM: Fluorescence, WET Labs CDOM [mg/m^3]
# name 5 = flECO-AFL: Fluorescence, WET Labs ECO-AFL/FL [mg/m^3]
# name 6 = sbeox0Mg/L: Oxygen, SBE 43 [mg/l]
# name 7 = sbeox0PS: Oxygen, SBE 43 [% saturation]
# name 8 = par: PAR/Irradiance, Biospherical/Licor [Watts/m^2]
# name 9 = sal00: Salinity, Practical [PSU]
# name 10 = t090C: Temperature [ITS-90, deg C]
# name 11 = flag:  0.000e+00
# span 0 =      2.117,     27.191                 
# span 1 =   4.753351,   5.727127                 
# span 2 =  1016.7918,  1024.0200                 
# span 3 = 6.1050e-02, 1.6484e-01                 
# span 4 =    -0.6890,   264.3110                 
# span 5 =     0.3573,     1.7920                 
# span 6 =     3.9312,     6.8974                 
# span 7 =     59.889,    105.725                 
# span 8 = 9.8755e-02, 6.4087e-01                 
# span 9 =    28.1368,    36.3466                 
# span 10 =    26.3986,    29.5688                
# span 11 = 0.0000e+00, 0.0000e+00                
# interval = seconds: 0.0416667
# start_time = Jun 11 2023 22:40:04 [NMEA time, header]
# bad_flag = -9.990e-29
*END*
[from data line 6617]
     27.077   5.637300  1024.0196 8.7912e-02   259.5222     1.0899     4.1545     63.293 9.9065e-02    36.3195    26.4017  0.000e+00
     27.011   5.637285  1024.0190 8.7912e-02   259.7811     1.0899     4.1578     63.343 9.9375e-02    36.3192    26.4020  0.000e+00
     27.011   5.637307  1024.0192 8.9133e-02   259.9105     1.0899     4.1532     63.273 9.9065e-02    36.3195    26.4018  0.000e+00
     27.011   5.637388  1024.0197 9.1575e-02   259.9105     1.0899     4.1565     63.324 9.9375e-02    36.3201    26.4018  0.000e+00
     27.077   5.637388  1024.0200 8.7912e-02   259.9105     1.0899     4.1521     63.258 9.9065e-02    36.3200    26.4018  0.000e+00
     26.953   5.637263  1024.0186 8.3028e-02   259.9105     1.0899     4.1516     63.249 9.9375e-02    36.3190    26.4020  0.000e+00
     27.077   5.636925  1024.0176 1.0379e-01   182.6431     0.9068     4.1512     63.243 9.9375e-02    36.3168    26.4017  0.000e+00
     27.011   5.637234  1024.0188 1.1233e-01    36.5857     0.9984     4.1504     63.232 9.9065e-02    36.3189    26.4018  0.000e+00
     27.011   5.637366  1024.0196 1.1355e-01    -0.6890     1.0594     4.1538     63.283 9.9375e-02    36.3199    26.4018  0.000e+00
     26.937   5.637337  1024.0191 1.1722e-01    -0.6890     1.0289     4.1495     63.217 9.9375e-02    36.3197    26.4018  0.000e+00
     27.011   5.637300  1024.0192 1.3187e-01    -0.6890     1.0289     4.1531     63.273 9.9065e-02    36.3194    26.4018  0.000e+00
     27.011   5.637307  1024.0192 1.3919e-01    -0.6890     1.0289     4.1572     63.335 9.9375e-02    36.3195    26.4018  0.000e+00
     26.953   5.637292  1024.0191 1.4042e-01    -0.4949     1.0289     4.1534     63.276 9.9065e-02    36.3195    26.4017  0.000e+00
     27.011   5.637315  1024.0191 1.3919e-01    -0.1066     1.0594     4.1534     63.277 9.9375e-02    36.3194    26.4020  0.000e+00
     26.953   5.637351  1024.0192 1.3919e-01    -0.0419     1.0289     4.1491     63.212 9.9065e-02    36.3198    26.4018  0.000e+00
     27.011   5.637270  1024.0192 1.3675e-01    -0.1066     1.0594     4.1529     63.269 9.9375e-02    36.3193    26.4017  0.000e+00
     26.953   5.637234  1024.0186 1.3675e-01    -0.1066     1.0289     4.1527     63.266 9.9375e-02    36.3190    26.4018  0.000e+00
     27.011   5.637292  1024.0192 1.3553e-01    -0.1066     1.0594     4.1528     63.268 9.9375e-02    36.3194    26.4018  0.000e+00
     26.953   5.637292  1024.0189 1.3553e-01    16.4600     0.9984     4.1568     63.328 9.9375e-02    36.3194    26.4018  0.000e+00
     26.953   5.637314  1024.0190 1.3309e-01   178.2426     0.9068     4.1530     63.271 9.9375e-02    36.3195    26.4018  0.000e+00
     26.953   5.637285  1024.0187 1.1233e-01   259.3928     1.0899     4.1531     63.273 9.9065e-02    36.3192    26.4020  0.000e+00
     27.003   5.637278  1024.0194 1.0989e-01   264.3110     1.1205     4.1533     63.275 9.9375e-02    36.3195    26.4015  0.000e+00
     26.953   5.637314  1024.0190 1.0867e-01   264.3110     1.0899     4.1494     63.215 9.9375e-02    36.3195    26.4018  0.000e+00
     26.953   5.637248  1024.0188 1.0867e-01   261.5931     1.0899     4.1534     63.277 9.9065e-02    36.3192    26.4017  0.000e+00
     26.953   5.637263  1024.0189 1.0623e-01   259.4575     1.0899     4.1536     63.280 9.9375e-02    36.3193    26.4017  0.000e+00
     26.953   5.637285  1024.0190 1.0623e-01   259.7164     1.0899     4.1539     63.284 9.9065e-02    36.3195    26.4017  0.000e+00
     26.953   5.637307  1024.0193 1.0623e-01   259.9752     1.0899     4.1584     63.353 9.9375e-02    36.3198    26.4015  0.000e+00
     26.887   5.637292  1024.0188 1.0623e-01   260.0399     1.0899     4.1548     63.297 9.9065e-02    36.3195    26.4017  0.000e+00
     26.953   5.637285  1024.0190 1.0745e-01   260.0399     1.1205     4.1551     63.302 9.9375e-02    36.3195    26.4017  0.000e+00
     26.953   5.637307  1024.0192 1.0867e-01   260.0399     1.1815     4.1556     63.310 9.9375e-02    36.3196    26.4017  0.000e+00
     26.953   5.637190  1024.0184 1.0867e-01   259.9752     1.1815     4.1559     63.315 9.9375e-02    36.3186    26.4018  0.000e+00
     26.953   5.637212  1024.0186 1.3675e-01   149.1865     0.9678     4.1563     63.320 9.9375e-02    36.3189    26.4017  0.000e+00
     26.953   5.637256  1024.0187 1.3309e-01    27.7200     1.0899     4.1607     63.387 9.9375e-02    36.3191    26.4018  0.000e+00
     26.953   5.637278  1024.0190 1.3187e-01    -0.6890     1.1205     4.1572     63.334 9.9065e-02    36.3194    26.4017  0.000e+00
     26.937   5.637285  1024.0188 1.3309e-01     3.0644     1.1205     4.1616     63.402 9.9375e-02    36.3193    26.4018  0.000e+00
     27.011   5.637307  1024.0192 1.3553e-01     7.7884     1.0899     4.1623     63.412 9.9375e-02    36.3195    26.4018  0.000e+00
     27.011   5.637292  1024.0193 1.3431e-01     8.8885     1.0899     4.1629     63.421 9.9065e-02    36.3195    26.4017  0.000e+00
     26.953   5.637079  1024.0178 1.3431e-01     8.7591     1.0899     4.1635     63.430 9.9375e-02    36.3178    26.4018  0.000e+00
     26.953   5.637197  1024.0186 1.3553e-01     8.6297     1.0899     4.1639     63.437 9.9065e-02    36.3188    26.4017  0.000e+00
     27.077   5.637307  1024.0195 1.3553e-01     8.5650     1.0899     4.1644     63.444 9.9375e-02    36.3194    26.4018  0.000e+00
     26.953   5.637300  1024.0191 1.3675e-01     8.5650     1.0899     4.1647     63.449 9.9375e-02    36.3196    26.4017  0.000e+00
     27.011   5.637241  1024.0189 1.3675e-01     8.5650     1.1205     4.1690     63.514 9.9375e-02    36.3190    26.4018  0.000e+00
     27.011   5.637329  1024.0194 1.3675e-01     8.5003     1.0899     4.1653     63.458 9.9065e-02    36.3196    26.4018  0.000e+00
     27.077   5.637373  1024.0200 1.3675e-01     7.4648     1.1205     4.1657     63.465 9.9375e-02    36.3201    26.4017  0.000e+00
     27.011   5.637292  1024.0190 1.3553e-01     3.9703     1.1205     4.1661     63.470 9.9065e-02    36.3192    26.4020  0.000e+00
     27.077   5.637307  1024.0192 1.3431e-01     2.6761     1.1205     4.1663     63.473 9.9065e-02    36.3192    26.4022  0.000e+00
     27.003   5.637359  1024.0193 1.3431e-01     2.6761     1.1205     4.1704     63.537 9.9065e-02    36.3197    26.4020  0.000e+00
     27.077   5.637366  1024.0197 1.3553e-01     2.7408     1.1205     4.1665     63.477 9.9065e-02    36.3197    26.4020  0.000e+00
     27.077   5.637337  1024.0197 1.3919e-01     2.8055     1.1205     4.1667     63.479 9.9065e-02    36.3197    26.4018  0.000e+00
     27.077   5.637263  1024.0191 1.4042e-01     2.8055     1.1205     4.1706     63.539 9.9065e-02    36.3190    26.4020  0.000e+00
     27.077   5.637293  1024.0193 1.4164e-01     2.8055     1.1205     4.1668     63.482 9.9065e-02    36.3192    26.4020  0.000e+00
     27.077   5.637359  1024.0195 1.4164e-01     2.8055     1.1205     4.1707     63.541 9.9375e-02    36.3195    26.4022  0.000e+00
     27.077   5.637373  1024.0195 1.3919e-01     2.8055     1.1205     4.1710     63.545 9.9065e-02    36.3196    26.4022  0.000e+00
     27.077   5.637395  1024.0195 1.3797e-01     2.8055     1.1205     4.1710     63.546 9.9065e-02    36.3196    26.4024  0.000e+00
     27.077   5.637315  1024.0189 1.3431e-01     2.8055     1.1205     4.1710     63.546 9.9065e-02    36.3189    26.4026  0.000e+00
     27.077   5.637351  1024.0191 1.3187e-01     2.8702     1.1510     4.1750     63.607 9.9375e-02    36.3192    26.4026  0.000e+00
     27.077   5.637395  1024.0195 1.3309e-01     6.5589     1.1205     4.1711     63.547 9.9065e-02    36.3196    26.4024  0.000e+00
     27.077   5.637381  1024.0191 1.3431e-01     8.9532     1.1205     4.1712     63.549 9.9375e-02    36.3193    26.4028  0.000e+00
     27.077   5.637373  1024.0192 1.3431e-01     9.4062     1.1205     4.1711     63.547 9.9065e-02    36.3193    26.4026  0.000e+00
     27.060   5.637329  1024.0189 1.3431e-01     9.1474     1.1205     4.1712     63.548 9.9065e-02    36.3190    26.4026  0.000e+00
     27.077   5.637388  1024.0194 1.3675e-01     9.1474     1.1205     4.1715     63.553 9.9375e-02    36.3196    26.4024  0.000e+00
     27.011   5.637388  1024.0192 1.3797e-01     9.1474     1.1205     4.1756     63.615 9.9065e-02    36.3196    26.4024  0.000e+00
     27.077   5.637403  1024.0195 1.3797e-01     9.1474     1.1205     4.1758     63.619 9.9065e-02    36.3197    26.4024  0.000e+00
     27.077   5.637373  1024.0195 1.3675e-01     9.1474     1.1205     4.1758     63.619 9.9065e-02    36.3196    26.4022  0.000e+00
     27.077   5.637366  1024.0193 1.3675e-01     9.1474     1.1205     4.1760     63.622 9.9065e-02    36.3194    26.4024  0.000e+00
     27.077   5.637403  1024.0197 1.3797e-01     9.1474     1.1205     4.1762     63.624 9.9375e-02    36.3199    26.4022  0.000e+00
     27.011   5.637410  1024.0193 1.3919e-01     9.1474     1.1205     4.1762     63.626 9.9065e-02    36.3198    26.4024  0.000e+00
     27.077   5.637351  1024.0191 1.3919e-01     9.1474     1.1205     4.1766     63.631 9.9065e-02    36.3192    26.4026  0.000e+00
     27.011   5.637329  1024.0187 1.4042e-01    92.7567     1.0899     4.1767     63.632 9.9375e-02    36.3190    26.4026  0.000e+00
     27.077   5.637417  1024.0194 1.2210e-01   230.2719     1.0899     4.1767     63.633 9.9065e-02    36.3197    26.4026  0.000e+00
     27.011   5.637432  1024.0191 1.1355e-01   264.3110     1.2426     4.1767     63.633 9.9065e-02    36.3196    26.4028  0.000e+00
     27.002   5.637417  1024.0190 1.1477e-01   264.3110     1.2426     4.1806     63.692 9.9065e-02    36.3195    26.4028  0.000e+00
     27.077   5.637410  1024.0192 1.1722e-01   264.3110     1.2120     4.1808     63.695 9.9375e-02    36.3195    26.4028  0.000e+00
     27.011   5.637447  1024.0192 1.1844e-01   259.8458     1.1815     4.1768     63.634 9.9065e-02    36.3198    26.4028  0.000e+00
     26.953   5.637432  1024.0188 1.1722e-01   259.4575     1.2120     4.1807     63.694 9.9375e-02    36.3197    26.4028  0.000e+00
     27.077   5.637373  1024.0192 1.1600e-01   259.7811     1.1815     4.1770     63.638 9.9065e-02    36.3193    26.4026  0.000e+00
     26.953   5.637366  1024.0185 1.1600e-01   260.0399     1.2120     4.1768     63.634 9.9065e-02    36.3192    26.4028  0.000e+00
     27.011   5.637403  1024.0192 1.1477e-01   260.0399     1.2120     4.1807     63.694 9.9065e-02    36.3197    26.4024  0.000e+00
     27.011   5.637344  1024.0189 1.1355e-01   260.0399     1.2120     4.1807     63.694 9.9375e-02    36.3193    26.4024  0.000e+00
     27.011   5.637322  1024.0186 1.1111e-01   259.9752     1.2120     4.1807     63.693 9.9065e-02    36.3190    26.4026  0.000e+00
     26.953   5.637329  1024.0186 1.0867e-01   259.9752     1.1815     4.1765     63.629 9.9375e-02    36.3192    26.4024  0.000e+00
     27.010   5.637322  1024.0183 1.0867e-01   259.9752     1.1205     4.1764     63.628 9.9375e-02    36.3187    26.4029  0.000e+00
     27.010   5.637292  1024.0182 1.0867e-01   260.0399     1.0899     4.1761     63.623 9.9375e-02    36.3185    26.4029  0.000e+00
     26.879   5.637351  1024.0176 1.0867e-01   260.0399     1.0899     4.1758     63.620 9.9065e-02    36.3187    26.4033  0.000e+00
     27.010   5.637395  1024.0186 1.0745e-01   260.0399     1.0899     4.1757     63.618 9.9375e-02    36.3191    26.4031  0.000e+00
     26.953   5.637410  1024.0182 1.0867e-01   260.0399     1.0899     4.1755     63.615 9.9375e-02    36.3191    26.4033  0.000e+00
     27.010   5.637388  1024.0185 1.0867e-01   260.0399     1.0899     4.1713     63.551 9.9065e-02    36.3191    26.4031  0.000e+00
     26.953   5.637395  1024.0185 1.0989e-01   260.0399     1.0899     4.1749     63.606 9.9065e-02    36.3193    26.4029  0.000e+00
     27.010   5.637410  1024.0186 1.0989e-01   259.9752     1.0899     4.1707     63.541 9.9065e-02    36.3192    26.4031  0.000e+00
     27.010   5.637388  1024.0184 1.1233e-01   260.0399     1.0899     4.1702     63.534 9.9065e-02    36.3189    26.4033  0.000e+00
     26.953   5.637461  1024.0185 1.1233e-01   260.0399     1.0899     4.1699     63.530 9.9375e-02    36.3195    26.4033  0.000e+00
     27.010   5.637476  1024.0188 1.1355e-01   260.0399     1.0899     4.1695     63.524 9.9375e-02    36.3196    26.4033  0.000e+00
     26.953   5.637469  1024.0184 1.1355e-01   260.0399     1.0899     4.1690     63.516 9.9065e-02    36.3194    26.4035  0.000e+00
     27.010   5.637461  1024.0188 1.3797e-01   149.4453     0.8763     4.1686     63.509 9.9065e-02    36.3194    26.4033  0.000e+00
     27.010   5.637432  1024.0186 1.3431e-01    34.2561     0.9984     4.1721     63.564 9.9375e-02    36.3192    26.4033  0.000e+00
     26.953   5.637454  1024.0185 1.3553e-01     7.8531     0.9984     4.1721     63.563 9.9065e-02    36.3194    26.4033  0.000e+00
     27.002   5.637388  1024.0182 1.3675e-01    12.0595     0.9984     4.1677     63.496 9.9065e-02    36.3188    26.4035  0.000e+00
     27.010   5.637307  1024.0176 1.3553e-01    16.3952     0.9984     4.1672     63.489 9.9065e-02    36.3180    26.4037  0.000e+00
     27.010   5.637381  1024.0182 1.3553e-01    17.4307     0.9984     4.1669     63.484 9.9065e-02    36.3187    26.4035  0.000e+00
     26.953   5.637270  1024.0171 1.3431e-01    17.1718     0.9984     4.1664     63.475 9.9375e-02    36.3178    26.4037  0.000e+00
     27.010   5.637131  1024.0168 1.3553e-01    17.1071     0.9984     4.1661     63.471 9.9375e-02    36.3169    26.4035  0.000e+00
     27.010   5.637160  1024.0166 1.3675e-01    17.1071     0.9984     4.1658     63.466 9.9065e-02    36.3168    26.4039  0.000e+00
     27.010   5.637241  1024.0172 1.3675e-01    17.0424     0.9984     4.1654     63.462 9.9065e-02    36.3175    26.4037  0.000e+00
     27.010   5.637278  1024.0174 1.3675e-01    17.1071     0.9984     4.1651     63.457 9.9065e-02    36.3178    26.4037  0.000e+00
     26.953   5.637285  1024.0172 1.3675e-01    17.1071     0.9984     4.1650     63.455 9.9375e-02    36.3179    26.4037  0.000e+00
     27.010   5.637241  1024.0172 1.3431e-01    64.1535     0.9984     4.1647     63.451 9.9065e-02    36.3175    26.4037  0.000e+00
     27.010   5.637197  1024.0170 1.2454e-01   211.6993     0.9373     4.1685     63.508 9.9065e-02    36.3172    26.4037  0.000e+00
     27.010   5.637123  1024.0167 1.0989e-01   264.3110     1.0899     4.1684     63.507 9.9375e-02    36.3168    26.4035  0.000e+00
     27.002   5.637021  1024.0163 1.0989e-01   264.3110     1.0899     4.1684     63.505 9.9065e-02    36.3162    26.4033  0.000e+00
     27.010   5.636969  1024.0161 1.0989e-01   264.3110     1.0594     4.1682     63.503 9.9065e-02    36.3159    26.4033  0.000e+00
     27.010   5.636925  1024.0158 1.0867e-01   260.2341     1.0594     4.1684     63.505 9.9065e-02    36.3155    26.4033  0.000e+00
     27.010   5.636690  1024.0145 1.0989e-01   259.4575     1.0594     4.1644     63.444 9.9065e-02    36.3138    26.4033  0.000e+00
     26.953   5.636396  1024.0128 1.0989e-01   259.7811     1.0594     4.1643     63.442 9.9065e-02    36.3119    26.4031  0.000e+00
     27.010   5.636345  1024.0128 1.0989e-01   260.0399     1.0594     4.1643     63.441 9.9065e-02    36.3115    26.4031  0.000e+00
     27.010   5.636036  1024.0111 1.0989e-01   260.0399     1.0594     4.1683     63.502 9.9065e-02    36.3092    26.4031  0.000e+00
     26.953   5.635705  1024.0091 1.1233e-01   259.9105     1.0594     4.1644     63.441 9.9065e-02    36.3068    26.4031  0.000e+00
     27.010   5.635625  1024.0090 1.1355e-01   259.8458     1.0594     4.1684     63.502 9.9375e-02    36.3064    26.4029  0.000e+00
     27.010   5.635507  1024.0080 1.1355e-01   257.4514     1.0594     4.1686     63.505 9.9375e-02    36.3052    26.4033  0.000e+00
     27.010   5.635346  1024.0073 1.3919e-01   111.2646     0.8763     4.1647     63.445 9.9375e-02    36.3042    26.4031  0.000e+00
