WS23139_STN20_18CTD.cnv
* Sea-Bird SBE 9 Data File:
* FileName = C:\ctd\Cruise_Data\WS23139_Rosenheim\WS23139_Rosenheim_STN20.hex
* Software Version Seasave V 7.26.7.121
* Temperature SN = 4097 MTG 177
* Conductivity SN = 1851 MTG 053
* Number of Bytes Per Scan = 40
* Number of Voltage Words = 5
* Number of Scans Averaged by the Deck Unit = 1
* NMEA Latitude = 05 54.61 N
* NMEA Longitude = 053 57.57 W
* NMEA UTC (Time) = Jun 16 2023 20:01:31
** Ship:
** Station:
** Operator:
# nquan = 12
# nvalues = 5309                                  
# units = specified
# name 0 = depSM: Depth [salt water, m]
# name 1 = c0S/m: Conductivity [S/m]
# name 2 = density00: Density [density, kg/m^3]
# name 3 = flSP: Fluorescence, Seapoint
# name 4 = wetCDOM: Fluorescence, WET Labs CDOM [mg/m^3]
# name 5 = flECO-AFL: Fluorescence, WET Labs ECO-AFL/FL [mg/m^3]
# name 6 = sbeox0Mg/L: Oxygen, SBE 43 [mg/l]
# name 7 = sbeox0PS: Oxygen, SBE 43 [% saturation]
# name 8 = par: PAR/Irradiance, Biospherical/Licor [Watts/m^2]
# name 9 = sal00: Salinity, Practical [PSU]
# name 10 = t090C: Temperature [ITS-90, deg C]
# name 11 = flag:  0.000e+00
# span 0 =      1.775,      4.943                 
# span 1 =   5.524066,   5.579137                 
# span 2 =  1022.2651,  1022.7171                 
# span 3 = 1.1600e-01, 1.9170e-01                 
# span 4 =    -0.6890,   264.3110                 
# span 5 =     1.3647,     2.9214                 
# span 6 =     4.0332,     5.6782                 
# span 7 =     62.076,     87.611                 
# span 8 = 9.8755e-02, 4.7196e+02                 
# span 9 =    34.6561,    35.0268                 
# span 10 =    27.0819,    27.7102                
# span 11 = 0.0000e+00, 0.0000e+00                
# interval = seconds: 0.0416667
# start_time = Jun 16 2023 20:01:31 [NMEA time, header]
# bad_flag = -9.990e-29
*END*
[from data line 2767]
      4.682   5.573922  1022.4418 1.5873e-01    10.9594     2.3415     5.3342     82.335 9.9375e-02    34.8957    27.6763  0.000e+00
      4.649   5.573937  1022.4419 1.5995e-01    11.0241     2.3415     5.3359     82.361 9.9065e-02    34.8960    27.6761  0.000e+00
      4.624   5.573878  1022.4413 1.5995e-01    11.0241     2.3415     5.3413     82.444 9.9375e-02    34.8954    27.6763  0.000e+00
      4.649   5.573820  1022.4413 1.5751e-01    11.0241     2.3415     5.3469     82.530 9.9375e-02    34.8952    27.6761  0.000e+00
      4.624   5.573937  1022.4420 1.5751e-01    11.2182     2.3415     5.3486     82.557 9.9375e-02    34.8961    27.6759  0.000e+00
      4.591   5.574156  1022.4433 1.5751e-01    12.0595     2.3415     5.3543     82.644 9.9065e-02    34.8980    27.6756  0.000e+00
      4.558   5.574420  1022.4451 1.5873e-01    12.5125     2.3415     5.3516     82.604 9.9375e-02    34.9002    27.6750  0.000e+00
      4.591   5.574588  1022.4461 1.5873e-01    12.5125     2.3415     5.3528     82.622 9.9375e-02    34.9014    27.6750  0.000e+00
      4.558   5.574624  1022.4460 1.5995e-01    12.5125     2.3415     5.3576     82.697 9.9375e-02    34.9015    27.6752  0.000e+00
      4.525   5.574529  1022.4455 1.6117e-01    12.5125     2.2194     5.3546     82.650 9.9065e-02    34.9010    27.6750  0.000e+00
      4.501   5.574456  1022.4448 1.6239e-01    12.5125     2.0362     5.3591     82.720 9.9375e-02    34.9003    27.6753  0.000e+00
      4.525   5.574376  1022.4445 1.6361e-01    12.5125     2.0057     5.3637     82.791 9.9375e-02    34.8998    27.6752  0.000e+00
      4.501   5.574324  1022.4438 1.6850e-01    12.4478     2.0057     5.3642     82.799 9.9065e-02    34.8992    27.6756  0.000e+00
      4.435   5.574273  1022.4433 1.7216e-01    12.5125     2.0057     5.3686     82.866 9.9375e-02    34.8988    27.6756  0.000e+00
      4.468   5.574156  1022.4428 1.7582e-01    12.5125     2.0057     5.3651     82.812 9.9375e-02    34.8980    27.6756  0.000e+00
      4.435   5.573849  1022.4404 1.7338e-01    12.5125     2.0057     5.3651     82.811 9.9375e-02    34.8953    27.6763  0.000e+00
      4.410   5.573418  1022.4377 1.6972e-01    12.4478     2.0057     5.3650     82.809 9.9375e-02    34.8920    27.6767  0.000e+00
      4.435   5.573198  1022.4362 1.6728e-01    11.8653     2.0057     5.3688     82.867 9.9375e-02    34.8900    27.6772  0.000e+00
      4.410   5.573330  1022.4369 1.6606e-01    11.1535     2.0057     5.3646     82.802 9.9065e-02    34.8911    27.6770  0.000e+00
      4.377   5.573564  1022.4383 1.6606e-01    11.1535     2.0057     5.3678     82.853 9.9375e-02    34.8930    27.6767  0.000e+00
      4.344   5.573754  1022.4394 1.6484e-01    11.1535     2.0057     5.3673     82.846 9.9065e-02    34.8945    27.6765  0.000e+00
      4.377   5.573937  1022.4406 1.6361e-01    11.2182     2.0057     5.3708     82.899 9.9375e-02    34.8959    27.6763  0.000e+00
      4.344   5.574120  1022.4417 1.6361e-01    11.2182     2.0057     5.3662     82.830 9.9375e-02    34.8974    27.6760  0.000e+00
      4.377   5.574237  1022.4427 1.6361e-01    11.2182     2.0057     5.3654     82.817 9.9375e-02    34.8985    27.6757  0.000e+00
      4.377   5.574361  1022.4437 1.6239e-01    11.2182     2.0057     5.3647     82.806 9.9065e-02    34.8996    27.6754  0.000e+00
      4.286   5.574529  1022.4444 1.6239e-01    11.2182     2.0057     5.3638     82.792 9.9065e-02    34.9009    27.6752  0.000e+00
      4.319   5.574646  1022.4455 1.6361e-01    11.2182     2.0057     5.3670     82.843 9.9375e-02    34.9020    27.6748  0.000e+00
      4.410   5.574741  1022.4462 1.6361e-01    11.2182     2.0057     5.3624     82.772 9.9065e-02    34.9026    27.6750  0.000e+00
      4.319   5.574631  1022.4454 1.6484e-01    11.2182     2.0057     5.3656     82.820 9.9375e-02    34.9019    27.6748  0.000e+00
      4.286   5.574609  1022.4448 1.6606e-01    10.9594     2.0057     5.3649     82.810 9.9375e-02    34.9015    27.6752  0.000e+00
      4.377   5.574595  1022.4453 1.6728e-01    10.3769     2.0057     5.3644     82.802 9.9065e-02    34.9015    27.6750  0.000e+00
      4.344   5.574580  1022.4451 1.6484e-01    10.1181     2.0057     5.3637     82.791 9.9375e-02    34.9014    27.6750  0.000e+00
      4.319   5.574609  1022.4453 1.6361e-01    10.1181     2.0057     5.3631     82.782 9.9375e-02    34.9018    27.6748  0.000e+00
      4.344   5.574756  1022.4463 1.6117e-01    10.1828     2.0057     5.3625     82.772 9.9375e-02    34.9029    27.6746  0.000e+00
      4.377   5.574909  1022.4475 1.5995e-01    10.2475     2.0057     5.3619     82.764 9.9375e-02    34.9042    27.6744  0.000e+00
      4.377   5.575048  1022.4483 1.5873e-01    10.1828     1.9752     5.3615     82.757 9.9065e-02    34.9053    27.6743  0.000e+00
      4.344   5.575187  1022.4492 1.5873e-01    10.1828     1.9141     5.3649     82.811 9.9375e-02    34.9065    27.6739  0.000e+00
      4.434   5.575326  1022.4505 1.5873e-01    10.1828     1.9141     5.3608     82.747 9.9065e-02    34.9076    27.6737  0.000e+00
      4.410   5.575385  1022.4507 1.5873e-01    10.1828     1.9141     5.3603     82.740 9.9065e-02    34.9081    27.6737  0.000e+00
      4.434   5.575436  1022.4511 1.5873e-01    10.1828     1.9141     5.3596     82.730 9.9065e-02    34.9084    27.6737  0.000e+00
      4.410   5.575516  1022.4517 1.5751e-01    10.1181     1.9141     5.3591     82.721 9.9375e-02    34.9092    27.6734  0.000e+00
      4.434   5.575568  1022.4521 1.5629e-01    10.1181     1.9141     5.3584     82.711 9.9375e-02    34.9096    27.6734  0.000e+00
      4.525   5.575451  1022.4517 1.5873e-01    10.0534     1.9141     5.3618     82.762 9.9375e-02    34.9086    27.6735  0.000e+00
      4.434   5.575165  1022.4493 1.5995e-01     9.7945     1.9141     5.3614     82.756 9.9375e-02    34.9062    27.6741  0.000e+00
      4.525   5.574880  1022.4479 1.6361e-01     9.7945     1.9141     5.3610     82.750 9.9065e-02    34.9039    27.6744  0.000e+00
      4.500   5.574675  1022.4463 1.6728e-01     9.7945     1.9141     5.3645     82.803 9.9375e-02    34.9021    27.6749  0.000e+00
      4.558   5.574427  1022.4449 1.6972e-01     9.7945     1.9141     5.3644     82.801 9.9375e-02    34.9001    27.6752  0.000e+00
      4.525   5.574354  1022.4443 1.7094e-01     9.7945     1.9141     5.3599     82.732 9.9065e-02    34.8995    27.6754  0.000e+00
      4.624   5.574661  1022.4469 1.6972e-01     9.7945     1.9141     5.3594     82.725 9.9065e-02    34.9022    27.6746  0.000e+00
      4.591   5.575275  1022.4509 1.6972e-01     9.7298     1.9141     5.3588     82.716 9.9065e-02    34.9072    27.6737  0.000e+00
      4.558   5.575553  1022.4524 1.7094e-01     9.7945     1.9141     5.3581     82.706 9.9065e-02    34.9093    27.6735  0.000e+00
      4.649   5.575319  1022.4509 1.7338e-01     9.7945     1.9141     5.3577     82.699 9.9375e-02    34.9071    27.6743  0.000e+00
      4.682   5.575487  1022.4524 1.7582e-01     9.7945     1.9141     5.3614     82.756 9.9375e-02    34.9087    27.6737  0.000e+00
      4.649   5.576240  1022.4577 1.7949e-01     9.6004     1.9141     5.3571     82.692 9.9065e-02    34.9152    27.6721  0.000e+00
      4.682   5.576943  1022.4624 1.8071e-01    10.4416     1.9141     5.3608     82.750 9.9375e-02    34.9208    27.6712  0.000e+00
      4.715   5.577301  1022.4650 1.7949e-01    11.4123     1.9141     5.3566     82.685 9.9065e-02    34.9239    27.6704  0.000e+00
      4.682   5.577506  1022.4662 1.7460e-01    11.6712     1.9141     5.3560     82.677 9.9375e-02    34.9256    27.6702  0.000e+00
      4.715   5.577623  1022.4672 1.7094e-01    11.6712     1.9141     5.3557     82.672 9.9375e-02    34.9266    27.6699  0.000e+00
      4.739   5.577411  1022.4659 1.6850e-01    11.6065     1.9141     5.3552     82.664 9.9065e-02    34.9248    27.6702  0.000e+00
      4.805   5.577191  1022.4648 1.6728e-01    11.6065     1.9141     5.3589     82.720 9.9375e-02    34.9231    27.6704  0.000e+00
      4.715   5.576833  1022.4621 1.6606e-01    11.6065     1.9141     5.3588     82.718 9.9375e-02    34.9202    27.6710  0.000e+00
      4.739   5.576496  1022.4597 1.6361e-01    11.6065     1.9446     5.3588     82.717 9.9375e-02    34.9173    27.6717  0.000e+00
      4.772   5.576145  1022.4577 1.6239e-01    11.6065     2.2499     5.3549     82.658 9.9065e-02    34.9145    27.6721  0.000e+00
      4.805   5.575875  1022.4558 1.6239e-01    11.6065     2.4025     5.3546     82.653 9.9065e-02    34.9121    27.6728  0.000e+00
      4.772   5.575751  1022.4548 1.6484e-01    11.6065     2.4330     5.3543     82.647 9.9065e-02    34.9111    27.6730  0.000e+00
      4.805   5.575692  1022.4546 1.6484e-01    11.6065     2.4025     5.3540     82.642 9.9375e-02    34.9106    27.6730  0.000e+00
      4.772   5.575677  1022.4541 1.6361e-01    11.4123     2.4025     5.3537     82.639 9.9375e-02    34.9103    27.6733  0.000e+00
      4.805   5.575612  1022.4540 1.6117e-01    10.7005     2.4025     5.3494     82.571 9.9065e-02    34.9099    27.6732  0.000e+00
      4.772   5.575451  1022.4526 1.5995e-01    10.3122     2.4025     5.3529     82.626 9.9065e-02    34.9084    27.6737  0.000e+00
      4.739   5.575202  1022.4508 1.6117e-01    10.3122     2.4025     5.3487     82.560 9.9065e-02    34.9064    27.6741  0.000e+00
      4.830   5.574822  1022.4488 1.6239e-01    10.3769     2.4025     5.3526     82.619 9.9375e-02    34.9034    27.6744  0.000e+00
      4.739   5.574551  1022.4465 1.6484e-01    10.3769     2.4025     5.3483     82.553 9.9375e-02    34.9011    27.6750  0.000e+00
      4.830   5.574288  1022.4453 1.6728e-01    10.3769     2.4025     5.3519     82.608 9.9065e-02    34.8991    27.6752  0.000e+00
      4.739   5.573871  1022.4418 1.6728e-01    10.3769     2.4025     5.3516     82.603 9.9375e-02    34.8954    27.6763  0.000e+00
      4.739   5.573520  1022.4394 1.6606e-01    10.3769     2.4025     5.3513     82.598 9.9065e-02    34.8925    27.6768  0.000e+00
      4.772   5.573162  1022.4372 1.6361e-01    10.4416     2.4025     5.3513     82.597 9.9375e-02    34.8895    27.6774  0.000e+00
      4.739   5.572935  1022.4355 1.6361e-01    10.3769     2.4025     5.3510     82.591 9.9065e-02    34.8877    27.6777  0.000e+00
      4.772   5.572884  1022.4354 1.6117e-01    10.3122     2.4025     5.3509     82.590 9.9065e-02    34.8873    27.6777  0.000e+00
      4.739   5.572884  1022.4351 1.5995e-01    10.3769     2.4025     5.3507     82.587 9.9065e-02    34.8872    27.6780  0.000e+00
      4.714   5.573023  1022.4359 1.6117e-01    10.2475     2.4025     5.3545     82.646 9.9065e-02    34.8883    27.6777  0.000e+00
      4.739   5.573308  1022.4380 1.6239e-01    10.2475     2.4025     5.3505     82.585 9.9065e-02    34.8907    27.6772  0.000e+00
      4.714   5.573491  1022.4389 1.6239e-01    10.1828     2.4025     5.3503     82.583 9.9375e-02    34.8920    27.6772  0.000e+00
      4.681   5.573593  1022.4396 1.6239e-01    10.2475     2.4025     5.3541     82.641 9.9375e-02    34.8930    27.6768  0.000e+00
      4.714   5.573652  1022.4402 1.6117e-01    10.1828     2.4025     5.3541     82.641 9.9065e-02    34.8935    27.6767  0.000e+00
      4.681   5.573666  1022.4403 1.5995e-01    10.2475     2.4025     5.3541     82.641 9.9375e-02    34.8938    27.6765  0.000e+00
      4.648   5.573535  1022.4391 1.6239e-01    10.1828     2.4025     5.3542     82.643 9.9375e-02    34.8926    27.6768  0.000e+00
      4.681   5.573315  1022.4378 1.6361e-01    10.2475     2.4025     5.3542     82.643 9.9065e-02    34.8908    27.6772  0.000e+00
      4.681   5.573155  1022.4368 1.6606e-01    10.0534     2.4025     5.3582     82.703 9.9065e-02    34.8895    27.6774  0.000e+00
      4.591   5.573184  1022.4367 1.6606e-01    10.2475     2.3720     5.3582     82.704 9.9375e-02    34.8899    27.6772  0.000e+00
      4.624   5.573549  1022.4393 1.6606e-01    10.1828     2.3720     5.3543     82.644 9.9065e-02    34.8928    27.6767  0.000e+00
      4.648   5.573798  1022.4410 1.6361e-01    10.2475     2.3720     5.3582     82.704 9.9375e-02    34.8949    27.6763  0.000e+00
      4.624   5.573878  1022.4413 1.6239e-01    10.4416     2.3720     5.3584     82.708 9.9065e-02    34.8954    27.6763  0.000e+00
      4.591   5.573864  1022.4413 1.6117e-01    10.8946     2.3720     5.3586     82.711 9.9375e-02    34.8955    27.6760  0.000e+00
      4.558   5.573952  1022.4416 1.6117e-01    11.0888     2.3720     5.3588     82.715 9.9375e-02    34.8961    27.6761  0.000e+00
      4.591   5.573922  1022.4417 1.5873e-01    11.0888     2.3720     5.3593     82.721 9.9065e-02    34.8960    27.6759  0.000e+00
      4.558   5.574025  1022.4426 1.5629e-01    11.0888     2.3720     5.3637     82.789 9.9065e-02    34.8972    27.6754  0.000e+00
      4.591   5.574317  1022.4443 1.5507e-01    10.9594     2.3720     5.3560     82.672 9.9065e-02    34.8992    27.6754  0.000e+00
      4.500   5.574368  1022.4444 1.5263e-01    11.0241     2.3720     5.3599     82.732 9.9375e-02    34.8997    27.6752  0.000e+00
      4.591   5.574222  1022.4437 1.5140e-01    11.0888     2.3720     5.3602     82.735 9.9375e-02    34.8984    27.6756  0.000e+00
      4.500   5.574068  1022.4423 1.5140e-01    11.0241     2.3720     5.3603     82.737 9.9065e-02    34.8972    27.6757  0.000e+00
      4.500   5.573930  1022.4414 1.5263e-01    11.1535     2.3720     5.3604     82.739 9.9375e-02    34.8961    27.6759  0.000e+00
      4.525   5.573959  1022.4419 1.5385e-01    11.0888     2.3720     5.3607     82.744 9.9065e-02    34.8965    27.6757  0.000e+00
      4.500   5.573988  1022.4419 1.5629e-01    11.0888     2.3720     5.3648     82.807 9.9375e-02    34.8967    27.6757  0.000e+00
      4.525   5.574017  1022.4420 1.5751e-01    11.0241     2.3720     5.3613     82.753 9.9375e-02    34.8967    27.6759  0.000e+00
      4.500   5.574098  1022.4426 1.5873e-01    10.1828     2.3720     5.3573     82.692 9.9375e-02    34.8975    27.6757  0.000e+00
      4.467   5.574090  1022.4421 1.5873e-01     9.6651     2.3720     5.3612     82.751 9.9375e-02    34.8972    27.6759  0.000e+00
      4.500   5.574076  1022.4424 1.5751e-01     9.6004     2.3720     5.3612     82.752 9.9375e-02    34.8973    27.6757  0.000e+00
      4.467   5.574105  1022.4422 1.5507e-01     9.6651     2.3720     5.3572     82.690 9.9065e-02    34.8974    27.6759  0.000e+00
      4.558   5.574090  1022.4425 1.5385e-01     9.5357     2.3720     5.3613     82.753 9.9375e-02    34.8972    27.6759  0.000e+00
      4.467   5.574112  1022.4422 1.5507e-01     9.6651     2.3720     5.3615     82.756 9.9375e-02    34.8974    27.6759  0.000e+00
      4.500   5.574295  1022.4437 1.5629e-01     9.6651     2.3720     5.3617     82.759 9.9065e-02    34.8990    27.6756  0.000e+00
      4.434   5.574354  1022.4439 1.5751e-01     9.6651     2.3720     5.3616     82.758 9.9375e-02    34.8995    27.6754  0.000e+00
      4.525   5.574485  1022.4450 1.5629e-01     9.6651     2.3720     5.3576     82.697 9.9375e-02    34.9004    27.6754  0.000e+00
      4.500   5.574734  1022.4463 1.5751e-01     9.6651     2.3720     5.3573     82.693 9.9375e-02    34.9023    27.6752  0.000e+00
      4.525   5.574807  1022.4472 1.6117e-01     9.6651     2.2804     5.3571     82.690 9.9065e-02    34.9031    27.6748  0.000e+00
      4.500   5.574741  1022.4466 1.6117e-01     9.6651     2.1278     5.3569     82.686 9.9375e-02    34.9025    27.6750  0.000e+00
      4.525   5.574690  1022.4465 1.5995e-01     9.4710     2.1278     5.3564     82.679 9.9065e-02    34.9023    27.6748  0.000e+00
      4.500   5.574675  1022.4463 1.5751e-01     9.5357     2.1278     5.3601     82.736 9.9375e-02    34.9021    27.6749  0.000e+00
      4.525   5.574844  1022.4477 1.5873e-01     9.5357     2.1278     5.3559     82.670 9.9375e-02    34.9037    27.6744  0.000e+00
      4.558   5.575034  1022.4488 1.5995e-01     9.5357     2.1278     5.3595     82.727 9.9065e-02    34.9050    27.6744  0.000e+00
