WS23139_STN08_07CTD.cnv
* Sea-Bird SBE 9 Data File:
* FileName = C:\ctd\Cruise_Data\WS23139_Rosenheim\WS23139_Rosenheim_STN08.hex
* Software Version Seasave V 7.26.7.121
* Temperature SN = 4097 MTG 177
* Conductivity SN = 1851 MTG 053
* Number of Bytes Per Scan = 40
* Number of Voltage Words = 5
* Number of Scans Averaged by the Deck Unit = 1
* NMEA Latitude = 03 13.32 N
* NMEA Longitude = 050 25.69 W
* NMEA UTC (Time) = Jun 10 2023 15:20:13
** Ship:
** Station:
** Operator:
# nquan = 12
# nvalues = 15751                                 
# units = specified
# name 0 = depSM: Depth [salt water, m]
# name 1 = c0S/m: Conductivity [S/m]
# name 2 = density00: Density [density, kg/m^3]
# name 3 = flSP: Fluorescence, Seapoint
# name 4 = wetCDOM: Fluorescence, WET Labs CDOM [mg/m^3]
# name 5 = flECO-AFL: Fluorescence, WET Labs ECO-AFL/FL [mg/m^3]
# name 6 = sbeox0Mg/L: Oxygen, SBE 43 [mg/l]
# name 7 = sbeox0PS: Oxygen, SBE 43 [% saturation]
# name 8 = par: PAR/Irradiance, Biospherical/Licor [Watts/m^2]
# name 9 = sal00: Salinity, Practical [PSU]
# name 10 = t090C: Temperature [ITS-90, deg C]
# name 11 = flag:  0.000e+00
# span 0 =      1.873,     19.191                 
# span 1 =   3.618110,   5.193208                 
# span 2 =  1011.8667,  1021.2783                 
# span 3 = 2.4420e-03, 1.5751e-01                 
# span 4 =    -0.6890,   264.3110                 
# span 5 =     0.4184,     2.0667                 
# span 6 =     3.2059,     5.8452                 
# span 7 =     48.127,     86.359                 
# span 8 = 9.8755e-02, 4.8954e+03                 
# span 9 =    21.1662,    32.8929                 
# span 10 =    26.7189,    28.6166                
# span 11 = 0.0000e+00, 0.0000e+00                
# interval = seconds: 0.0416667
# start_time = Jun 10 2023 15:20:13 [NMEA time, header]
# bad_flag = -9.990e-29
*END*
[from data line 4091]
     17.302   5.170300  1021.1392 1.2088e-01    26.2963     1.6089     3.3209     49.866 9.9375e-02    32.7018    26.7580  0.000e+00
     17.360   5.170243  1021.1391 1.2088e-01    26.2963     1.6089     3.3207     49.863 9.9375e-02    32.7014    26.7580  0.000e+00
     17.426   5.170088  1021.1386 1.2210e-01    26.2963     1.6089     3.3208     49.864 9.9375e-02    32.7003    26.7580  0.000e+00
     17.360   5.169967  1021.1375 1.2210e-01    26.2963     1.6089     3.3208     49.864 9.9065e-02    32.6993    26.7582  0.000e+00
     17.343   5.169960  1021.1372 1.2210e-01    26.2963     1.6089     3.3164     49.799 9.9065e-02    32.6991    26.7584  0.000e+00
     17.360   5.169946  1021.1372 1.2210e-01    26.3611     1.6089     3.3161     49.794 9.9065e-02    32.6990    26.7583  0.000e+00
     17.302   5.169974  1021.1371 1.2210e-01    26.4258     1.6089     3.3200     49.853 9.9375e-02    32.6993    26.7583  0.000e+00
     17.360   5.169953  1021.1372 1.2210e-01    26.4905     1.6089     3.3160     49.793 9.9065e-02    32.6991    26.7584  0.000e+00
     17.344   5.169847  1021.1365 1.2210e-01    26.4258     1.6089     3.3160     49.792 9.9065e-02    32.6982    26.7585  0.000e+00
     17.302   5.169783  1021.1361 1.2332e-01    26.4258     1.6089     3.3239     49.911 9.9375e-02    32.6979    26.7583  0.000e+00
     17.360   5.169833  1021.1366 1.2332e-01    26.4905     1.6089     3.3202     49.855 9.9375e-02    32.6982    26.7584  0.000e+00
     17.302   5.169918  1021.1370 1.2332e-01    26.4258     1.6089     3.3203     49.857 9.9065e-02    32.6990    26.7582  0.000e+00
     17.302   5.169960  1021.1371 1.2210e-01    26.4258     1.6089     3.3164     49.798 9.9065e-02    32.6992    26.7583  0.000e+00
     17.344   5.169981  1021.1375 1.2332e-01    26.2963     1.6089     3.3203     49.857 9.9375e-02    32.6994    26.7582  0.000e+00
     17.360   5.169925  1021.1373 1.2332e-01    26.4258     1.6089     3.3205     49.860 9.9375e-02    32.6990    26.7582  0.000e+00
     17.302   5.169896  1021.1369 1.2332e-01    26.4258     1.6089     3.3207     49.863 9.9065e-02    32.6988    26.7582  0.000e+00
     17.360   5.169960  1021.1376 1.2332e-01    26.4258     1.6089     3.3251     49.929 9.9065e-02    32.6994    26.7580  0.000e+00
     17.344   5.170017  1021.1377 1.2210e-01    26.2963     1.6089     3.3215     49.875 9.9065e-02    32.6997    26.7582  0.000e+00
     17.302   5.170059  1021.1379 1.2210e-01    26.1022     1.6089     3.3215     49.875 9.9065e-02    32.7001    26.7580  0.000e+00
     17.302   5.170137  1021.1385 1.2210e-01    26.0375     1.6089     3.3216     49.877 9.9065e-02    32.7008    26.7578  0.000e+00
     17.360   5.170243  1021.1391 1.2210e-01    26.0375     1.6089     3.3260     49.943 9.9375e-02    32.7014    26.7580  0.000e+00
     17.344   5.170343  1021.1397 1.2210e-01    26.0375     1.5783     3.3222     49.886 9.9065e-02    32.7022    26.7578  0.000e+00
     17.360   5.170243  1021.1391 1.2210e-01    26.0375     1.5478     3.3264     49.949 9.9065e-02    32.7014    26.7580  0.000e+00
     17.360   5.170073  1021.1381 1.2210e-01    26.0375     1.5478     3.3270     49.957 9.9065e-02    32.7001    26.7582  0.000e+00
     17.360   5.169868  1021.1368 1.2210e-01    26.0375     1.5478     3.3232     49.900 9.9065e-02    32.6985    26.7584  0.000e+00
     17.360   5.169719  1021.1359 1.2210e-01    26.0375     1.5478     3.3235     49.905 9.9375e-02    32.6973    26.7585  0.000e+00
     17.401   5.169712  1021.1360 1.2210e-01    26.0375     1.5478     3.3237     49.908 9.9065e-02    32.6972    26.7585  0.000e+00
     17.360   5.169719  1021.1360 1.2210e-01    26.0375     1.5478     3.3279     49.971 9.9065e-02    32.6974    26.7584  0.000e+00
     17.426   5.169719  1021.1361 1.2210e-01    26.0375     1.5478     3.3283     49.977 9.9375e-02    32.6973    26.7585  0.000e+00
     17.426   5.169755  1021.1363 1.2210e-01    26.0375     1.5478     3.3287     49.982 9.9065e-02    32.6975    26.7585  0.000e+00
     17.401   5.169741  1021.1361 1.2210e-01    26.1022     1.5478     3.3290     49.988 9.9375e-02    32.6974    26.7585  0.000e+00
     17.426   5.169726  1021.1365 1.2210e-01    26.1022     1.5478     3.3253     49.931 9.9375e-02    32.6976    26.7582  0.000e+00
     17.426   5.169698  1021.1360 1.2210e-01    26.1669     1.5478     3.3252     49.930 9.9375e-02    32.6971    26.7585  0.000e+00
     17.426   5.169684  1021.1359 1.2332e-01    26.1022     1.5478     3.3254     49.932 9.9065e-02    32.6970    26.7585  0.000e+00
     17.525   5.169684  1021.1365 1.2332e-01    26.1022     1.5478     3.3253     49.932 9.9065e-02    32.6971    26.7583  0.000e+00
     17.484   5.169684  1021.1360 1.2332e-01    26.1022     1.5478     3.3296     49.996 9.9065e-02    32.6969    26.7587  0.000e+00
     17.426   5.169641  1021.1357 1.2210e-01    26.1022     1.5478     3.3300     50.001 9.9065e-02    32.6967    26.7585  0.000e+00
     17.541   5.169634  1021.1360 1.2210e-01    26.1022     1.5478     3.3301     50.004 9.9375e-02    32.6965    26.7587  0.000e+00
     17.484   5.169613  1021.1357 1.2332e-01    26.1022     1.5478     3.3264     49.948 9.9065e-02    32.6964    26.7587  0.000e+00
     17.525   5.169599  1021.1357 1.2332e-01    26.1022     1.5478     3.3263     49.947 9.9065e-02    32.6963    26.7587  0.000e+00
     17.541   5.169599  1021.1358 1.2210e-01    26.1022     1.5478     3.3263     49.946 9.9065e-02    32.6963    26.7587  0.000e+00
     17.541   5.169571  1021.1355 1.2210e-01    26.1022     1.5478     3.3262     49.945 9.9065e-02    32.6959    26.7589  0.000e+00
     17.541   5.169585  1021.1357 1.2210e-01    26.2316     1.5478     3.3264     49.948 9.9375e-02    32.6961    26.7587  0.000e+00
     17.591   5.169599  1021.1360 1.2332e-01    26.2316     1.5478     3.3263     49.947 9.9065e-02    32.6963    26.7587  0.000e+00
     17.541   5.169620  1021.1359 1.2210e-01    26.2963     1.5478     3.3263     49.946 9.9065e-02    32.6964    26.7587  0.000e+00
     17.541   5.169634  1021.1361 1.2210e-01    26.2963     1.5478     3.3262     49.945 9.9065e-02    32.6966    26.7585  0.000e+00
     17.665   5.169642  1021.1366 1.2088e-01    26.2963     1.5478     3.3260     49.942 9.9375e-02    32.6965    26.7587  0.000e+00
     17.607   5.169642  1021.1365 1.2088e-01    26.2963     1.5478     3.3259     49.941 9.9065e-02    32.6967    26.7585  0.000e+00
     17.591   5.169670  1021.1364 1.2088e-01    26.2316     1.5173     3.3258     49.939 9.9375e-02    32.6967    26.7587  0.000e+00
     17.607   5.169684  1021.1365 1.2088e-01    26.2963     1.5173     3.3258     49.939 9.9375e-02    32.6969    26.7587  0.000e+00
     17.665   5.169748  1021.1372 1.2088e-01    26.2963     1.5173     3.3216     49.876 9.9065e-02    32.6974    26.7585  0.000e+00
     17.607   5.169769  1021.1372 1.2088e-01    26.2963     1.5173     3.3213     49.872 9.9065e-02    32.6976    26.7585  0.000e+00
     17.649   5.169854  1021.1376 1.2210e-01    26.3611     1.5173     3.3169     49.806 9.9065e-02    32.6981    26.7587  0.000e+00
     17.607   5.169889  1021.1378 1.2210e-01    26.2963     1.5173     3.3204     49.858 9.9375e-02    32.6984    26.7585  0.000e+00
     17.665   5.169897  1021.1382 1.2210e-01    26.2316     1.5173     3.3199     49.851 9.9065e-02    32.6986    26.7583  0.000e+00
     17.665   5.169897  1021.1381 1.2454e-01    26.1022     1.5173     3.3156     49.786 9.9065e-02    32.6985    26.7585  0.000e+00
     17.665   5.169868  1021.1379 1.2454e-01    26.1022     1.5173     3.3149     49.776 9.9065e-02    32.6982    26.7585  0.000e+00
     17.649   5.169882  1021.1379 1.2454e-01    26.1022     1.5478     3.3184     49.828 9.9065e-02    32.6984    26.7585  0.000e+00
     17.607   5.169897  1021.1378 1.2332e-01    26.1022     1.5478     3.3142     49.766 9.9375e-02    32.6985    26.7585  0.000e+00
     17.665   5.169897  1021.1382 1.2332e-01    26.0375     1.5478     3.3139     49.760 9.9065e-02    32.6986    26.7584  0.000e+00
     17.665   5.169982  1021.1385 1.2332e-01    26.1022     1.5478     3.3135     49.755 9.9375e-02    32.6991    26.7585  0.000e+00
     17.649   5.170052  1021.1391 1.2332e-01    26.1022     1.5173     3.3170     49.807 9.9065e-02    32.6998    26.7582  0.000e+00
     17.665   5.170265  1021.1406 1.2332e-01    26.1022     1.5173     3.3168     49.805 9.9065e-02    32.7016    26.7578  0.000e+00
     17.665   5.170484  1021.1418 1.2332e-01    26.2316     1.5173     3.3167     49.803 9.9065e-02    32.7032    26.7578  0.000e+00
     17.607   5.170668  1021.1429 1.2332e-01    26.1022     1.5478     3.3124     49.739 9.9065e-02    32.7047    26.7574  0.000e+00
     17.665   5.170810  1021.1442 1.2332e-01    26.2316     1.5173     3.3123     49.738 9.9375e-02    32.7060    26.7571  0.000e+00
     17.649   5.170874  1021.1443 1.2332e-01    26.1022     1.5173     3.3120     49.733 9.9065e-02    32.7063    26.7572  0.000e+00
     17.607   5.170994  1021.1449 1.2332e-01    25.9728     1.5478     3.3158     49.790 9.9375e-02    32.7073    26.7571  0.000e+00
     17.665   5.170994  1021.1453 1.2332e-01    25.9081     1.5173     3.3157     49.790 9.9065e-02    32.7074    26.7569  0.000e+00
     17.607   5.171037  1021.1453 1.2332e-01    25.9728     1.5173     3.3159     49.792 9.9065e-02    32.7077    26.7569  0.000e+00
     17.591   5.171058  1021.1453 1.2332e-01    25.8434     1.5173     3.3158     49.791 9.9065e-02    32.7079    26.7569  0.000e+00
     17.607   5.171086  1021.1459 1.2332e-01    25.8434     1.5173     3.3161     49.794 9.9375e-02    32.7083    26.7565  0.000e+00
     17.607   5.171129  1021.1460 1.2332e-01    25.9081     1.5173     3.3163     49.798 9.9375e-02    32.7085    26.7567  0.000e+00
     17.607   5.171129  1021.1464 1.2454e-01    25.9081     1.5173     3.3163     49.798 9.9065e-02    32.7089    26.7561  0.000e+00
     17.607   5.171108  1021.1461 1.2454e-01    25.9081     1.5173     3.3163     49.798 9.9065e-02    32.7086    26.7563  0.000e+00
     17.591   5.171129  1021.1463 1.2454e-01    25.9081     1.5173     3.3204     49.860 9.9065e-02    32.7089    26.7561  0.000e+00
     17.607   5.171115  1021.1462 1.2454e-01    25.9081     1.5173     3.3168     49.805 9.9065e-02    32.7087    26.7563  0.000e+00
     17.607   5.171072  1021.1460 1.2332e-01    25.9081     1.5173     3.3212     49.871 9.9375e-02    32.7084    26.7563  0.000e+00
     17.542   5.171086  1021.1458 1.2332e-01    25.9081     1.5173     3.3175     49.816 9.9065e-02    32.7085    26.7563  0.000e+00
     17.591   5.171037  1021.1455 1.2210e-01    25.9728     1.5173     3.3220     49.883 9.9375e-02    32.7080    26.7565  0.000e+00
     17.484   5.171058  1021.1452 1.2210e-01    26.0375     1.5478     3.3222     49.887 9.9375e-02    32.7082    26.7565  0.000e+00
     17.541   5.171037  1021.1453 1.2210e-01    26.0375     1.5173     3.3225     49.891 9.9065e-02    32.7080    26.7565  0.000e+00
     17.541   5.171015  1021.1452 1.2210e-01    26.0375     1.5173     3.3228     49.896 9.9375e-02    32.7078    26.7565  0.000e+00
     17.542   5.170987  1021.1451 1.2332e-01    26.0375     1.5173     3.3231     49.900 9.9375e-02    32.7077    26.7565  0.000e+00
     17.525   5.171001  1021.1451 1.2332e-01    26.0375     1.5173     3.3236     49.908 9.9065e-02    32.7078    26.7565  0.000e+00
     17.484   5.171015  1021.1448 1.2332e-01    26.1022     1.5478     3.3241     49.915 9.9375e-02    32.7077    26.7567  0.000e+00
     17.484   5.171001  1021.1449 1.2332e-01    26.0375     1.5173     3.3247     49.923 9.9065e-02    32.7078    26.7565  0.000e+00
     17.484   5.171008  1021.1449 1.2332e-01    26.0375     1.5173     3.3250     49.928 9.9375e-02    32.7078    26.7565  0.000e+00
     17.467   5.171044  1021.1449 1.2210e-01    26.0375     1.5478     3.3294     49.995 9.9375e-02    32.7080    26.7567  0.000e+00
     17.484   5.171030  1021.1451 1.2332e-01    26.0375     1.5478     3.3299     50.003 9.9375e-02    32.7080    26.7565  0.000e+00
     17.484   5.171015  1021.1450 1.2332e-01    26.0375     1.5173     3.3263     49.949 9.9375e-02    32.7079    26.7565  0.000e+00
     17.426   5.171044  1021.1449 1.2332e-01    25.9728     1.5173     3.3266     49.953 9.9065e-02    32.7081    26.7565  0.000e+00
     17.467   5.171122  1021.1456 1.2454e-01    25.4551     1.5173     3.3269     49.958 9.9065e-02    32.7088    26.7563  0.000e+00
     17.426   5.171192  1021.1460 1.2576e-01    25.1962     1.5173     3.3272     49.962 9.9375e-02    32.7094    26.7561  0.000e+00
     17.426   5.171256  1021.1463 1.2576e-01    25.1962     1.5173     3.3316     50.028 9.9375e-02    32.7099    26.7561  0.000e+00
     17.426   5.171334  1021.1471 1.2454e-01    25.1962     1.5478     3.3321     50.036 9.9065e-02    32.7107    26.7558  0.000e+00
     17.426   5.171362  1021.1472 1.2454e-01    25.1962     1.5173     3.3326     50.044 9.9065e-02    32.7109    26.7558  0.000e+00
     17.344   5.171334  1021.1467 1.2454e-01    25.1962     1.5173     3.3331     50.050 9.9375e-02    32.7107    26.7558  0.000e+00
     17.426   5.171384  1021.1473 1.2454e-01    25.1962     1.5173     3.3295     49.996 9.9065e-02    32.7110    26.7558  0.000e+00
     17.360   5.171511  1021.1480 1.2332e-01    25.1962     1.5173     3.3336     50.058 9.9375e-02    32.7122    26.7554  0.000e+00
     17.360   5.171695  1021.1490 1.2332e-01    25.1962     1.5173     3.3338     50.062 9.9375e-02    32.7135    26.7554  0.000e+00
     17.401   5.171773  1021.1499 1.2332e-01    25.2609     1.5173     3.3339     50.062 9.9375e-02    32.7143    26.7551  0.000e+00
     17.302   5.171816  1021.1497 1.2332e-01    25.1962     1.5173     3.3340     50.065 9.9375e-02    32.7146    26.7551  0.000e+00
     17.360   5.171766  1021.1496 1.2332e-01    25.1962     1.5173     3.3342     50.068 9.9375e-02    32.7141    26.7552  0.000e+00
     17.360   5.171716  1021.1495 1.2210e-01    25.1962     1.5173     3.3342     50.067 9.9065e-02    32.7139    26.7551  0.000e+00
     17.302   5.171660  1021.1488 1.2210e-01    25.1315     1.5173     3.3341     50.065 9.9065e-02    32.7134    26.7552  0.000e+00
     17.344   5.171596  1021.1484 1.2210e-01    25.1315     1.5478     3.3342     50.067 9.9375e-02    32.7128    26.7554  0.000e+00
     17.302   5.171546  1021.1480 1.2332e-01    25.1315     1.5173     3.3340     50.065 9.9065e-02    32.7125    26.7554  0.000e+00
     17.302   5.171469  1021.1476 1.2454e-01    25.1315     1.5173     3.3380     50.124 9.9375e-02    32.7119    26.7554  0.000e+00
     17.302   5.171447  1021.1475 1.2454e-01    25.1315     1.5173     3.3339     50.062 9.9065e-02    32.7118    26.7554  0.000e+00
     17.286   5.171447  1021.1474 1.2454e-01    25.1315     1.5173     3.3339     50.062 9.9065e-02    32.7118    26.7554  0.000e+00
     17.302   5.171525  1021.1479 1.2454e-01    25.1315     1.5173     3.3380     50.124 9.9065e-02    32.7123    26.7554  0.000e+00
     17.302   5.171568  1021.1481 1.2454e-01    25.1315     1.5478     3.3340     50.065 9.9375e-02    32.7126    26.7554  0.000e+00
     17.302   5.171639  1021.1485 1.2454e-01    25.1315     1.5173     3.3337     50.060 9.9065e-02    32.7131    26.7554  0.000e+00
     17.286   5.171660  1021.1487 1.2454e-01    25.1315     1.5173     3.3334     50.056 9.9375e-02    32.7134    26.7552  0.000e+00
     17.236   5.171723  1021.1488 1.2454e-01    25.1315     1.5173     3.3331     50.050 9.9065e-02    32.7139    26.7552  0.000e+00
     17.302   5.171745  1021.1492 1.2332e-01    25.1962     1.5173     3.3371     50.110 9.9065e-02    32.7140    26.7552  0.000e+00
     17.236   5.171823  1021.1494 1.2210e-01    25.1962     1.5173     3.3371     50.111 9.9375e-02    32.7146    26.7552  0.000e+00
     17.302   5.172028  1021.1509 1.2332e-01    25.1962     1.5173     3.3330     50.049 9.9375e-02    32.7161    26.7551  0.000e+00
