WS23139_STN06_05CTD.cnv
* Sea-Bird SBE 9 Data File:
* FileName = C:\ctd\Cruise_Data\WS23139_Rosenheim\WS23139_Rosenheim_STN06.hex
* Software Version Seasave V 7.26.7.121
* Temperature SN = 4097 MTG 177
* Conductivity SN = 1851 MTG 053
* Number of Bytes Per Scan = 40
* Number of Voltage Words = 5
* Number of Scans Averaged by the Deck Unit = 1
* NMEA Latitude = 01 11.54 N
* NMEA Longitude = 049 05.96 W
* NMEA UTC (Time) = Jun 09 2023 11:01:04
** Ship:
** Station:
** Operator:
# nquan = 12
# nvalues = 9516                                  
# units = specified
# name 0 = depSM: Depth [salt water, m]
# name 1 = c0S/m: Conductivity [S/m]
# name 2 = density00: Density [density, kg/m^3]
# name 3 = flSP: Fluorescence, Seapoint
# name 4 = wetCDOM: Fluorescence, WET Labs CDOM [mg/m^3]
# name 5 = flECO-AFL: Fluorescence, WET Labs ECO-AFL/FL [mg/m^3]
# name 6 = sbeox0Mg/L: Oxygen, SBE 43 [mg/l]
# name 7 = sbeox0PS: Oxygen, SBE 43 [% saturation]
# name 8 = par: PAR/Irradiance, Biospherical/Licor [Watts/m^2]
# name 9 = sal00: Salinity, Practical [PSU]
# name 10 = t090C: Temperature [ITS-90, deg C]
# name 11 = flag:  0.000e+00
# span 0 =      1.722,      7.469                 
# span 1 =   0.683305,   1.318811                 
# span 2 =   998.5330,  1001.1100                 
# span 3 = 2.0757e-02, 1.5018e-01                 
# span 4 =     4.2292,    26.4258                 
# span 5 =     0.8152,     2.0362                 
# span 6 =     3.7744,     6.4326                 
# span 7 =     50.415,     86.286                 
# span 8 = 9.8755e-02, 5.0350e+03                 
# span 9 =     3.4389,     6.9441                 
# span 10 =    28.8252,    29.1699                
# span 11 = 0.0000e+00, 0.0000e+00                
# interval = seconds: 0.0416667
# start_time = Jun 09 2023 11:01:04 [NMEA time, header]
# bad_flag = -9.990e-29
*END*
[from data line 4331]
      6.602   1.013613   999.8563 1.3553e-01    25.7139     1.9446     5.2403     70.253 9.9065e-02     5.2358    29.1007  0.000e+00
      6.569   1.013334   999.8547 1.3553e-01    25.9728     1.9446     5.2310     70.129 9.9065e-02     5.2342    29.1016  0.000e+00
      6.602   1.013036   999.8534 1.3431e-01    25.9081     1.9446     5.2218     70.006 9.9065e-02     5.2324    29.1021  0.000e+00
      6.569   1.012455   999.8506 1.3553e-01    25.9081     1.9446     5.2127     69.883 9.9065e-02     5.2291    29.1028  0.000e+00
      6.602   1.011798   999.8474 1.3553e-01    25.9081     1.9446     5.2037     69.762 9.9065e-02     5.2253    29.1045  0.000e+00
      6.569   1.011342   999.8447 1.3553e-01    25.8434     1.9446     5.1946     69.642 9.9065e-02     5.2226    29.1062  0.000e+00
      6.602   1.011169   999.8438 1.3553e-01    25.7786     1.9446     5.1856     69.522 9.9065e-02     5.2215    29.1070  0.000e+00
      6.569   1.011040   999.8429 1.3553e-01    25.9081     1.8836     5.1811     69.462 9.9065e-02     5.2208    29.1076  0.000e+00
      6.569   1.010838   999.8417 1.3553e-01    25.8434     1.8531     5.1721     69.342 9.9065e-02     5.2195    29.1086  0.000e+00
      6.602   1.010697   999.8409 1.3553e-01    25.9081     1.8531     5.1588     69.164 9.9065e-02     5.2186    29.1096  0.000e+00
      6.569   1.010669   999.8404 1.3553e-01    25.8434     1.8531     5.1546     69.109 9.9065e-02     5.2184    29.1102  0.000e+00
      6.602   1.010741   999.8406 1.3553e-01    25.8434     1.8531     5.1461     68.996 9.9065e-02     5.2187    29.1110  0.000e+00
      6.569   1.010826   999.8403 1.3553e-01    26.0375     1.8531     5.1373     68.879 9.9065e-02     5.2191    29.1123  0.000e+00
      6.602   1.010890   999.8405 1.3553e-01    25.9728     1.8531     5.1286     68.764 9.9065e-02     5.2194    29.1128  0.000e+00
      6.635   1.010895   999.8407 1.3553e-01    26.0375     1.8531     5.1247     68.711 9.9065e-02     5.2194    29.1128  0.000e+00
      6.602   1.010854   999.8403 1.3553e-01    25.9728     1.8531     5.1164     68.600 9.9065e-02     5.2192    29.1128  0.000e+00
      6.635   1.010846   999.8407 1.3553e-01    26.0375     1.8531     5.1129     68.552 9.9065e-02     5.2192    29.1122  0.000e+00
      6.668   1.010899   999.8412 1.3553e-01    25.9728     1.8531     5.1051     68.447 9.9065e-02     5.2195    29.1119  0.000e+00
      6.635   1.010919   999.8413 1.3553e-01    26.0375     1.8531     5.0973     68.343 9.9065e-02     5.2197    29.1113  0.000e+00
      6.602   1.010943   999.8413 1.3553e-01    26.0375     1.8531     5.0945     68.305 9.9065e-02     5.2198    29.1111  0.000e+00
      6.692   1.010987   999.8420 1.3553e-01    26.0375     1.8531     5.0919     68.270 9.9065e-02     5.2201    29.1110  0.000e+00
      6.667   1.011108   999.8425 1.3675e-01    26.0375     1.8531     5.0850     68.177 9.9065e-02     5.2208    29.1108  0.000e+00
      6.692   1.011290   999.8436 1.3675e-01    26.0375     1.8531     5.0827     68.146 9.9065e-02     5.2219    29.1100  0.000e+00
      6.634   1.011556   999.8447 1.3675e-01    26.0375     1.8531     5.0761     68.057 9.9065e-02     5.2234    29.1095  0.000e+00
      6.725   1.011947   999.8469 1.3675e-01    26.1022     1.8531     5.0695     67.970 9.9065e-02     5.2256    29.1089  0.000e+00
      6.692   1.012479   999.8491 1.3675e-01    26.2316     1.8531     5.0631     67.884 9.9065e-02     5.2286    29.1086  0.000e+00
      6.725   1.013056   999.8516 1.3675e-01    26.2963     1.8531     5.0614     67.862 9.9065e-02     5.2319    29.1085  0.000e+00
      6.758   1.013483   999.8537 1.3675e-01    26.2963     1.8531     5.0556     67.786 9.9065e-02     5.2343    29.1082  0.000e+00
      6.725   1.013649   999.8543 1.3919e-01    26.2963     1.8531     5.0545     67.770 9.9065e-02     5.2352    29.1080  0.000e+00
      6.758   1.013863   999.8553 1.3797e-01    26.2963     1.8531     5.0535     67.758 9.9065e-02     5.2364    29.1079  0.000e+00
      6.725   1.014387   999.8574 1.3919e-01    26.2316     1.8531     5.0482     67.687 9.9065e-02     5.2393    29.1078  0.000e+00
      6.816   1.015243   999.8613 1.3797e-01    26.2963     1.8531     5.0474     67.679 9.9065e-02     5.2441    29.1080  0.000e+00
      6.791   1.016151   999.8649 1.3797e-01    26.2316     1.8531     5.0379     67.553 9.9375e-02     5.2491    29.1079  0.000e+00
      6.816   1.016567   999.8669 1.3797e-01    26.2963     1.8836     5.0330     67.487 9.9065e-02     5.2514    29.1076  0.000e+00
      6.791   1.017245   999.8699 1.3675e-01    26.2316     1.9752     5.0280     67.422 9.9065e-02     5.2553    29.1069  0.000e+00
      6.816   1.018343   999.8748 1.3797e-01    26.2963     1.9752     5.0277     67.419 9.9065e-02     5.2615    29.1061  0.000e+00
      6.816   1.019551   999.8801 1.3797e-01    26.0375     1.9752     5.0183     67.294 9.9065e-02     5.2683    29.1053  0.000e+00
      6.849   1.020230   999.8834 1.3797e-01    25.0021     1.9752     5.0180     67.290 9.9065e-02     5.2721    29.1045  0.000e+00
      6.873   1.020492   999.8852 1.3919e-01    24.6138     1.9752     5.0089     67.168 9.9065e-02     5.2738    29.1030  0.000e+00
      6.849   1.020642   999.8861 1.3797e-01    24.6138     1.9752     5.0043     67.104 9.9065e-02     5.2747    29.1017  0.000e+00
      6.873   1.020650   999.8869 1.3797e-01    24.6138     1.9752     4.9996     67.040 9.9065e-02     5.2750    29.1001  0.000e+00
      6.849   1.020505   999.8868 1.3797e-01    24.6785     1.9752     4.9907     66.918 9.9065e-02     5.2743    29.0985  0.000e+00
      6.873   1.020319   999.8870 1.3797e-01    24.6138     1.9752     4.9863     66.857 9.9065e-02     5.2735    29.0964  0.000e+00
      6.906   1.020052   999.8868 1.3797e-01    24.6138     1.9752     4.9863     66.854 9.9065e-02     5.2723    29.0942  0.000e+00
      6.873   1.019701   999.8860 1.3797e-01    24.6785     1.9752     4.9818     66.790 9.9065e-02     5.2705    29.0920  0.000e+00
      6.906   1.019010   999.8841 1.3919e-01    24.6785     1.9752     4.9774     66.728 9.9065e-02     5.2669    29.0899  0.000e+00
      6.939   1.018129   999.8816 1.3919e-01    24.6785     1.9752     4.9731     66.665 9.9065e-02     5.2623    29.0874  0.000e+00
      6.906   1.017330   999.8792 1.3919e-01    24.6785     1.9752     4.9640     66.539 9.9065e-02     5.2582    29.0846  0.000e+00
      6.939   1.016611   999.8774 1.3919e-01    24.6785     1.9752     4.9638     66.532 9.9065e-02     5.2544    29.0820  0.000e+00
      6.939   1.016038   999.8760 1.3797e-01    24.7432     1.9752     4.9548     66.407 9.9065e-02     5.2515    29.0794  0.000e+00
      6.906   1.015844   999.8760 1.3797e-01    24.8727     1.9752     4.9546     66.400 9.9065e-02     5.2507    29.0768  0.000e+00
      6.939   1.015759   999.8764 1.3797e-01    24.8727     1.9752     4.9498     66.335 9.9065e-02     5.2504    29.0754  0.000e+00
      6.972   1.015687   999.8771 1.3797e-01    24.8727     1.9752     4.9450     66.268 9.9065e-02     5.2503    29.0731  0.000e+00
      6.939   1.015574   999.8769 1.3919e-01    24.8727     1.9752     4.9446     66.261 9.9065e-02     5.2498    29.0720  0.000e+00
      6.972   1.015424   999.8770 1.3919e-01    24.8079     1.9752     4.9353     66.134 9.9065e-02     5.2491    29.0705  0.000e+00
      6.873   1.015376   999.8767 1.3919e-01    24.8727     1.9752     4.9347     66.124 9.9065e-02     5.2489    29.0694  0.000e+00
      6.972   1.015303   999.8774 1.3919e-01    24.8727     1.9752     4.9345     66.121 9.9065e-02     5.2487    29.0682  0.000e+00
      6.939   1.015150   999.8769 1.3919e-01    24.8727     1.9752     4.9344     66.118 9.9065e-02     5.2479    29.0672  0.000e+00
      6.906   1.015069   999.8769 1.3919e-01    24.8727     1.9752     4.9342     66.114 9.9065e-02     5.2476    29.0661  0.000e+00
      6.939   1.015077   999.8776 1.3919e-01    24.8727     1.9752     4.9344     66.115 9.9065e-02     5.2478    29.0648  0.000e+00
      6.939   1.015122   999.8779 1.3797e-01    24.8727     2.0362     4.9437     66.240 9.9065e-02     5.2481    29.0643  0.000e+00
      6.906   1.015166   999.8783 1.3797e-01    24.9374     2.0362     4.9444     66.248 9.9065e-02     5.2484    29.0633  0.000e+00
      6.939   1.015166   999.8786 1.3797e-01    25.1315     2.0362     4.9406     66.196 9.9065e-02     5.2485    29.0630  0.000e+00
      6.906   1.015041   999.8782 1.3797e-01    25.1315     2.0362     4.9460     66.267 9.9065e-02     5.2478    29.0622  0.000e+00
      6.939   1.014690   999.8770 1.3797e-01    25.1315     2.0362     4.9517     66.343 9.9065e-02     5.2459    29.0620  0.000e+00
      6.906   1.014258   999.8753 1.3797e-01    25.1315     2.0362     4.9533     66.363 9.9065e-02     5.2436    29.0615  0.000e+00
      6.873   1.013669   999.8728 1.3797e-01    25.0668     2.0362     4.9595     66.445 9.9065e-02     5.2403    29.0611  0.000e+00
      6.848   1.012879   999.8696 1.3797e-01    25.1315     2.0362     4.9706     66.591 9.9065e-02     5.2360    29.0606  0.000e+00
      6.939   1.012112   999.8672 1.3797e-01    25.1315     2.0362     4.9733     66.624 9.9065e-02     5.2318    29.0598  0.000e+00
      6.848   1.011443   999.8642 1.3675e-01    25.0668     2.0362     4.9806     66.720 9.9065e-02     5.2282    29.0593  0.000e+00
      6.873   1.010919   999.8624 1.3675e-01    25.0668     2.0362     4.9881     66.820 9.9065e-02     5.2253    29.0585  0.000e+00
      6.906   1.010609   999.8614 1.3797e-01    25.1315     2.0362     4.9960     66.925 9.9065e-02     5.2236    29.0582  0.000e+00
      6.815   1.010282   999.8597 1.3797e-01    25.0668     2.0362     4.9995     66.970 9.9065e-02     5.2218    29.0580  0.000e+00
      6.873   1.009819   999.8582 1.3797e-01    25.0668     2.0362     5.0075     67.076 9.9065e-02     5.2193    29.0576  0.000e+00
      6.791   1.009295   999.8559 1.3797e-01    25.1315     2.0362     5.0111     67.123 9.9065e-02     5.2165    29.0571  0.000e+00
      6.873   1.008851   999.8544 1.3675e-01    25.1962     2.0362     5.0194     67.233 9.9065e-02     5.2140    29.0570  0.000e+00
      6.848   1.008420   999.8527 1.3675e-01    25.1962     2.0362     5.0325     67.406 9.9065e-02     5.2116    29.0567  0.000e+00
      6.815   1.008021   999.8509 1.3675e-01    25.1962     2.0362     5.0322     67.402 9.9065e-02     5.2094    29.0567  0.000e+00
      6.848   1.007607   999.8496 1.3675e-01    25.1962     2.0362     5.0366     67.459 9.9065e-02     5.2072    29.0560  0.000e+00
      6.815   1.007272   999.8482 1.3675e-01    25.1962     2.0362     5.0453     67.575 9.9065e-02     5.2054    29.0555  0.000e+00
      6.791   1.007018   999.8472 1.3675e-01    25.1962     2.0362     5.0543     67.695 9.9065e-02     5.2040    29.0552  0.000e+00
      6.815   1.006753   999.8463 1.3675e-01    25.1962     2.0362     5.0633     67.814 9.9065e-02     5.2026    29.0548  0.000e+00
      6.848   1.006503   999.8455 1.3675e-01    25.1962     2.0362     5.0677     67.872 9.9065e-02     5.2012    29.0546  0.000e+00
      6.758   1.006330   999.8445 1.3431e-01    25.2609     2.0362     5.0718     67.926 9.9065e-02     5.2003    29.0543  0.000e+00
      6.791   1.006145   999.8439 1.3431e-01    25.1962     2.0362     5.0761     67.983 9.9065e-02     5.1992    29.0542  0.000e+00
      6.873   1.006024   999.8439 1.3431e-01    25.1962     2.0362     5.0845     68.096 9.9065e-02     5.1986    29.0540  0.000e+00
      6.758   1.005959   999.8432 1.3431e-01    24.6785     2.0362     5.0885     68.149 9.9065e-02     5.1983    29.0539  0.000e+00
      6.791   1.005980   999.8434 1.3431e-01    24.0961     2.0362     5.0967     68.258 9.9065e-02     5.1984    29.0539  0.000e+00
      6.758   1.006141   999.8439 1.3309e-01    23.9020     2.0362     5.1002     68.306 9.9065e-02     5.1993    29.0538  0.000e+00
      6.791   1.006338   999.8446 1.3187e-01    23.9667     2.0362     5.1035     68.351 9.9065e-02     5.2003    29.0544  0.000e+00
      6.758   1.006571   999.8445 1.3187e-01    23.9667     2.0362     5.1152     68.512 9.9065e-02     5.2013    29.0571  0.000e+00
      6.791   1.006845   999.8447 1.3187e-01    23.9020     2.0362     5.1134     68.491 9.9065e-02     5.2025    29.0598  0.000e+00
      6.692   1.007123   999.8446 1.3187e-01    23.9667     2.0362     5.1204     68.588 9.9065e-02     5.2039    29.0621  0.000e+00
      6.791   1.007425   999.8456 1.3187e-01    23.9667     2.0362     5.1229     68.624 9.9065e-02     5.2053    29.0639  0.000e+00
      6.758   1.007687   999.8457 1.3309e-01    23.9667     2.0362     5.1250     68.655 9.9065e-02     5.2066    29.0659  0.000e+00
      6.725   1.007937   999.8456 1.3309e-01    23.9667     2.0362     5.1313     68.743 9.9065e-02     5.2077    29.0685  0.000e+00
      6.758   1.008178   999.8457 1.3309e-01    23.9667     2.0362     5.1327     68.766 9.9065e-02     5.2087    29.0715  0.000e+00
      6.725   1.008408   999.8455 1.3309e-01    23.9667     2.0362     5.1340     68.786 9.9065e-02     5.2097    29.0741  0.000e+00
      6.758   1.008610   999.8458 1.3309e-01    23.6431     2.0362     5.1440     68.923 9.9065e-02     5.2106    29.0759  0.000e+00
      6.667   1.008751   999.8454 1.3309e-01    22.2841     2.0362     5.1405     68.877 9.9065e-02     5.2113    29.0774  0.000e+00
      6.758   1.008888   999.8457 1.3309e-01    21.7017     2.0362     5.1410     68.887 9.9065e-02     5.2118    29.0791  0.000e+00
      6.758   1.009021   999.8456 1.3309e-01    21.6370     2.0362     5.1457     68.952 9.9065e-02     5.2124    29.0809  0.000e+00
      6.725   1.009153   999.8451 1.3309e-01    21.7017     2.0362     5.1458     68.956 9.9065e-02     5.2129    29.0833  0.000e+00
      6.692   1.009238   999.8443 1.3309e-01    21.7664     2.0362     5.1452     68.952 9.9065e-02     5.2131    29.0859  0.000e+00
      6.725   1.009343   999.8440 1.3309e-01    21.7664     2.0362     5.1445     68.945 9.9065e-02     5.2134    29.0881  0.000e+00
      6.758   1.009432   999.8438 1.3309e-01    21.7664     2.0362     5.1528     69.059 9.9065e-02     5.2137    29.0899  0.000e+00
      6.725   1.009492   999.8436 1.3187e-01    21.7664     2.0362     5.1476     68.991 9.9065e-02     5.2139    29.0909  0.000e+00
      6.692   1.009556   999.8433 1.3309e-01    21.7664     2.0362     5.1466     68.978 9.9065e-02     5.2142    29.0920  0.000e+00
      6.725   1.009637   999.8435 1.3309e-01    21.7664     2.0362     5.1455     68.964 9.9065e-02     5.2146    29.0926  0.000e+00
      6.692   1.009702   999.8433 1.3309e-01    21.7017     2.0362     5.1491     69.013 9.9065e-02     5.2148    29.0934  0.000e+00
      6.667   1.009778   999.8433 1.3309e-01    21.7664     2.0362     5.1481     69.002 9.9065e-02     5.2152    29.0942  0.000e+00
      6.691   1.009834   999.8434 1.3309e-01    21.0546     2.0057     5.1514     69.046 9.9065e-02     5.2154    29.0948  0.000e+00
      6.724   1.009883   999.8435 1.3431e-01    20.4722     1.9141     5.1457     68.971 9.9065e-02     5.2156    29.0954  0.000e+00
      6.691   1.009899   999.8432 1.3431e-01    20.3427     1.8836     5.1490     69.016 9.9065e-02     5.2157    29.0958  0.000e+00
      6.691   1.009919   999.8432 1.3431e-01    20.4075     1.8836     5.1432     68.938 9.9065e-02     5.2158    29.0961  0.000e+00
      6.667   1.009927   999.8429 1.3431e-01    20.4075     1.8531     5.1417     68.919 9.9065e-02     5.2157    29.0967  0.000e+00
      6.691   1.009947   999.8428 1.3309e-01    20.3427     1.8836     5.1406     68.904 9.9065e-02     5.2158    29.0974  0.000e+00
      6.667   1.009967   999.8428 1.3187e-01    20.4075     1.8836     5.1393     68.887 9.9065e-02     5.2159    29.0975  0.000e+00
      6.691   1.009988   999.8427 1.3065e-01    20.4075     1.8836     5.1380     68.871 9.9065e-02     5.2159    29.0982  0.000e+00
      6.667   1.010028   999.8426 1.3065e-01    20.4075     1.8836     5.1322     68.794 9.9065e-02     5.2161    29.0985  0.000e+00
