WS23061_Kelble_Stn.009.5.cnv
* Sea-Bird SBE 9 Data File:
* FileName = C:\ctd\Cruise_Data\WS23061_Kelble\WS23061_Kelble_Stn.009.5.hex
* Software Version Seasave V 7.26.7.121
* Temperature SN = 4097 MTG 177
* Conductivity SN = 1851 MTG 053
* Number of Bytes Per Scan = 40
* Number of Voltage Words = 5
* Number of Scans Averaged by the Deck Unit = 1
* NMEA Latitude = 24 42.91 N
* NMEA Longitude = 080 41.09 W
* NMEA UTC (Time) = Jul 17 2003  23:14:00
** Ship:
** Station:
** Operator:
# nquan = 12
# nvalues = 13312                                 
# units = specified
# name 0 = depSM: Depth [salt water, m]
# name 1 = c0S/m: Conductivity [S/m]
# name 2 = density00: Density [density, kg/m^3]
# name 3 = flSP: Fluorescence, Seapoint
# name 4 = wetCDOM: Fluorescence, WET Labs CDOM [mg/m^3]
# name 5 = flECO-AFL: Fluorescence, WET Labs ECO-AFL/FL [mg/m^3]
# name 6 = sbeox0Mg/L: Oxygen, SBE 43 [mg/l]
# name 7 = sbeox0PS: Oxygen, SBE 43 [% saturation]
# name 8 = par: PAR/Irradiance, Biospherical/Licor [Watts/m^2]
# name 9 = sal00: Salinity, Practical [PSU]
# name 10 = t090C: Temperature [ITS-90, deg C]
# name 11 = flag:  0.000e+00
# span 0 =      2.618,    131.175                 
# span 1 =   4.341432,   5.513924                 
# span 2 =  1023.9234,  1027.3577                 
# span 3 = 1.0745e-01, 1.5018e-01                 
# span 4 =    -0.6890,   264.3110                 
# span 5 =    -0.2226,     0.6626                 
# span 6 =     4.1490,     6.5744                 
# span 7 =     50.835,     97.611                 
# span 8 = 9.8755e-02, 5.8265e+01                 
# span 9 =    35.8862,    36.6914                 
# span 10 =    14.4748,    25.4646                
# span 11 = 0.0000e+00, 0.0000e+00                
# interval = seconds: 0.0416667
# start_time = Jul 17 2003 23:14:00 [NMEA time, header]
# bad_flag = -9.990e-29
*END*
[from data line 6858]
    130.993   4.342294  1027.3571 1.0867e-01   259.9752    -0.1921     4.2116     51.514 9.9375e-02    35.8886    14.4753  0.000e+00
    131.051   4.342327  1027.3574 1.0867e-01   259.9752    -0.1921     4.2064     51.450 9.9065e-02    35.8887    14.4755  0.000e+00
    130.993   4.342326  1027.3571 1.0867e-01   259.9105    -0.1921     4.2059     51.445 9.9375e-02    35.8887    14.4755  0.000e+00
    130.993   4.342353  1027.3572 1.0867e-01   259.8458    -0.2226     4.2055     51.440 9.9375e-02    35.8888    14.4757  0.000e+00
    131.051   4.342313  1027.3575 1.0867e-01   259.9752    -0.2226     4.2052     51.435 9.9065e-02    35.8887    14.4754  0.000e+00
    131.051   4.342320  1027.3573 1.0867e-01   259.9752    -0.1921     4.2048     51.430 9.9375e-02    35.8886    14.4755  0.000e+00
    131.051   4.342333  1027.3576 1.0867e-01   260.0399    -0.2226     4.2049     51.431 9.9375e-02    35.8889    14.4753  0.000e+00
    131.051   4.342300  1027.3574 1.0867e-01   259.9752    -0.1921     4.2045     51.427 9.9375e-02    35.8886    14.4754  0.000e+00
    131.117   4.342313  1027.3576 1.0745e-01   259.9752    -0.2226     4.1988     51.357 9.9065e-02    35.8886    14.4755  0.000e+00
    131.051   4.342333  1027.3573 1.0745e-01   259.9752    -0.2226     4.1979     51.346 9.9065e-02    35.8886    14.4757  0.000e+00
    131.051   4.342327  1027.3574 1.0867e-01   259.9752    -0.2226     4.2078     51.467 9.9375e-02    35.8887    14.4755  0.000e+00
    131.051   4.342333  1027.3575 1.0867e-01   257.2573    -0.2226     4.1972     51.338 9.9065e-02    35.8888    14.4755  0.000e+00
    131.051   4.342300  1027.3570 1.3431e-01   103.2402    -0.0395     4.2022     51.399 9.9375e-02    35.8883    14.4757  0.000e+00
    131.051   4.342327  1027.3574 1.3309e-01     6.3647    -0.0395     4.1966     51.330 9.9065e-02    35.8887    14.4755  0.000e+00
    131.051   4.342327  1027.3574 1.3187e-01    -0.6890    -0.0395     4.1958     51.320 9.9375e-02    35.8887    14.4755  0.000e+00
    130.993   4.342267  1027.3569 1.3187e-01    -0.6890    -0.0395     4.2004     51.376 9.9375e-02    35.8883    14.4754  0.000e+00
    131.051   4.342287  1027.3573 1.3187e-01    -0.6890    -0.0395     4.2001     51.373 9.9065e-02    35.8885    14.4754  0.000e+00
    131.051   4.342294  1027.3573 1.3187e-01     0.4758    -0.0395     4.1945     51.304 9.9065e-02    35.8886    14.4753  0.000e+00
    130.993   4.342294  1027.3569 1.3187e-01     0.9288    -0.0395     4.1937     51.295 9.9065e-02    35.8884    14.4755  0.000e+00
    130.993   4.342261  1027.3567 1.3187e-01     0.8641    -0.0395     4.1988     51.357 9.9375e-02    35.8881    14.4755  0.000e+00
    130.993   4.342307  1027.3570 1.3187e-01     0.8641    -0.0395     4.1932     51.289 9.9065e-02    35.8885    14.4755  0.000e+00
    130.993   4.342307  1027.3570 1.3187e-01     0.8641    -0.0395     4.1931     51.287 9.9375e-02    35.8885    14.4755  0.000e+00
    130.993   4.342294  1027.3566 1.3187e-01     0.8641    -0.0395     4.1929     51.285 9.9375e-02    35.8881    14.4758  0.000e+00
    130.936   4.342326  1027.3569 1.3187e-01     0.8641    -0.0395     4.1928     51.284 9.9065e-02    35.8887    14.4755  0.000e+00
    130.936   4.342274  1027.3565 1.3309e-01    90.6211    -0.0395     4.1927     51.283 9.9065e-02    35.8882    14.4755  0.000e+00
    130.936   4.342280  1027.3566 1.1477e-01   230.9838    -0.1616     4.1922     51.277 9.9065e-02    35.8883    14.4755  0.000e+00
    130.936   4.342326  1027.3569 1.0745e-01   264.3110    -0.2226     4.1917     51.270 9.9065e-02    35.8887    14.4755  0.000e+00
    130.870   4.342300  1027.3566 1.0745e-01   264.3110    -0.2226     4.1966     51.330 9.9375e-02    35.8887    14.4753  0.000e+00
    130.870   4.342326  1027.3566 1.0867e-01   264.3110    -0.1921     4.1917     51.270 9.9065e-02    35.8888    14.4755  0.000e+00
    130.870   4.342300  1027.3566 1.0867e-01   259.7811    -0.1921     4.1913     51.265 9.9375e-02    35.8887    14.4754  0.000e+00
    130.870   4.342261  1027.3562 1.0745e-01   259.4575    -0.2226     4.1913     51.266 9.9065e-02    35.8882    14.4755  0.000e+00
    130.812   4.342313  1027.3563 1.0745e-01   259.7811    -0.1921     4.1914     51.267 9.9065e-02    35.8887    14.4755  0.000e+00
    130.812   4.342300  1027.3562 1.0745e-01   259.9752    -0.1921     4.1969     51.334 9.9375e-02    35.8885    14.4755  0.000e+00
    130.812   4.342326  1027.3563 1.0745e-01   260.1047    -0.1921     4.1976     51.342 9.9065e-02    35.8887    14.4757  0.000e+00
    130.746   4.342300  1027.3558 1.0745e-01   259.9752    -0.2226     4.1982     51.350 9.9375e-02    35.8884    14.4757  0.000e+00
    130.812   4.342326  1027.3564 1.0745e-01   259.9752    -0.1921     4.1990     51.359 9.9375e-02    35.8888    14.4755  0.000e+00
    130.746   4.342326  1027.3560 1.1477e-01   236.4197    -0.1921     4.1943     51.302 9.9065e-02    35.8886    14.4757  0.000e+00
    130.746   4.342300  1027.3556 1.3309e-01    77.0314    -0.0395     4.1941     51.300 9.9065e-02    35.8882    14.4759  0.000e+00
    130.746   4.342353  1027.3556 1.3187e-01     3.6468    -0.0395     4.1943     51.303 9.9065e-02    35.8883    14.4763  0.000e+00
    130.688   4.342451  1027.3554 1.3187e-01    -0.6890    -0.0395     4.1941     51.301 9.9375e-02    35.8886    14.4770  0.000e+00
    130.688   4.342596  1027.3557 1.3187e-01     2.5467    -0.0395     4.1939     51.299 9.9375e-02    35.8893    14.4777  0.000e+00
    130.746   4.342656  1027.3554 1.3309e-01     5.4587    -0.0395     4.1942     51.304 9.9065e-02    35.8888    14.4789  0.000e+00
    130.622   4.342662  1027.3547 1.3187e-01     5.9764    -0.0395     4.1994     51.368 9.9375e-02    35.8887    14.4791  0.000e+00
    130.688   4.342721  1027.3550 1.3187e-01     5.8470    -0.0395     4.1949     51.314 9.9065e-02    35.8888    14.4795  0.000e+00
    130.622   4.342735  1027.3542 1.3187e-01     5.7176    -0.0395     4.2002     51.378 9.9375e-02    35.8884    14.4801  0.000e+00
    130.564   4.342682  1027.3536 1.3187e-01     5.6529    -0.0395     4.2006     51.383 9.9375e-02    35.8879    14.4801  0.000e+00
    130.746   4.342662  1027.3545 1.3309e-01     5.6529    -0.0395     4.1958     51.325 9.9375e-02    35.8879    14.4799  0.000e+00
    130.622   4.342642  1027.3544 1.3309e-01     5.6529    -0.0395     4.1958     51.324 9.9065e-02    35.8883    14.4792  0.000e+00
    130.622   4.342544  1027.3542 1.3309e-01     5.5235    -0.0395     4.2017     51.395 9.9065e-02    35.8879    14.4787  0.000e+00
    130.564   4.342517  1027.3542 1.3675e-01   130.1608    -0.0395     4.1973     51.342 9.9065e-02    35.8882    14.4782  0.000e+00
    130.622   4.342438  1027.3545 1.0989e-01   246.7738    -0.1921     4.2028     51.408 9.9375e-02    35.8880    14.4776  0.000e+00
    130.564   4.342372  1027.3543 1.0867e-01   264.3110    -0.2226     4.1980     51.349 9.9065e-02    35.8879    14.4770  0.000e+00
    130.622   4.342399  1027.3552 1.0867e-01   264.3110    -0.2226     4.2035     51.416 9.9065e-02    35.8886    14.4765  0.000e+00
    130.564   4.342346  1027.3550 1.0745e-01   263.7933    -0.1921     4.2041     51.422 9.9065e-02    35.8886    14.4760  0.000e+00
    130.564   4.342326  1027.3549 1.0745e-01   259.5222    -0.1921     4.2100     51.495 9.9065e-02    35.8885    14.4760  0.000e+00
    130.564   4.342307  1027.3552 1.0867e-01   259.5222    -0.2226     4.2004     51.376 9.9065e-02    35.8887    14.4755  0.000e+00
    130.564   4.342320  1027.3553 1.0867e-01   259.8458    -0.2226     4.2004     51.377 9.9375e-02    35.8888    14.4755  0.000e+00
    130.622   4.342307  1027.3552 1.0867e-01   259.9752    -0.2226     4.2054     51.438 9.9375e-02    35.8884    14.4758  0.000e+00
    130.564   4.342293  1027.3551 1.0867e-01   259.9752    -0.1921     4.2001     51.373 9.9065e-02    35.8886    14.4755  0.000e+00
    130.564   4.342313  1027.3549 1.0867e-01   259.9752    -0.1921     4.2060     51.446 9.9375e-02    35.8883    14.4760  0.000e+00
    130.564   4.342307  1027.3552 1.0867e-01   259.9752    -0.1921     4.2008     51.381 9.9065e-02    35.8887    14.4755  0.000e+00
    130.622   4.342320  1027.3554 1.0867e-01   259.9752    -0.2226     4.2062     51.448 9.9375e-02    35.8886    14.4757  0.000e+00
    130.564   4.342274  1027.3549 1.0989e-01   259.9752    -0.2226     4.2063     51.449 9.9065e-02    35.8883    14.4757  0.000e+00
    130.622   4.342307  1027.3555 1.0867e-01   260.0399    -0.1921     4.2010     51.385 9.9065e-02    35.8887    14.4755  0.000e+00
    130.622   4.342300  1027.3554 1.0867e-01   259.9752    -0.1921     4.2011     51.386 9.9375e-02    35.8886    14.4755  0.000e+00
    130.622   4.342293  1027.3551 1.0867e-01   259.9752    -0.1921     4.2012     51.387 9.9375e-02    35.8883    14.4758  0.000e+00
    130.622   4.342234  1027.3546 1.0745e-01   259.9752    -0.1921     4.2008     51.382 9.9065e-02    35.8877    14.4759  0.000e+00
    130.688   4.342274  1027.3552 1.0745e-01   259.9752    -0.1921     4.2005     51.378 9.9065e-02    35.8880    14.4759  0.000e+00
    130.622   4.342234  1027.3550 1.0867e-01   259.9752    -0.2226     4.2060     51.444 9.9375e-02    35.8880    14.4755  0.000e+00
    130.688   4.342274  1027.3555 1.0745e-01   259.9752    -0.1921     4.2007     51.381 9.9065e-02    35.8883    14.4755  0.000e+00
    130.688   4.342234  1027.3553 1.0745e-01   259.9752    -0.2226     4.2057     51.441 9.9065e-02    35.8880    14.4755  0.000e+00
    130.688   4.342241  1027.3551 1.0867e-01   259.9752    -0.1921     4.2004     51.377 9.9065e-02    35.8879    14.4757  0.000e+00
    130.746   4.342287  1027.3557 1.0867e-01   259.9752    -0.1921     4.2000     51.372 9.9375e-02    35.8883    14.4757  0.000e+00
    130.688   4.342293  1027.3554 1.0867e-01   255.0570    -0.1921     4.1996     51.367 9.9375e-02    35.8883    14.4758  0.000e+00
    130.746   4.342353  1027.3560 1.3431e-01   104.8580    -0.0395     4.1992     51.363 9.9375e-02    35.8887    14.4759  0.000e+00
    130.812   4.342313  1027.3558 1.3309e-01    16.1364    -0.0395     4.1988     51.358 9.9065e-02    35.8882    14.4760  0.000e+00
    130.812   4.342313  1027.3559 1.3187e-01     3.3879    -0.0395     4.1990     51.359 9.9065e-02    35.8882    14.4760  0.000e+00
    130.812   4.342333  1027.3561 1.3309e-01     9.0827    -0.0395     4.1986     51.355 9.9065e-02    35.8885    14.4759  0.000e+00
    130.870   4.342274  1027.3560 1.3309e-01    12.4478    -0.0395     4.1982     51.350 9.9065e-02    35.8880    14.4758  0.000e+00
    130.870   4.342313  1027.3564 1.3309e-01    12.9007    -0.0395     4.2032     51.411 9.9065e-02    35.8885    14.4757  0.000e+00
    130.870   4.342274  1027.3563 1.3431e-01    12.7066    -0.0395     4.2033     51.412 9.9065e-02    35.8883    14.4755  0.000e+00
    130.870   4.342254  1027.3560 1.3309e-01    12.5772    -0.0395     4.1985     51.354 9.9065e-02    35.8880    14.4757  0.000e+00
    130.993   4.342287  1027.3569 1.3309e-01    12.5772    -0.0395     4.1987     51.356 9.9375e-02    35.8883    14.4755  0.000e+00
    130.870   4.342261  1027.3559 1.3309e-01    12.5772    -0.0395     4.1987     51.356 9.9375e-02    35.8878    14.4759  0.000e+00
    130.936   4.342313  1027.3567 1.3309e-01    12.5772    -0.0395     4.1989     51.358 9.9375e-02    35.8885    14.4757  0.000e+00
    130.936   4.342300  1027.3564 1.3309e-01    12.5125    -0.0395     4.1985     51.354 9.9065e-02    35.8882    14.4759  0.000e+00
    131.051   4.342294  1027.3572 1.3309e-01    10.1181    -0.0395     4.1983     51.351 9.9065e-02    35.8884    14.4755  0.000e+00
    130.993   4.342294  1027.3569 1.3309e-01     6.8824    -0.0395     4.1979     51.346 9.9065e-02    35.8884    14.4755  0.000e+00
    130.993   4.342294  1027.3568 1.3309e-01     5.9764    -0.0395     4.2029     51.408 9.9375e-02    35.8882    14.4757  0.000e+00
    130.993   4.342294  1027.3568 1.3309e-01     6.0412    -0.0395     4.2030     51.409 9.9065e-02    35.8883    14.4757  0.000e+00
    131.117   4.342234  1027.3567 1.3309e-01     6.1706    -0.0395     4.1979     51.346 9.9065e-02    35.8875    14.4759  0.000e+00
    131.051   4.342274  1027.3567 1.3309e-01     6.1706    -0.0395     4.1979     51.347 9.9065e-02    35.8879    14.4759  0.000e+00
    131.051   4.342294  1027.3567 1.3309e-01     6.2353    -0.0395     4.1976     51.342 9.9375e-02    35.8879    14.4760  0.000e+00
    131.051   4.342294  1027.3570 1.3187e-01     6.2353    -0.0395     4.2031     51.409 9.9375e-02    35.8882    14.4757  0.000e+00
    131.117   4.342327  1027.3575 1.3187e-01     6.1706    -0.0395     4.1984     51.352 9.9065e-02    35.8885    14.4757  0.000e+00
    131.051   4.342274  1027.3566 1.3187e-01     6.2353    -0.0395     4.2033     51.413 9.9375e-02    35.8878    14.4760  0.000e+00
    131.117   4.342313  1027.3574 1.3187e-01     6.2353    -0.0395     4.1982     51.349 9.9065e-02    35.8884    14.4757  0.000e+00
    131.117   4.342300  1027.3572 1.3309e-01     6.2353    -0.0395     4.1983     51.351 9.9065e-02    35.8881    14.4758  0.000e+00
    131.051   4.342313  1027.3571 1.3187e-01     5.2646    -0.0395     4.1979     51.346 9.9375e-02    35.8884    14.4757  0.000e+00
    131.117   4.342333  1027.3574 1.3187e-01     1.3818    -0.0395     4.1981     51.349 9.9375e-02    35.8884    14.4759  0.000e+00
    131.117   4.342300  1027.3574 1.3065e-01    -0.2360    -0.0395     4.1978     51.345 9.9375e-02    35.8883    14.4757  0.000e+00
    131.117   4.342353  1027.3577 1.3065e-01    -0.3007    -0.0395     4.2033     51.413 9.9065e-02    35.8887    14.4757  0.000e+00
    131.051   4.342280  1027.3569 1.3065e-01    -0.1713    -0.0395     4.1986     51.355 9.9065e-02    35.8881    14.4757  0.000e+00
    130.993   4.342280  1027.3567 1.3065e-01    -0.1066    -0.0395     4.2046     51.428 9.9065e-02    35.8882    14.4757  0.000e+00
    131.175   4.342267  1027.3573 1.3065e-01    -0.1066    -0.0395     4.2049     51.432 9.9065e-02    35.8879    14.4757  0.000e+00
    131.051   4.342254  1027.3568 1.3187e-01    -0.1066    -0.0395     4.1997     51.368 9.9065e-02    35.8879    14.4757  0.000e+00
    131.117   4.342287  1027.3572 1.3187e-01    -0.1066    -0.0395     4.2053     51.436 9.9065e-02    35.8881    14.4757  0.000e+00
    131.051   4.342261  1027.3568 1.3187e-01    -0.1066    -0.0395     4.2001     51.373 9.9065e-02    35.8879    14.4757  0.000e+00
    131.051   4.342333  1027.3572 1.3187e-01    -0.1066    -0.0395     4.2003     51.375 9.9065e-02    35.8885    14.4758  0.000e+00
    130.993   4.342346  1027.3571 1.3187e-01    -0.1066    -0.0090     4.2053     51.437 9.9375e-02    35.8887    14.4757  0.000e+00
    131.051   4.342300  1027.3567 1.3065e-01     0.1523    -0.0090     4.2007     51.380 9.9065e-02    35.8880    14.4760  0.000e+00
    131.051   4.342294  1027.3567 1.3431e-01   143.3623    -0.0090     4.2062     51.448 9.9065e-02    35.8879    14.4760  0.000e+00
    130.993   4.342294  1027.3564 1.0867e-01   251.8861    -0.1616     4.2064     51.450 9.9065e-02    35.8879    14.4760  0.000e+00
    130.993   4.342294  1027.3564 1.0745e-01   264.3110    -0.1616     4.2066     51.453 9.9065e-02    35.8879    14.4760  0.000e+00
    130.993   4.342346  1027.3567 1.0867e-01   264.3110    -0.1616     4.2067     51.455 9.9065e-02    35.8883    14.4762  0.000e+00
    130.993   4.342333  1027.3566 1.0867e-01   263.0815    -0.1616     4.2069     51.456 9.9065e-02    35.8881    14.4762  0.000e+00
    130.936   4.342333  1027.3564 1.0867e-01   259.4575    -0.1616     4.2069     51.457 9.9375e-02    35.8882    14.4762  0.000e+00
    130.993   4.342300  1027.3563 1.0867e-01   259.5222    -0.1616     4.2076     51.465 9.9065e-02    35.8878    14.4762  0.000e+00
    130.936   4.342326  1027.3563 1.0867e-01   259.8458    -0.1616     4.2077     51.466 9.9375e-02    35.8881    14.4762  0.000e+00
