WS23139_STN10_08CTD.cnv
* Sea-Bird SBE 9 Data File:
* FileName = C:\ctd\Cruise_Data\WS23139_Rosenheim\WS23139_Rosenheim_STN10.hex
* Software Version Seasave V 7.26.7.121
* Temperature SN = 4097 MTG 177
* Conductivity SN = 1851 MTG 053
* Number of Bytes Per Scan = 40
* Number of Voltage Words = 5
* Number of Scans Averaged by the Deck Unit = 1
* NMEA Latitude = 04 58.09 N
* NMEA Longitude = 051 40.43 W
* NMEA UTC (Time) = Jun 11 2023 18:29:24
** Ship:
** Station:
** Operator:
# nquan = 12
# nvalues = 16058                                 
# units = specified
# name 0 = depSM: Depth [salt water, m]
# name 1 = c0S/m: Conductivity [S/m]
# name 2 = density00: Density [density, kg/m^3]
# name 3 = flSP: Fluorescence, Seapoint
# name 4 = wetCDOM: Fluorescence, WET Labs CDOM [mg/m^3]
# name 5 = flECO-AFL: Fluorescence, WET Labs ECO-AFL/FL [mg/m^3]
# name 6 = sbeox0Mg/L: Oxygen, SBE 43 [mg/l]
# name 7 = sbeox0PS: Oxygen, SBE 43 [% saturation]
# name 8 = par: PAR/Irradiance, Biospherical/Licor [Watts/m^2]
# name 9 = sal00: Salinity, Practical [PSU]
# name 10 = t090C: Temperature [ITS-90, deg C]
# name 11 = flag:  0.000e+00
# span 0 =      2.034,     51.542                 
# span 1 =   4.729937,   5.716638                 
# span 2 =  1017.4492,  1024.3775                 
# span 3 = 3.2967e-02, 1.6606e-01                 
# span 4 =    -0.6890,   264.3110                 
# span 5 =     0.0826,     2.0667                 
# span 6 =     4.4128,     6.7145                 
# span 7 =     66.667,    101.432                 
# span 8 = 2.4159e-01, 9.3720e+02                 
# span 9 =    28.5757,    36.4551                 
# span 10 =    25.8614,    28.4190                
# span 11 = 0.0000e+00, 0.0000e+00                
# interval = seconds: 0.0416667
# start_time = Jun 11 2023 18:29:24 [NMEA time, header]
# bad_flag = -9.990e-29
*END*
[from data line 14076]
     24.858   5.631175  1024.1243 1.3187e-01    10.6358     0.9068     5.2682     80.083 2.0294e+01    36.4034    26.2403  0.000e+00
     24.924   5.631241  1024.1246 1.3187e-01    10.8946     0.9068     5.2682     80.083 2.0351e+01    36.4035    26.2407  0.000e+00
     24.858   5.631315  1024.1244 1.3309e-01   147.1156     0.8152     5.2722     80.145 2.0409e+01    36.4038    26.2410  0.000e+00
     24.858   5.631315  1024.1240 1.0867e-01   251.8861     0.9678     5.2684     80.087 2.0351e+01    36.4034    26.2414  0.000e+00
     24.858   5.631300  1024.1240 1.0745e-01   264.3110     0.9984     5.2723     80.147 2.0409e+01    36.4034    26.2414  0.000e+00
     24.858   5.631256  1024.1242 1.0623e-01   264.3110     1.0289     5.2726     80.151 2.0409e+01    36.4035    26.2409  0.000e+00
     24.800   5.631249  1024.1234 1.0623e-01   262.6285     0.9984     5.2686     80.090 2.0409e+01    36.4030    26.2414  0.000e+00
     24.800   5.631344  1024.1237 1.0745e-01   259.3928     0.9984     5.2725     80.150 2.0466e+01    36.4034    26.2417  0.000e+00
     24.735   5.631359  1024.1231 1.0745e-01   259.4575     0.9984     5.2685     80.090 2.0466e+01    36.4032    26.2421  0.000e+00
     24.858   5.631366  1024.1233 1.0745e-01   259.7164     0.9984     5.2723     80.148 2.0466e+01    36.4030    26.2425  0.000e+00
     24.726   5.631381  1024.1230 1.0745e-01   259.7811     0.9678     5.2721     80.145 2.0466e+01    36.4033    26.2423  0.000e+00
     24.735   5.631352  1024.1231 1.0745e-01   259.7811     0.9984     5.2721     80.144 2.0524e+01    36.4032    26.2421  0.000e+00
     24.735   5.631337  1024.1230 1.0745e-01   259.7811     0.9984     5.2720     80.143 2.0466e+01    36.4031    26.2421  0.000e+00
     24.735   5.631344  1024.1230 1.0745e-01   259.7811     0.9984     5.2721     80.145 2.0466e+01    36.4031    26.2421  0.000e+00
     24.677   5.631315  1024.1230 1.2698e-01   195.0033     0.8457     5.2720     80.143 2.0466e+01    36.4032    26.2418  0.000e+00
     24.677   5.631300  1024.1229 1.3187e-01    53.9288     0.9068     5.2722     80.145 2.0524e+01    36.4032    26.2417  0.000e+00
     24.677   5.631271  1024.1230 1.3187e-01     7.9826     0.9068     5.2721     80.144 2.0524e+01    36.4032    26.2414  0.000e+00
     24.677   5.631212  1024.1232 1.3187e-01     8.4355     0.9373     5.2764     80.208 2.0524e+01    36.4032    26.2409  0.000e+00
     24.619   5.631168  1024.1235 1.3187e-01    13.8067     0.9068     5.2766     80.210 2.0524e+01    36.4035    26.2401  0.000e+00
     24.677   5.631021  1024.1234 1.3309e-01    15.6187     0.9068     5.2770     80.216 2.0582e+01    36.4028    26.2396  0.000e+00
     24.619   5.630904  1024.1230 1.3187e-01    15.5540     0.9068     5.2774     80.221 2.0524e+01    36.4024    26.2391  0.000e+00
     24.677   5.630713  1024.1230 1.3187e-01    15.3598     0.8763     5.2779     80.227 2.0524e+01    36.4017    26.2381  0.000e+00
     24.677   5.630580  1024.1238 1.3309e-01    15.2951     0.8763     5.2825     80.294 2.0524e+01    36.4021    26.2365  0.000e+00
     24.553   5.630419  1024.1232 1.3187e-01    15.2951     0.8763     5.2790     80.240 2.0524e+01    36.4016    26.2356  0.000e+00
     24.677   5.630441  1024.1243 1.3187e-01    15.2951     0.8763     5.2794     80.246 2.0524e+01    36.4022    26.2350  0.000e+00
     24.603   5.630434  1024.1241 1.3187e-01    15.2951     0.8763     5.2800     80.255 2.0582e+01    36.4023    26.2349  0.000e+00
     24.619   5.630382  1024.1244 1.3187e-01    26.0375     0.8763     5.2845     80.322 2.0524e+01    36.4024    26.2343  0.000e+00
     24.619   5.630368  1024.1242 1.3065e-01   176.6248     0.7847     5.2850     80.331 2.0524e+01    36.4021    26.2345  0.000e+00
     24.619   5.630470  1024.1244 1.0745e-01   258.1633     0.9373     5.2856     80.339 2.0524e+01    36.4026    26.2349  0.000e+00
     24.620   5.630507  1024.1244 1.0745e-01   264.3110     0.9678     5.2861     80.348 2.0466e+01    36.4027    26.2350  0.000e+00
     24.620   5.630536  1024.1240 1.0745e-01   264.3110     0.9984     5.2866     80.356 2.0524e+01    36.4024    26.2357  0.000e+00
     24.620   5.630661  1024.1241 1.0745e-01   261.1401     0.9678     5.2871     80.364 2.0466e+01    36.4028    26.2363  0.000e+00
     24.620   5.630764  1024.1244 1.0745e-01   259.3281     0.9373     5.2873     80.369 2.0466e+01    36.4033    26.2367  0.000e+00
     24.677   5.630720  1024.1240 1.0745e-01   259.4575     0.9678     5.2917     80.435 2.0466e+01    36.4026    26.2370  0.000e+00
     24.620   5.630764  1024.1237 1.0745e-01   259.7811     0.9678     5.2921     80.442 2.0466e+01    36.4027    26.2374  0.000e+00
     24.677   5.630786  1024.1242 1.0745e-01   259.8458     0.9678     5.2926     80.449 2.0351e+01    36.4030    26.2372  0.000e+00
     24.677   5.630815  1024.1240 1.0745e-01   259.7811     0.9678     5.2930     80.456 2.0409e+01    36.4029    26.2376  0.000e+00
     24.677   5.630801  1024.1243 1.0745e-01   259.7811     0.9678     5.2974     80.523 2.0409e+01    36.4031    26.2372  0.000e+00
     24.677   5.630852  1024.1245 1.0745e-01   259.7811     0.9373     5.2939     80.470 2.0294e+01    36.4034    26.2374  0.000e+00
     24.735   5.630977  1024.1248 1.3309e-01   158.1816     0.7847     5.2983     80.538 2.0294e+01    36.4038    26.2380  0.000e+00
     24.603   5.631050  1024.1237 1.3187e-01    32.3794     0.8763     5.2986     80.544 2.0294e+01    36.4035    26.2391  0.000e+00
     24.735   5.631095  1024.1238 1.3065e-01     0.6053     0.9068     5.2950     80.490 2.0237e+01    36.4032    26.2398  0.000e+00
     24.735   5.631109  1024.1241 1.3187e-01     4.0351     0.9068     5.2994     80.556 2.0180e+01    36.4035    26.2395  0.000e+00
     24.735   5.631043  1024.1239 1.3187e-01     8.9532     0.8763     5.3041     80.627 2.0237e+01    36.4031    26.2394  0.000e+00
     24.801   5.630816  1024.1242 1.3187e-01    10.1828     0.8763     5.3049     80.637 2.0124e+01    36.4026    26.2380  0.000e+00
     24.735   5.630500  1024.1242 1.3065e-01    10.0534     0.8763     5.3054     80.641 2.0067e+01    36.4020    26.2358  0.000e+00
     24.801   5.630316  1024.1248 1.3187e-01     9.8592     0.8763     5.3017     80.584 2.0011e+01    36.4018    26.2343  0.000e+00
     24.859   5.630213  1024.1255 1.3187e-01     9.7945     0.9068     5.3018     80.584 2.0011e+01    36.4019    26.2332  0.000e+00
     24.859   5.630184  1024.1256 1.3187e-01     9.7945     0.9068     5.3061     80.649 1.9955e+01    36.4020    26.2328  0.000e+00
     24.859   5.630155  1024.1258 1.3187e-01     9.7945     0.9068     5.3022     80.589 1.9899e+01    36.4021    26.2325  0.000e+00
     24.859   5.630140  1024.1259 1.3187e-01     9.7945     0.9068     5.3062     80.649 1.9899e+01    36.4021    26.2323  0.000e+00
     24.859   5.630147  1024.1258 1.3187e-01    46.6810     0.9068     5.3064     80.653 1.9787e+01    36.4020    26.2325  0.000e+00
     24.983   5.630045  1024.1262 1.2454e-01   201.6040     0.8457     5.3065     80.654 1.9787e+01    36.4016    26.2320  0.000e+00
     24.925   5.630008  1024.1261 1.0745e-01   264.3110     0.9984     5.3067     80.655 1.9787e+01    36.4017    26.2316  0.000e+00
     24.925   5.629905  1024.1262 1.0745e-01   264.3110     0.9984     5.3069     80.657 1.9621e+01    36.4015    26.2309  0.000e+00
     24.983   5.629890  1024.1265 1.0745e-01   264.3110     0.9984     5.3067     80.655 1.9676e+01    36.4016    26.2306  0.000e+00
     25.090   5.629883  1024.1272 1.0745e-01   260.2988     0.9984     5.3068     80.656 1.9621e+01    36.4017    26.2303  0.000e+00
     24.983   5.629868  1024.1271 1.0745e-01   259.3281     0.9678     5.3065     80.651 1.9566e+01    36.4020    26.2299  0.000e+00
     25.107   5.629795  1024.1272 1.0745e-01   259.5222     0.9984     5.3066     80.651 1.9566e+01    36.4014    26.2299  0.000e+00
     25.041   5.629736  1024.1269 1.0867e-01   259.7811     0.9984     5.3064     80.649 1.9511e+01    36.4013    26.2296  0.000e+00
     25.164   5.629722  1024.1275 1.0867e-01   259.8458     0.9984     5.3063     80.647 1.9401e+01    36.4013    26.2294  0.000e+00
     25.107   5.629692  1024.1274 1.0867e-01   259.7811     0.9678     5.3061     80.643 1.9347e+01    36.4013    26.2291  0.000e+00
     25.164   5.629612  1024.1275 1.0867e-01   259.7811     0.9984     5.3059     80.639 1.9347e+01    36.4010    26.2287  0.000e+00
     25.222   5.629553  1024.1280 1.0867e-01   260.5576     0.9678     5.3057     80.635 1.9238e+01    36.4010    26.2281  0.000e+00
     25.222   5.629472  1024.1282 1.3431e-01   123.0424     0.8152     5.3054     80.630 1.9238e+01    36.4010    26.2274  0.000e+00
     25.222   5.629450  1024.1287 1.3187e-01    18.0778     0.9068     5.3050     80.624 1.9184e+01    36.4014    26.2267  0.000e+00
     25.288   5.629384  1024.1291 1.3065e-01    -0.6890     0.9678     5.3049     80.621 1.9130e+01    36.4013    26.2261  0.000e+00
     25.222   5.629325  1024.1289 1.3187e-01     3.7762     0.9373     5.3046     80.616 1.9130e+01    36.4012    26.2258  0.000e+00
     25.346   5.629208  1024.1292 1.3187e-01     7.6590     0.9068     5.3045     80.613 1.9076e+01    36.4008    26.2252  0.000e+00
     25.288   5.629171  1024.1291 1.3187e-01     8.4355     0.9373     5.3041     80.607 1.9076e+01    36.4008    26.2249  0.000e+00
     25.288   5.629171  1024.1296 1.3187e-01     8.2414     0.9068     5.3038     80.602 1.9076e+01    36.4013    26.2243  0.000e+00
     25.412   5.629142  1024.1303 1.3187e-01     8.1767     0.9373     5.3037     80.600 1.9023e+01    36.4013    26.2239  0.000e+00
     25.288   5.629156  1024.1299 1.3065e-01     7.9826     0.9068     5.3032     80.592 1.9023e+01    36.4014    26.2239  0.000e+00
     25.412   5.629171  1024.1293 1.3065e-01     8.0473     0.8763     5.3027     80.586 1.8969e+01    36.4005    26.2252  0.000e+00
     25.272   5.629377  1024.1290 1.3065e-01     8.1120     0.8457     5.3020     80.577 1.8969e+01    36.4013    26.2261  0.000e+00
     25.346   5.629516  1024.1291 1.3065e-01     8.0473     0.8457     5.2976     80.511 1.8916e+01    36.4014    26.2272  0.000e+00
     25.346   5.629648  1024.1288 1.3065e-01     6.5589     0.8763     5.2969     80.503 1.8969e+01    36.4015    26.2283  0.000e+00
     25.288   5.629781  1024.1282 1.3065e-01     3.5821     0.8763     5.2962     80.494 1.8916e+01    36.4015    26.2296  0.000e+00
     25.346   5.629920  1024.1285 1.3065e-01     2.6761     0.8763     5.2956     80.485 1.8969e+01    36.4019    26.2303  0.000e+00
     25.346   5.629986  1024.1282 1.3065e-01     2.6761     0.8763     5.2949     80.476 1.8969e+01    36.4018    26.2310  0.000e+00
     25.288   5.630067  1024.1276 1.3065e-01     2.8055     0.8763     5.2983     80.528 1.8969e+01    36.4017    26.2320  0.000e+00
     25.288   5.630162  1024.1278 1.3065e-01     2.9349     0.8763     5.2937     80.459 1.9023e+01    36.4021    26.2323  0.000e+00
     25.223   5.630221  1024.1273 1.2943e-01     2.8702     0.8763     5.2932     80.452 1.8969e+01    36.4022    26.2328  0.000e+00
     25.289   5.630236  1024.1275 1.3065e-01     2.8702     0.8763     5.2927     80.446 1.9023e+01    36.4021    26.2330  0.000e+00
     25.223   5.630265  1024.1272 1.3065e-01     2.8702     0.8763     5.2922     80.438 1.9076e+01    36.4022    26.2332  0.000e+00
     25.223   5.630280  1024.1273 1.3065e-01     2.8702     0.8763     5.2917     80.431 1.9130e+01    36.4023    26.2332  0.000e+00
     25.165   5.630214  1024.1267 1.3187e-01     2.8702     0.8763     5.2915     80.427 1.9130e+01    36.4018    26.2332  0.000e+00
     25.165   5.630192  1024.1269 1.3187e-01     2.8702     0.8763     5.2869     80.357 1.9130e+01    36.4020    26.2328  0.000e+00
     25.165   5.630118  1024.1270 1.3065e-01     3.3232     0.8763     5.2865     80.350 1.9238e+01    36.4018    26.2323  0.000e+00
     25.165   5.630030  1024.1272 1.3187e-01     8.3708     0.8457     5.2861     80.343 1.9238e+01    36.4018    26.2316  0.000e+00
     25.107   5.629935  1024.1269 1.3065e-01    10.9594     0.8457     5.2855     80.332 1.9292e+01    36.4015    26.2310  0.000e+00
     25.041   5.629883  1024.1269 1.3187e-01    11.2829     0.8457     5.2850     80.325 1.9347e+01    36.4016    26.2305  0.000e+00
     25.091   5.629832  1024.1268 1.3187e-01    11.0888     0.8457     5.2848     80.322 1.9456e+01    36.4012    26.2305  0.000e+00
     25.041   5.629817  1024.1270 1.3187e-01    10.9594     0.8457     5.2806     80.257 1.9456e+01    36.4016    26.2299  0.000e+00
     25.041   5.629846  1024.1272 1.3187e-01    10.9594     0.8457     5.2802     80.251 1.9456e+01    36.4018    26.2299  0.000e+00
     24.984   5.629927  1024.1267 1.3187e-01    10.9594     0.8457     5.2795     80.241 1.9566e+01    36.4018    26.2307  0.000e+00
     24.926   5.629986  1024.1263 1.3187e-01    10.9594     0.8457     5.2748     80.170 1.9566e+01    36.4018    26.2312  0.000e+00
     24.984   5.630067  1024.1266 1.3187e-01    10.7652     0.8457     5.2742     80.162 1.9676e+01    36.4021    26.2316  0.000e+00
     24.926   5.630125  1024.1261 1.3187e-01    10.9594     0.8457     5.2734     80.151 1.9787e+01    36.4020    26.2323  0.000e+00
     24.860   5.630177  1024.1256 1.3065e-01    10.9594     0.8457     5.2728     80.143 1.9843e+01    36.4019    26.2328  0.000e+00
     24.926   5.630258  1024.1260 1.3187e-01    10.9594     0.8152     5.2724     80.137 1.9843e+01    36.4022    26.2332  0.000e+00
     24.802   5.630280  1024.1253 1.3431e-01   119.8714     0.7236     5.2719     80.130 1.9899e+01    36.4021    26.2336  0.000e+00
     24.860   5.630309  1024.1255 1.1111e-01   241.9850     0.8763     5.2756     80.187 1.9955e+01    36.4022    26.2338  0.000e+00
     24.802   5.630324  1024.1250 1.0745e-01   264.3110     0.9068     5.2755     80.185 2.0011e+01    36.4020    26.2341  0.000e+00
     24.802   5.630257  1024.1251 1.0745e-01   264.3110     0.9373     5.2713     80.121 2.0180e+01    36.4020    26.2336  0.000e+00
     24.736   5.630228  1024.1246 1.0745e-01   264.1169     0.9068     5.2710     80.117 2.0180e+01    36.4017    26.2337  0.000e+00
     24.736   5.630434  1024.1248 1.0745e-01   259.4575     0.9068     5.2707     80.113 2.0180e+01    36.4024    26.2347  0.000e+00
     24.679   5.630683  1024.1246 1.0745e-01   259.3928     0.9068     5.2703     80.109 2.0351e+01    36.4031    26.2361  0.000e+00
     24.662   5.630837  1024.1239 1.0623e-01   259.6517     0.9068     5.2700     80.107 2.0351e+01    36.4029    26.2378  0.000e+00
     24.621   5.631014  1024.1235 1.0745e-01   259.7811     0.9068     5.2697     80.105 2.0409e+01    36.4031    26.2392  0.000e+00
     24.621   5.631131  1024.1234 1.0623e-01   259.7811     0.9068     5.2655     80.041 2.0466e+01    36.4033    26.2400  0.000e+00
     24.555   5.631153  1024.1226 1.0623e-01   259.7811     0.9068     5.2692     80.099 2.0640e+01    36.4030    26.2407  0.000e+00
     24.621   5.631183  1024.1232 1.0623e-01   259.7811     0.9068     5.2692     80.099 2.0582e+01    36.4033    26.2404  0.000e+00
     24.497   5.631138  1024.1224 1.1722e-01   218.1059     0.8152     5.2651     80.036 2.0756e+01    36.4030    26.2405  0.000e+00
     24.497   5.631138  1024.1226 1.2943e-01    66.5479     0.8152     5.2650     80.034 2.0815e+01    36.4031    26.2403  0.000e+00
     24.431   5.631153  1024.1222 1.2943e-01     7.5943     0.8152     5.2648     80.032 2.0815e+01    36.4031    26.2405  0.000e+00
     24.497   5.631227  1024.1227 1.2943e-01     4.7469     0.8152     5.2648     80.032 2.0991e+01    36.4034    26.2408  0.000e+00
     24.374   5.631315  1024.1217 1.3065e-01    10.5711     0.8152     5.2646     80.030 2.0991e+01    36.4033    26.2418  0.000e+00
     24.374   5.631476  1024.1216 1.3065e-01    12.8360     0.8152     5.2645     80.031 2.1050e+01    36.4036    26.2429  0.000e+00
