WS23139_STN02_02CTD.cnv
* Sea-Bird SBE 9 Data File:
* FileName = C:\ctd\Cruise_Data\WS23139_Rosenheim\WS23139_Rosenheim_STN02_02.hex
* Software Version Seasave V 7.26.7.121
* Temperature SN = 4097 MTG 177
* Conductivity SN = 1851 MTG 053
* Number of Bytes Per Scan = 40
* Number of Voltage Words = 5
* Number of Scans Averaged by the Deck Unit = 1
* NMEA Latitude = 02 40.65 N
* NMEA Longitude = 048 15.45 W
* NMEA UTC (Time) = Oct 22 2003  14:24:54
** Ship:
** Station:
** Operator:
# nquan = 12
# nvalues = 16910                                 
# units = specified
# name 0 = depSM: Depth [salt water, m]
# name 1 = c0S/m: Conductivity [S/m]
# name 2 = density00: Density [density, kg/m^3]
# name 3 = flSP: Fluorescence, Seapoint
# name 4 = wetCDOM: Fluorescence, WET Labs CDOM [mg/m^3]
# name 5 = flECO-AFL: Fluorescence, WET Labs ECO-AFL/FL [mg/m^3]
# name 6 = sbeox0Mg/L: Oxygen, SBE 43 [mg/l]
# name 7 = sbeox0PS: Oxygen, SBE 43 [% saturation]
# name 8 = par: PAR/Irradiance, Biospherical/Licor [Watts/m^2]
# name 9 = sal00: Salinity, Practical [PSU]
# name 10 = t090C: Temperature [ITS-90, deg C]
# name 11 = flag:  0.000e+00
# span 0 =      1.550,     94.402                 
# span 1 =   5.822714,   5.871983                 
# span 2 =  1022.8635,  1023.3956                 
# span 3 = 9.5238e-02, 1.3187e-01                 
# span 4 =    -0.6890,   264.3110                 
# span 5 =    -0.1311,     0.5710                 
# span 6 =     5.9760,     6.2251                 
# span 7 =     94.225,     98.488                 
# span 8 = 1.2230e+01, 7.4007e+03                 
# span 9 =    36.0059,    36.0367                 
# span 10 =    28.4865,    28.9478                
# span 11 = 0.0000e+00, 0.0000e+00                
# interval = seconds: 0.0416667
# start_time = Oct 22 2003 14:24:54 [NMEA time, header]
# bad_flag = -9.990e-29
*END*
[from data line 7700]
     93.240   5.826446  1023.3885 1.2210e-01   185.1022     0.3879     6.1305     96.525 1.2902e+01    36.0127    28.5109  0.000e+00
     93.331   5.826461  1023.3890 1.2454e-01    41.6333     0.3573     6.1302     96.520 1.2938e+01    36.0127    28.5109  0.000e+00
     93.306   5.826476  1023.3888 1.2332e-01    -0.6890     0.3879     6.1298     96.514 1.2938e+01    36.0127    28.5111  0.000e+00
     93.306   5.826476  1023.3886 1.2332e-01    -0.6890     0.3879     6.1334     96.570 1.2938e+01    36.0126    28.5113  0.000e+00
     93.364   5.826543  1023.3890 1.2454e-01     3.4526     0.3573     6.1293     96.506 1.2866e+01    36.0129    28.5115  0.000e+00
     93.389   5.826506  1023.3893 1.2454e-01     5.4587     0.3879     6.1329     96.562 1.2866e+01    36.0129    28.5111  0.000e+00
     93.364   5.826550  1023.3892 1.2454e-01     5.6529     0.3573     6.1289     96.499 1.2902e+01    36.0131    28.5113  0.000e+00
     93.364   5.826603  1023.3894 1.2454e-01     5.5235     0.3879     6.1284     96.493 1.2866e+01    36.0133    28.5115  0.000e+00
     93.430   5.826685  1023.3889 1.2576e-01     5.3940     0.3573     6.1280     96.487 1.2830e+01    36.0129    28.5128  0.000e+00
     93.512   5.826781  1023.3887 1.2576e-01     5.5235     0.3879     6.1314     96.544 1.2830e+01    36.0127    28.5139  0.000e+00
     93.488   5.826811  1023.3888 1.2698e-01     5.3940     0.3879     6.1272     96.477 1.2830e+01    36.0129    28.5139  0.000e+00
     93.430   5.826841  1023.3885 1.2698e-01     5.3940     0.3879     6.1267     96.470 1.2793e+01    36.0130    28.5141  0.000e+00
     93.545   5.826863  1023.3888 1.2576e-01     5.6529     0.3879     6.1224     96.401 1.2793e+01    36.0128    28.5144  0.000e+00
     93.512   5.826930  1023.3887 1.2454e-01     8.4355     0.3879     6.1216     96.391 1.2793e+01    36.0130    28.5148  0.000e+00
     93.488   5.826916  1023.3885 1.2332e-01     9.9239     0.3879     6.1251     96.446 1.2793e+01    36.0129    28.5148  0.000e+00
     93.611   5.826863  1023.3887 1.2332e-01    10.0534     0.3879     6.1250     96.443 1.2793e+01    36.0125    28.5148  0.000e+00
     93.611   5.826893  1023.3889 1.2454e-01     9.9239     0.3879     6.1208     96.377 1.2758e+01    36.0128    28.5148  0.000e+00
     93.570   5.826863  1023.3887 1.2454e-01     9.9239     0.3879     6.1205     96.373 1.2722e+01    36.0127    28.5146  0.000e+00
     93.611   5.826901  1023.3892 1.2454e-01     9.9239     0.3879     6.1201     96.366 1.2686e+01    36.0131    28.5144  0.000e+00
     93.669   5.826871  1023.3893 1.2454e-01     9.9239     0.3879     6.1198     96.361 1.2722e+01    36.0128    28.5144  0.000e+00
     93.669   5.826856  1023.3891 1.2454e-01     9.9239     0.3573     6.1193     96.354 1.2686e+01    36.0126    28.5146  0.000e+00
     93.694   5.826856  1023.3894 1.2454e-01     9.9239     0.3879     6.1192     96.351 1.2686e+01    36.0127    28.5144  0.000e+00
     93.669   5.826923  1023.3893 1.2332e-01     9.9239     0.3879     6.1227     96.407 1.2686e+01    36.0129    28.5148  0.000e+00
     93.735   5.826916  1023.3892 1.2454e-01     9.9239     0.3879     6.1227     96.408 1.2650e+01    36.0126    28.5152  0.000e+00
     93.735   5.826983  1023.3895 1.2332e-01     9.9239     0.3879     6.1190     96.349 1.2650e+01    36.0131    28.5152  0.000e+00
     93.760   5.827035  1023.3894 1.2698e-01   121.1657     0.3268     6.1188     96.347 1.2579e+01    36.0130    28.5157  0.000e+00
     93.793   5.827050  1023.3893 1.0623e-01   242.6968     0.3879     6.1186     96.345 1.2615e+01    36.0128    28.5161  0.000e+00
     93.851   5.827005  1023.3896 1.0256e-01   264.3110     0.3573     6.1225     96.406 1.2579e+01    36.0128    28.5157  0.000e+00
     93.851   5.826960  1023.3895 1.0256e-01   264.3110     0.3573     6.1187     96.345 1.2579e+01    36.0126    28.5155  0.000e+00
     93.818   5.826983  1023.3897 1.0256e-01   264.1169     0.3573     6.1186     96.343 1.2544e+01    36.0129    28.5153  0.000e+00
     93.851   5.826998  1023.3897 1.0134e-01   259.4575     0.3879     6.1185     96.343 1.2544e+01    36.0128    28.5155  0.000e+00
     93.851   5.827042  1023.3897 1.0134e-01   259.3928     0.3573     6.1184     96.342 1.2509e+01    36.0129    28.5159  0.000e+00
     93.917   5.827050  1023.3896 1.0256e-01   259.7164     0.3573     6.1184     96.342 1.2509e+01    36.0126    28.5163  0.000e+00
     93.875   5.827117  1023.3896 1.0379e-01   259.7811     0.3879     6.1222     96.403 1.2509e+01    36.0130    28.5165  0.000e+00
     93.974   5.827206  1023.3898 1.0623e-01   259.8458     0.3573     6.1224     96.407 1.2509e+01    36.0130    28.5172  0.000e+00
     93.917   5.827162  1023.3894 1.0623e-01   259.8458     0.3573     6.1188     96.350 1.2509e+01    36.0127    28.5172  0.000e+00
     93.974   5.827102  1023.3899 1.0501e-01   259.8458     0.3573     6.1189     96.350 1.2474e+01    36.0128    28.5165  0.000e+00
     93.941   5.827065  1023.3898 1.1722e-01   216.2939     0.3879     6.1231     96.416 1.2509e+01    36.0127    28.5163  0.000e+00
     93.974   5.827013  1023.3900 1.2821e-01    65.7066     0.3573     6.1234     96.420 1.2509e+01    36.0126    28.5159  0.000e+00
     93.974   5.826961  1023.3900 1.2698e-01     7.9826     0.3879     6.1237     96.424 1.2474e+01    36.0125    28.5155  0.000e+00
     93.974   5.826983  1023.3903 1.2576e-01     5.5235     0.3879     6.1279     96.490 1.2474e+01    36.0129    28.5153  0.000e+00
     93.941   5.826931  1023.3901 1.2454e-01    11.2182     0.3879     6.1285     96.499 1.2474e+01    36.0126    28.5152  0.000e+00
     93.974   5.826908  1023.3906 1.2454e-01    13.4184     0.3879     6.1251     96.445 1.2474e+01    36.0129    28.5146  0.000e+00
     94.040   5.826834  1023.3906 1.2576e-01    13.5479     0.3879     6.1254     96.450 1.2438e+01    36.0125    28.5144  0.000e+00
     93.916   5.826819  1023.3907 1.2576e-01    13.2890     0.3879     6.1255     96.449 1.2438e+01    36.0130    28.5137  0.000e+00
     93.999   5.826737  1023.3908 1.2576e-01    13.2243     0.3879     6.1258     96.455 1.2438e+01    36.0125    28.5135  0.000e+00
     93.974   5.826782  1023.3911 1.2576e-01    13.2243     0.3879     6.1261     96.459 1.2438e+01    36.0130    28.5133  0.000e+00
     93.974   5.826737  1023.3909 1.2576e-01    13.2243     0.4184     6.1303     96.526 1.2438e+01    36.0127    28.5133  0.000e+00
     93.999   5.826715  1023.3910 1.2576e-01    13.2243     0.4184     6.1269     96.471 1.2404e+01    36.0126    28.5131  0.000e+00
     93.916   5.826677  1023.3907 1.2454e-01    13.1596     0.4184     6.1270     96.472 1.2438e+01    36.0125    28.5130  0.000e+00
     94.040   5.826715  1023.3915 1.2454e-01    10.9594     0.4184     6.1272     96.475 1.2438e+01    36.0129    28.5128  0.000e+00
     93.974   5.826685  1023.3913 1.2576e-01     9.4062     0.4184     6.1272     96.475 1.2404e+01    36.0129    28.5126  0.000e+00
     93.941   5.826670  1023.3911 1.2454e-01     9.2121     0.4184     6.1315     96.542 1.2438e+01    36.0128    28.5126  0.000e+00
     94.040   5.826700  1023.3918 1.2454e-01     9.2768     0.4184     6.1318     96.548 1.2438e+01    36.0131    28.5124  0.000e+00
     93.916   5.826640  1023.3908 1.2332e-01     9.2768     0.4184     6.1283     96.492 1.2438e+01    36.0126    28.5126  0.000e+00
     93.974   5.826618  1023.3911 1.2332e-01     9.3415     0.4184     6.1324     96.556 1.2438e+01    36.0125    28.5124  0.000e+00
     93.999   5.826625  1023.3912 1.2332e-01     9.2768     0.4184     6.1327     96.561 1.2404e+01    36.0126    28.5124  0.000e+00
     93.974   5.826655  1023.3916 1.2454e-01     9.3415     0.4184     6.1329     96.565 1.2438e+01    36.0131    28.5120  0.000e+00
     93.974   5.826625  1023.3911 1.2454e-01     9.3415     0.4184     6.1373     96.634 1.2438e+01    36.0126    28.5124  0.000e+00
     93.916   5.826618  1023.3912 1.2576e-01     9.3415     0.4184     6.1338     96.578 1.2404e+01    36.0128    28.5120  0.000e+00
     93.999   5.826618  1023.3915 1.2454e-01     9.2768     0.4184     6.1341     96.583 1.2404e+01    36.0128    28.5120  0.000e+00
     93.916   5.826618  1023.3912 1.2454e-01     9.3415     0.4184     6.1341     96.583 1.2438e+01    36.0128    28.5120  0.000e+00
     93.974   5.826595  1023.3913 1.2454e-01    87.1913     0.3573     6.1342     96.584 1.2438e+01    36.0127    28.5120  0.000e+00
     93.916   5.826573  1023.3908 1.0867e-01   227.4246     0.4489     6.1383     96.649 1.2438e+01    36.0124    28.5122  0.000e+00
     93.999   5.826603  1023.3911 1.0012e-01   264.3110     0.4184     6.1348     96.594 1.2438e+01    36.0124    28.5124  0.000e+00
     93.974   5.826618  1023.3914 1.0012e-01   264.3110     0.4184     6.1387     96.655 1.2474e+01    36.0128    28.5120  0.000e+00
     93.974   5.826655  1023.3914 1.0012e-01   264.3110     0.4184     6.1388     96.658 1.2474e+01    36.0129    28.5122  0.000e+00
     93.916   5.826670  1023.3915 1.0012e-01   259.7164     0.4184     6.1389     96.659 1.2474e+01    36.0132    28.5120  0.000e+00
     93.941   5.826640  1023.3912 1.0012e-01   259.3281     0.4184     6.1391     96.661 1.2474e+01    36.0128    28.5122  0.000e+00
     93.974   5.826588  1023.3913 1.0012e-01   259.7164     0.4184     6.1392     96.663 1.2438e+01    36.0126    28.5120  0.000e+00
     93.974   5.826573  1023.3913 1.0012e-01   259.7811     0.4184     6.1432     96.726 1.2474e+01    36.0126    28.5119  0.000e+00
     93.916   5.826573  1023.3911 1.0134e-01   259.7811     0.4184     6.1396     96.669 1.2438e+01    36.0126    28.5119  0.000e+00
     93.999   5.826573  1023.3914 1.0134e-01   259.8458     0.4184     6.1399     96.674 1.2509e+01    36.0126    28.5119  0.000e+00
     93.974   5.826603  1023.3913 1.0134e-01   259.8458     0.4184     6.1399     96.673 1.2474e+01    36.0127    28.5120  0.000e+00
     93.974   5.826551  1023.3914 1.0501e-01   243.2793     0.4184     6.1399     96.673 1.2474e+01    36.0126    28.5117  0.000e+00
     93.941   5.826528  1023.3912 1.2454e-01    88.0326     0.3573     6.1398     96.671 1.2474e+01    36.0125    28.5117  0.000e+00
     93.916   5.826558  1023.3914 1.2454e-01    11.1535     0.4184     6.1439     96.735 1.2509e+01    36.0128    28.5115  0.000e+00
     93.974   5.826536  1023.3916 1.2332e-01     2.8055     0.4184     6.1440     96.737 1.2544e+01    36.0128    28.5113  0.000e+00
     93.916   5.826558  1023.3915 1.2454e-01     8.6297     0.4184     6.1440     96.738 1.2509e+01    36.0130    28.5113  0.000e+00
     93.941   5.826573  1023.3917 1.2454e-01    11.6065     0.4184     6.1440     96.738 1.2509e+01    36.0131    28.5113  0.000e+00
     93.916   5.826543  1023.3913 1.2454e-01    11.9300     0.4184     6.1401     96.676 1.2509e+01    36.0127    28.5115  0.000e+00
     93.974   5.826528  1023.3914 1.2332e-01    11.7359     0.4184     6.1438     96.735 1.2509e+01    36.0126    28.5115  0.000e+00
     93.916   5.826528  1023.3912 1.2332e-01    11.6712     0.4184     6.1439     96.736 1.2509e+01    36.0126    28.5115  0.000e+00
     93.941   5.826528  1023.3915 1.2332e-01    11.6065     0.4184     6.1441     96.739 1.2544e+01    36.0127    28.5113  0.000e+00
     93.850   5.826528  1023.3909 1.2454e-01    11.6065     0.4184     6.1439     96.736 1.2509e+01    36.0126    28.5115  0.000e+00
     93.916   5.826454  1023.3910 1.2454e-01    11.6065     0.4184     6.1478     96.796 1.2544e+01    36.0122    28.5113  0.000e+00
     93.916   5.826431  1023.3912 1.2454e-01    11.6065     0.4184     6.1441     96.738 1.2509e+01    36.0124    28.5109  0.000e+00
     93.875   5.826431  1023.3910 1.2698e-01   124.4014     0.3573     6.1440     96.737 1.2509e+01    36.0124    28.5109  0.000e+00
     93.916   5.826431  1023.3914 1.0501e-01   243.7322     0.4184     6.1440     96.737 1.2544e+01    36.0125    28.5107  0.000e+00
     93.916   5.826387  1023.3915 1.0134e-01   264.3110     0.4184     6.1442     96.739 1.2579e+01    36.0125    28.5104  0.000e+00
     93.850   5.826379  1023.3910 1.0134e-01   264.3110     0.4184     6.1443     96.740 1.2579e+01    36.0123    28.5106  0.000e+00
     93.817   5.826416  1023.3911 1.0134e-01   263.9874     0.4184     6.1442     96.739 1.2579e+01    36.0126    28.5106  0.000e+00
     93.916   5.826476  1023.3918 1.0134e-01   259.4575     0.4184     6.1441     96.738 1.2579e+01    36.0130    28.5106  0.000e+00
     93.850   5.826446  1023.3915 1.0134e-01   259.4575     0.4184     6.1439     96.735 1.2579e+01    36.0129    28.5104  0.000e+00
     93.850   5.826431  1023.3914 1.0134e-01   259.7164     0.4184     6.1438     96.733 1.2579e+01    36.0128    28.5104  0.000e+00
     93.875   5.826461  1023.3914 1.0134e-01   259.8458     0.4184     6.1436     96.730 1.2544e+01    36.0127    28.5107  0.000e+00
     93.850   5.826476  1023.3917 1.0134e-01   259.8458     0.4184     6.1436     96.730 1.2579e+01    36.0131    28.5104  0.000e+00
     93.792   5.826439  1023.3909 1.0134e-01   259.8458     0.4184     6.1433     96.725 1.2615e+01    36.0126    28.5108  0.000e+00
     93.916   5.826402  1023.3914 1.0134e-01   259.8458     0.4184     6.1471     96.785 1.2615e+01    36.0124    28.5106  0.000e+00
     93.817   5.826379  1023.3910 1.0134e-01   259.8458     0.3879     6.1470     96.783 1.2615e+01    36.0125    28.5104  0.000e+00
     93.792   5.826267  1023.3912 1.0256e-01   259.7811     0.3573     6.1469     96.780 1.2615e+01    36.0124    28.5095  0.000e+00
     93.850   5.826200  1023.3916 1.0134e-01   259.8458     0.3573     6.1431     96.720 1.2650e+01    36.0123    28.5089  0.000e+00
     93.875   5.826193  1023.3919 1.0134e-01   259.8458     0.3573     6.1470     96.780 1.2615e+01    36.0125    28.5086  0.000e+00
     93.850   5.826156  1023.3918 1.0134e-01   259.8458     0.3573     6.1468     96.776 1.2650e+01    36.0124    28.5084  0.000e+00
     93.792   5.826118  1023.3919 1.0134e-01   259.8458     0.3573     6.1428     96.713 1.2650e+01    36.0126    28.5078  0.000e+00
     93.850   5.826066  1023.3920 1.0134e-01   259.8458     0.3573     6.1466     96.772 1.2650e+01    36.0123    28.5076  0.000e+00
     93.817   5.826081  1023.3921 1.0134e-01   259.8458     0.3573     6.1505     96.833 1.2650e+01    36.0126    28.5074  0.000e+00
     93.850   5.826096  1023.3925 1.0134e-01   259.8458     0.3573     6.1469     96.776 1.2686e+01    36.0129    28.5072  0.000e+00
     93.850   5.826059  1023.3921 1.0012e-01   259.8458     0.3573     6.1467     96.774 1.2686e+01    36.0125    28.5074  0.000e+00
     93.850   5.826051  1023.3923 1.0012e-01   259.8458     0.3573     6.1466     96.772 1.2686e+01    36.0125    28.5073  0.000e+00
     93.817   5.826096  1023.3920 1.0134e-01   259.8458     0.3573     6.1424     96.707 1.2650e+01    36.0126    28.5076  0.000e+00
     93.850   5.826096  1023.3925 1.0134e-01   256.8690     0.3573     6.1461     96.764 1.2650e+01    36.0128    28.5073  0.000e+00
     93.850   5.826096  1023.3922 1.2698e-01   116.3769     0.3268     6.1460     96.764 1.2650e+01    36.0126    28.5076  0.000e+00
     93.850   5.826133  1023.3926 1.2454e-01    20.1486     0.3879     6.1458     96.760 1.2686e+01    36.0130    28.5074  0.000e+00
     93.759   5.826104  1023.3920 1.2332e-01     3.9703     0.3879     6.1457     96.759 1.2722e+01    36.0128    28.5074  0.000e+00
     93.916   5.826066  1023.3926 1.2454e-01     9.4062     0.3879     6.1458     96.760 1.2686e+01    36.0126    28.5073  0.000e+00
     93.792   5.826081  1023.3920 1.2454e-01    13.0949     0.3879     6.1456     96.757 1.2686e+01    36.0126    28.5074  0.000e+00
     93.916   5.826059  1023.3927 1.2454e-01    13.6773     0.3879     6.1417     96.695 1.2650e+01    36.0127    28.5071  0.000e+00
     93.817   5.826051  1023.3925 1.2454e-01    13.4832     0.3879     6.1453     96.751 1.2686e+01    36.0128    28.5069  0.000e+00
