WS23139_STN21_19CTD.cnv
* Sea-Bird SBE 9 Data File:
* FileName = C:\ctd\Cruise_Data\WS23139_Rosenheim\WS23139_Rosenheim_STN21.hex
* Software Version Seasave V 7.26.7.121
* Temperature SN = 4097 MTG 177
* Conductivity SN = 1851 MTG 053
* Number of Bytes Per Scan = 40
* Number of Voltage Words = 5
* Number of Scans Averaged by the Deck Unit = 1
* NMEA Latitude = 06 01.23 N
* NMEA Longitude = 054 01.33 W
* NMEA UTC (Time) = Jun 16 2023 21:59:06
** Ship:
** Station:
** Operator:
# nquan = 12
# nvalues = 10417                                 
# units = specified
# name 0 = depSM: Depth [salt water, m]
# name 1 = c0S/m: Conductivity [S/m]
# name 2 = density00: Density [density, kg/m^3]
# name 3 = flSP: Fluorescence, Seapoint
# name 4 = wetCDOM: Fluorescence, WET Labs CDOM [mg/m^3]
# name 5 = flECO-AFL: Fluorescence, WET Labs ECO-AFL/FL [mg/m^3]
# name 6 = sbeox0Mg/L: Oxygen, SBE 43 [mg/l]
# name 7 = sbeox0PS: Oxygen, SBE 43 [% saturation]
# name 8 = par: PAR/Irradiance, Biospherical/Licor [Watts/m^2]
# name 9 = sal00: Salinity, Practical [PSU]
# name 10 = t090C: Temperature [ITS-90, deg C]
# name 11 = flag:  0.000e+00
# span 0 =      1.044,     15.478                 
# span 1 =   5.367870,   5.706796                 
# span 2 =  1021.2236,  1023.4850                 
# span 3 = 7.6923e-02, 1.6484e-01                 
# span 4 =    -0.6890,   264.3110                 
# span 5 =     0.6015,     2.1583                 
# span 6 =     4.9966,     6.0744                 
# span 7 =     76.686,     93.241                 
# span 8 = 9.8755e-02, 1.0959e+01                 
# span 9 =    33.3505,    36.0810                 
# span 10 =    27.3499,    27.8144                
# span 11 = 0.0000e+00, 0.0000e+00                
# interval = seconds: 0.0416667
# start_time = Jun 16 2023 21:59:06 [NMEA time, header]
# bad_flag = -9.990e-29
*END*
[from data line 7219]
     10.257   5.704858  1023.4452 1.2943e-01    15.4893     0.8457     5.3356     82.468 9.9065e-02    36.0613    27.3615  0.000e+00
     10.281   5.704836  1023.4453 1.2943e-01    15.4893     0.8457     5.3351     82.461 9.9375e-02    36.0613    27.3614  0.000e+00
     10.281   5.704791  1023.4448 1.2943e-01    15.4893     0.8457     5.3385     82.514 9.9065e-02    36.0607    27.3617  0.000e+00
     10.257   5.704806  1023.4448 1.2943e-01    15.4893     0.8457     5.3343     82.449 9.9375e-02    36.0608    27.3617  0.000e+00
     10.281   5.704777  1023.4447 1.2821e-01    15.4893     0.8457     5.3339     82.442 9.9375e-02    36.0606    27.3618  0.000e+00
     10.257   5.704799  1023.4448 1.3187e-01   133.2023     0.6931     5.3334     82.434 9.9065e-02    36.0608    27.3617  0.000e+00
     10.281   5.704791  1023.4449 1.0745e-01   246.5149     0.8457     5.3329     82.427 9.9065e-02    36.0608    27.3616  0.000e+00
     10.257   5.704777  1023.4446 1.0501e-01   264.3110     0.8763     5.3325     82.421 9.9065e-02    36.0606    27.3617  0.000e+00
     10.281   5.704747  1023.4445 1.0501e-01   264.3110     0.8763     5.3281     82.353 9.9065e-02    36.0604    27.3618  0.000e+00
     10.215   5.704762  1023.4442 1.0501e-01   263.7286     0.8763     5.3317     82.408 9.9065e-02    36.0604    27.3619  0.000e+00
     10.257   5.704747  1023.4444 1.0501e-01   259.5869     0.8763     5.3315     82.405 9.9065e-02    36.0604    27.3618  0.000e+00
     10.215   5.704747  1023.4442 1.0379e-01   259.5222     0.8763     5.3234     82.280 9.9375e-02    36.0603    27.3619  0.000e+00
     10.191   5.704740  1023.4438 1.0501e-01   259.9105     0.8763     5.3229     82.273 9.9065e-02    36.0601    27.3621  0.000e+00
     10.215   5.704695  1023.4437 1.0501e-01   260.0399     0.8763     5.3225     82.266 9.9065e-02    36.0598    27.3621  0.000e+00
     10.257   5.704718  1023.4440 1.0501e-01   259.9752     0.8763     5.3179     82.195 9.9065e-02    36.0599    27.3621  0.000e+00
     10.215   5.704666  1023.4433 1.0501e-01   259.9752     0.8763     5.3170     82.181 9.9065e-02    36.0594    27.3623  0.000e+00
     10.158   5.704607  1023.4430 1.0379e-01   259.9752     0.8763     5.3161     82.167 9.9065e-02    36.0591    27.3621  0.000e+00
     10.191   5.704607  1023.4427 1.1966e-01   206.2634     0.7542     5.3154     82.157 9.9065e-02    36.0588    27.3625  0.000e+00
     10.158   5.704629  1023.4429 1.2821e-01    55.0937     0.7542     5.3068     82.023 9.9065e-02    36.0592    27.3622  0.000e+00
     10.191   5.704570  1023.4427 1.2821e-01     0.8641     0.8152     5.3018     81.946 9.9065e-02    36.0587    27.3623  0.000e+00
     10.158   5.704607  1023.4427 1.2698e-01    -0.1713     0.8152     5.3008     81.931 9.9375e-02    36.0589    27.3624  0.000e+00
     10.133   5.704570  1023.4423 1.2821e-01     5.1352     0.8152     5.2959     81.854 9.9065e-02    36.0586    27.3625  0.000e+00
     10.158   5.704607  1023.4425 1.2821e-01     7.4648     0.7847     5.2906     81.773 9.9375e-02    36.0587    27.3626  0.000e+00
     10.100   5.704621  1023.4424 1.2698e-01     7.5943     0.8152     5.2891     81.750 9.9375e-02    36.0589    27.3625  0.000e+00
     10.067   5.704599  1023.4422 1.2576e-01     7.4001     0.7847     5.2837     81.666 9.9065e-02    36.0589    27.3624  0.000e+00
     10.158   5.704555  1023.4422 1.2576e-01     7.2707     0.8152     5.2824     81.646 9.9065e-02    36.0584    27.3626  0.000e+00
     10.067   5.704577  1023.4419 1.2698e-01     7.2707     0.8152     5.2729     81.499 9.9065e-02    36.0585    27.3627  0.000e+00
     10.034   5.704592  1023.4421 1.2698e-01     7.2707     0.7847     5.2673     81.413 9.9375e-02    36.0588    27.3624  0.000e+00
     10.067   5.704592  1023.4420 1.2698e-01     7.2707     0.8152     5.2616     81.325 9.9065e-02    36.0586    27.3627  0.000e+00
     10.034   5.704540  1023.4414 1.2821e-01    10.7652     0.7847     5.2556     81.232 9.9065e-02    36.0581    27.3628  0.000e+00
     10.009   5.704474  1023.4410 1.2943e-01   159.5405     0.6931     5.2495     81.137 9.9065e-02    36.0576    27.3628  0.000e+00
     10.034   5.704481  1023.4411 1.0501e-01   256.0277     0.8763     5.2435     81.045 9.9375e-02    36.0577    27.3628  0.000e+00
     10.034   5.704496  1023.4412 1.0379e-01   264.3110     0.8763     5.2414     81.013 9.9065e-02    36.0578    27.3628  0.000e+00
     10.009   5.704496  1023.4409 1.0501e-01   264.3110     0.8763     5.2355     80.921 9.9065e-02    36.0577    27.3630  0.000e+00
      9.976   5.704496  1023.4411 1.0501e-01   262.3049     0.8763     5.2257     80.769 9.9065e-02    36.0580    27.3627  0.000e+00
      9.951   5.704525  1023.4410 1.0501e-01   259.4575     0.8763     5.2194     80.673 9.9375e-02    36.0581    27.3628  0.000e+00
      9.976   5.704525  1023.4411 1.0501e-01   259.5869     0.8763     5.2173     80.641 9.9065e-02    36.0580    27.3628  0.000e+00
      9.951   5.704474  1023.4408 1.0379e-01   259.9105     0.8763     5.2114     80.549 9.9065e-02    36.0577    27.3628  0.000e+00
      9.910   5.704481  1023.4405 1.0379e-01   259.9752     0.8763     5.2094     80.519 9.9065e-02    36.0576    27.3630  0.000e+00
      9.976   5.704496  1023.4409 1.0379e-01   260.0399     0.8763     5.2075     80.489 9.9065e-02    36.0578    27.3628  0.000e+00
      9.951   5.704562  1023.4416 1.0379e-01   259.9752     0.8763     5.2019     80.402 9.9065e-02    36.0586    27.3624  0.000e+00
      9.910   5.704658  1023.4420 1.0379e-01   259.9752     0.8763     5.2002     80.377 9.9065e-02    36.0594    27.3623  0.000e+00
      9.885   5.704666  1023.4420 1.2454e-01   183.6785     0.7236     5.1988     80.354 9.9065e-02    36.0595    27.3622  0.000e+00
      9.910   5.704710  1023.4426 1.2698e-01    55.8055     0.7847     5.1936     80.273 9.9065e-02    36.0601    27.3619  0.000e+00
      9.885   5.704695  1023.4423 1.2821e-01    18.4661     0.7847     5.1963     80.315 9.9065e-02    36.0599    27.3621  0.000e+00
      9.910   5.704680  1023.4425 1.2821e-01    20.3427     0.8152     5.1952     80.299 9.9065e-02    36.0599    27.3619  0.000e+00
      9.852   5.704717  1023.4423 1.2821e-01    25.1962     0.7847     5.1945     80.288 9.9065e-02    36.0600    27.3621  0.000e+00
      9.885   5.704695  1023.4423 1.2821e-01    26.7493     0.7847     5.1940     80.280 9.9065e-02    36.0598    27.3621  0.000e+00
      9.910   5.704732  1023.4426 1.2821e-01    26.6199     0.7847     5.1937     80.275 9.9065e-02    36.0601    27.3621  0.000e+00
      9.885   5.704703  1023.4424 1.2943e-01    26.4258     0.7847     5.1935     80.273 9.9065e-02    36.0599    27.3621  0.000e+00
      9.852   5.704747  1023.4426 1.2821e-01    26.3611     0.7847     5.1975     80.335 9.9375e-02    36.0603    27.3619  0.000e+00
      9.885   5.704747  1023.4430 1.2943e-01    26.3611     0.7847     5.1982     80.345 9.9065e-02    36.0605    27.3617  0.000e+00
      9.852   5.704762  1023.4428 1.2943e-01    26.3611     0.7847     5.1988     80.354 9.9065e-02    36.0606    27.3618  0.000e+00
      9.951   5.704843  1023.4439 1.2943e-01    26.3611     0.7847     5.2036     80.428 9.9065e-02    36.0613    27.3615  0.000e+00
      9.795   5.704821  1023.4431 1.2698e-01    46.0338     0.7847     5.2047     80.445 9.9065e-02    36.0612    27.3616  0.000e+00
      9.910   5.704813  1023.4436 1.2332e-01   192.1559     0.7236     5.2100     80.528 9.9065e-02    36.0611    27.3615  0.000e+00
      9.828   5.704791  1023.4429 1.0379e-01   263.5344     0.8763     5.2117     80.553 9.9065e-02    36.0608    27.3618  0.000e+00
      9.910   5.704776  1023.4432 1.0379e-01   264.3110     0.9373     5.2173     80.641 9.9375e-02    36.0607    27.3617  0.000e+00
      9.828   5.704673  1023.4423 1.0379e-01   264.3110     0.9373     5.2195     80.674 9.9065e-02    36.0600    27.3618  0.000e+00
      9.910   5.704703  1023.4427 1.0379e-01   260.7518     0.9373     5.2258     80.772 9.9065e-02    36.0601    27.3619  0.000e+00
      9.828   5.704710  1023.4425 1.0379e-01   259.3928     0.9373     5.2320     80.868 9.9065e-02    36.0603    27.3617  0.000e+00
      9.852   5.704688  1023.4423 1.0501e-01   259.7164     0.9373     5.2346     80.908 9.9065e-02    36.0599    27.3619  0.000e+00
      9.852   5.704680  1023.4423 1.0501e-01   259.9752     0.9373     5.2413     81.011 9.9065e-02    36.0599    27.3619  0.000e+00
      9.885   5.704680  1023.4424 1.0501e-01   259.9752     0.9373     5.2481     81.116 9.9375e-02    36.0599    27.3619  0.000e+00
      9.852   5.704614  1023.4418 1.0501e-01   260.0399     0.9373     5.2512     81.164 9.9065e-02    36.0593    27.3621  0.000e+00
      9.828   5.704592  1023.4413 1.0379e-01   259.9752     0.9373     5.2583     81.274 9.9065e-02    36.0590    27.3623  0.000e+00
      9.852   5.704592  1023.4415 1.0256e-01   259.9752     0.9373     5.2658     81.390 9.9375e-02    36.0590    27.3622  0.000e+00
      9.828   5.704540  1023.4409 1.2943e-01   148.2805     0.7236     5.2691     81.441 9.9065e-02    36.0584    27.3625  0.000e+00
      9.852   5.704503  1023.4405 1.2821e-01    32.3794     0.8457     5.2723     81.490 9.9065e-02    36.0579    27.3628  0.000e+00
      9.795   5.704466  1023.4402 1.2821e-01     5.9764     0.8457     5.2795     81.601 9.9065e-02    36.0578    27.3627  0.000e+00
      9.828   5.704518  1023.4407 1.2821e-01    10.1181     0.8457     5.2867     81.713 9.9065e-02    36.0582    27.3626  0.000e+00
      9.795   5.704511  1023.4405 1.2821e-01    14.6480     0.8457     5.2980     81.887 9.9065e-02    36.0582    27.3626  0.000e+00
      9.828   5.704496  1023.4407 1.2821e-01    15.6187     0.8457     5.2977     81.882 9.9065e-02    36.0581    27.3625  0.000e+00
      9.729   5.704510  1023.4406 1.2698e-01    15.4246     0.8457     5.3009     81.932 9.9065e-02    36.0585    27.3622  0.000e+00
      9.762   5.704570  1023.4408 1.2698e-01    15.2304     0.8457     5.3081     82.044 9.9065e-02    36.0587    27.3625  0.000e+00
      9.795   5.704555  1023.4411 1.2576e-01    15.2304     0.8457     5.3152     82.153 9.9375e-02    36.0588    27.3622  0.000e+00
      9.762   5.704577  1023.4412 1.2698e-01    15.2304     0.8457     5.3182     82.199 9.9065e-02    36.0590    27.3621  0.000e+00
      9.671   5.704592  1023.4408 1.2698e-01    15.1657     0.8457     5.3209     82.241 9.9065e-02    36.0591    27.3622  0.000e+00
      9.729   5.704621  1023.4414 1.2821e-01    15.2304     0.8457     5.3274     82.342 9.9065e-02    36.0595    27.3619  0.000e+00
      9.762   5.704651  1023.4416 1.2698e-01    59.2353     0.8457     5.3338     82.441 9.9065e-02    36.0596    27.3621  0.000e+00
      9.671   5.704643  1023.4413 1.1722e-01   208.9166     0.8152     5.3361     82.476 9.9375e-02    36.0597    27.3619  0.000e+00
      9.646   5.704636  1023.4410 1.0379e-01   264.3110     0.9678     5.3423     82.572 9.9375e-02    36.0595    27.3621  0.000e+00
      9.671   5.704636  1023.4411 1.0379e-01   264.3110     0.9678     5.3444     82.605 9.9065e-02    36.0595    27.3621  0.000e+00
      9.580   5.704666  1023.4411 1.0379e-01   264.3110     0.8763     5.3460     82.629 9.9065e-02    36.0599    27.3619  0.000e+00
      9.729   5.704680  1023.4418 1.0501e-01   260.2988     0.8457     5.3433     82.588 9.9065e-02    36.0600    27.3619  0.000e+00
      9.522   5.704695  1023.4411 1.0501e-01   259.3928     0.8457     5.3481     82.662 9.9065e-02    36.0602    27.3618  0.000e+00
      9.605   5.704754  1023.4419 1.0501e-01   259.7811     0.8457     5.3530     82.737 9.9065e-02    36.0607    27.3617  0.000e+00
      9.605   5.704710  1023.4416 1.0501e-01   259.9752     0.8457     5.3498     82.688 9.9375e-02    36.0603    27.3618  0.000e+00
      9.522   5.704717  1023.4413 1.0501e-01   260.0399     0.8457     5.3503     82.695 9.9065e-02    36.0604    27.3617  0.000e+00
      9.605   5.704762  1023.4422 1.0501e-01   259.9752     0.8457     5.3545     82.760 9.9065e-02    36.0609    27.3614  0.000e+00
      9.522   5.704776  1023.4416 1.0379e-01   259.9752     0.8457     5.3506     82.700 9.9375e-02    36.0608    27.3617  0.000e+00
      9.547   5.704747  1023.4417 1.0379e-01   258.1633     0.8457     5.3544     82.759 9.9375e-02    36.0607    27.3616  0.000e+00
      9.522   5.704747  1023.4416 1.2943e-01   125.5015     0.6626     5.3541     82.754 9.9065e-02    36.0608    27.3615  0.000e+00
      9.489   5.704769  1023.4416 1.2698e-01    30.0497     0.7542     5.3577     82.811 9.9065e-02    36.0609    27.3615  0.000e+00
      9.522   5.704776  1023.4416 1.2698e-01    13.2890     0.7542     5.3535     82.745 9.9065e-02    36.0608    27.3618  0.000e+00
      9.423   5.704747  1023.4411 1.2698e-01    18.4014     0.7542     5.3528     82.735 9.9065e-02    36.0607    27.3617  0.000e+00
      9.489   5.704695  1023.4412 1.2821e-01    22.0900     0.7542     5.3521     82.723 9.9065e-02    36.0604    27.3616  0.000e+00
      9.465   5.704747  1023.4412 1.2821e-01    22.7371     0.7542     5.3551     82.770 9.9065e-02    36.0607    27.3617  0.000e+00
      9.423   5.704791  1023.4416 1.2698e-01    22.6077     0.7542     5.3542     82.756 9.9065e-02    36.0612    27.3614  0.000e+00
      9.465   5.704813  1023.4418 1.2698e-01    22.4136     0.7542     5.3534     82.743 9.9065e-02    36.0613    27.3615  0.000e+00
      9.423   5.704791  1023.4416 1.2698e-01    22.3489     0.7542     5.3523     82.727 9.9375e-02    36.0612    27.3614  0.000e+00
      9.399   5.704747  1023.4411 1.2698e-01    22.3489     0.7542     5.3551     82.770 9.9375e-02    36.0608    27.3615  0.000e+00
      9.423   5.704761  1023.4413 1.2821e-01    22.3489     0.7542     5.3542     82.756 9.9065e-02    36.0609    27.3616  0.000e+00
      9.465   5.704843  1023.4421 1.2698e-01    22.3489     0.7542     5.3491     82.677 9.9065e-02    36.0616    27.3613  0.000e+00
      9.366   5.704820  1023.4416 1.2821e-01    94.6981     0.6931     5.3518     82.719 9.9065e-02    36.0615    27.3613  0.000e+00
      9.423   5.704784  1023.4415 1.1233e-01   228.5247     0.7847     5.3507     82.701 9.9065e-02    36.0611    27.3614  0.000e+00
      9.399   5.704806  1023.4416 1.0379e-01   264.3110     0.8763     5.3535     82.745 9.9375e-02    36.0614    27.3613  0.000e+00
      9.366   5.704791  1023.4415 1.0379e-01   264.3110     0.8763     5.3524     82.728 9.9065e-02    36.0614    27.3612  0.000e+00
      9.399   5.704843  1023.4418 1.0379e-01   264.3110     0.8457     5.3514     82.712 9.9065e-02    36.0616    27.3613  0.000e+00
      9.423   5.704835  1023.4422 1.0379e-01   259.7811     0.8457     5.3545     82.760 9.9065e-02    36.0618    27.3610  0.000e+00
      9.341   5.704776  1023.4411 1.0379e-01   259.4575     0.8763     5.3495     82.683 9.9065e-02    36.0610    27.3615  0.000e+00
      9.423   5.704798  1023.4416 1.0256e-01   259.8458     0.8763     5.3485     82.668 9.9065e-02    36.0613    27.3614  0.000e+00
      9.399   5.704791  1023.4414 1.0256e-01   259.9752     0.8763     5.3476     82.653 9.9375e-02    36.0611    27.3615  0.000e+00
      9.366   5.704710  1023.4407 1.0256e-01   260.0399     0.8763     5.3465     82.637 9.9065e-02    36.0605    27.3616  0.000e+00
      9.423   5.704680  1023.4407 1.0256e-01   260.0399     0.8763     5.3496     82.684 9.9065e-02    36.0602    27.3617  0.000e+00
      9.399   5.704651  1023.4403 1.0256e-01   259.9752     0.8763     5.3489     82.673 9.9065e-02    36.0599    27.3619  0.000e+00
      9.423   5.704725  1023.4411 1.0623e-01   244.3794     0.8457     5.3521     82.723 9.9375e-02    36.0606    27.3616  0.000e+00
      9.465   5.704769  1023.4415 1.2698e-01    89.1974     0.7236     5.3514     82.713 9.9065e-02    36.0609    27.3615  0.000e+00
      9.366   5.704843  1023.4418 1.2698e-01    11.4123     0.8152     5.3468     82.641 9.9375e-02    36.0617    27.3612  0.000e+00
