WS23139_STN08_07CTD.cnv
* Sea-Bird SBE 9 Data File:
* FileName = C:\ctd\Cruise_Data\WS23139_Rosenheim\WS23139_Rosenheim_STN08.hex
* Software Version Seasave V 7.26.7.121
* Temperature SN = 4097 MTG 177
* Conductivity SN = 1851 MTG 053
* Number of Bytes Per Scan = 40
* Number of Voltage Words = 5
* Number of Scans Averaged by the Deck Unit = 1
* NMEA Latitude = 03 13.32 N
* NMEA Longitude = 050 25.69 W
* NMEA UTC (Time) = Jun 10 2023 15:20:13
** Ship:
** Station:
** Operator:
# nquan = 12
# nvalues = 15751                                 
# units = specified
# name 0 = depSM: Depth [salt water, m]
# name 1 = c0S/m: Conductivity [S/m]
# name 2 = density00: Density [density, kg/m^3]
# name 3 = flSP: Fluorescence, Seapoint
# name 4 = wetCDOM: Fluorescence, WET Labs CDOM [mg/m^3]
# name 5 = flECO-AFL: Fluorescence, WET Labs ECO-AFL/FL [mg/m^3]
# name 6 = sbeox0Mg/L: Oxygen, SBE 43 [mg/l]
# name 7 = sbeox0PS: Oxygen, SBE 43 [% saturation]
# name 8 = par: PAR/Irradiance, Biospherical/Licor [Watts/m^2]
# name 9 = sal00: Salinity, Practical [PSU]
# name 10 = t090C: Temperature [ITS-90, deg C]
# name 11 = flag:  0.000e+00
# span 0 =      1.873,     19.191                 
# span 1 =   3.618110,   5.193208                 
# span 2 =  1011.8667,  1021.2783                 
# span 3 = 2.4420e-03, 1.5751e-01                 
# span 4 =    -0.6890,   264.3110                 
# span 5 =     0.4184,     2.0667                 
# span 6 =     3.2059,     5.8452                 
# span 7 =     48.127,     86.359                 
# span 8 = 9.8755e-02, 4.8954e+03                 
# span 9 =    21.1662,    32.8929                 
# span 10 =    26.7189,    28.6166                
# span 11 = 0.0000e+00, 0.0000e+00                
# interval = seconds: 0.0416667
# start_time = Jun 10 2023 15:20:13 [NMEA time, header]
# bad_flag = -9.990e-29
*END*
[from data line 8301]
     14.671   5.175165  1021.1630 1.3431e-01    21.7664     1.2426     3.3140     49.766 9.9065e-02    32.7443    26.7478  0.000e+00
     14.688   5.175356  1021.1642 1.3309e-01    21.8311     1.2426     3.3183     49.831 9.9065e-02    32.7458    26.7476  0.000e+00
     14.564   5.175491  1021.1647 1.3309e-01    21.8311     1.2426     3.3185     49.834 9.9065e-02    32.7470    26.7472  0.000e+00
     14.605   5.175625  1021.1660 1.3431e-01    21.7017     1.2426     3.3147     49.777 9.9065e-02    32.7483    26.7468  0.000e+00
     14.630   5.175852  1021.1674 1.3431e-01    21.8311     1.2426     3.3147     49.778 9.9375e-02    32.7500    26.7467  0.000e+00
     14.564   5.175916  1021.1677 1.3431e-01    21.8311     1.2426     3.3148     49.778 9.9065e-02    32.7506    26.7465  0.000e+00
     14.564   5.175980  1021.1683 1.3431e-01    21.8311     1.2426     3.3148     49.779 9.9065e-02    32.7513    26.7461  0.000e+00
     14.605   5.176001  1021.1686 1.3431e-01    21.8959     1.2426     3.3190     49.843 9.9065e-02    32.7514    26.7461  0.000e+00
     14.507   5.176065  1021.1687 1.3431e-01    21.9606     1.2426     3.3193     49.846 9.9065e-02    32.7521    26.7459  0.000e+00
     14.564   5.175994  1021.1683 1.3553e-01    21.8311     1.2426     3.3155     49.789 9.9375e-02    32.7514    26.7461  0.000e+00
     14.482   5.175994  1021.1682 1.3553e-01    21.8311     1.2426     3.3195     49.849 9.9065e-02    32.7516    26.7459  0.000e+00
     14.449   5.176029  1021.1681 1.3553e-01    21.8311     1.2426     3.3195     49.850 9.9065e-02    32.7517    26.7461  0.000e+00
     14.507   5.176015  1021.1684 1.3553e-01    21.8959     1.2426     3.3198     49.854 9.9065e-02    32.7517    26.7459  0.000e+00
     14.449   5.175972  1021.1678 1.3675e-01    21.8959     1.2426     3.3199     49.855 9.9065e-02    32.7513    26.7461  0.000e+00
     14.424   5.175958  1021.1678 1.3675e-01    21.9606     1.2426     3.3199     49.855 9.9375e-02    32.7513    26.7459  0.000e+00
     14.449   5.175965  1021.1678 1.3675e-01    21.8959     1.2426     3.3200     49.856 9.9065e-02    32.7512    26.7461  0.000e+00
     14.383   5.175930  1021.1673 1.3553e-01    21.9606     1.2426     3.3158     49.795 9.9065e-02    32.7510    26.7461  0.000e+00
     14.366   5.175824  1021.1666 1.3431e-01    21.9606     1.2426     3.3198     49.854 9.9065e-02    32.7502    26.7461  0.000e+00
     14.383   5.175852  1021.1667 1.3431e-01    21.9606     1.2426     3.3198     49.854 9.9065e-02    32.7503    26.7463  0.000e+00
     14.259   5.175816  1021.1660 1.3431e-01    21.9606     1.2426     3.3198     49.854 9.9375e-02    32.7501    26.7463  0.000e+00
     14.325   5.175689  1021.1653 1.3553e-01    21.9606     1.2426     3.3198     49.854 9.9065e-02    32.7489    26.7466  0.000e+00
     14.300   5.175462  1021.1637 1.3675e-01    21.9606     1.2426     3.3198     49.854 9.9375e-02    32.7471    26.7470  0.000e+00
     14.259   5.175342  1021.1627 1.3675e-01    21.9606     1.2426     3.3157     49.792 9.9065e-02    32.7461    26.7472  0.000e+00
     14.202   5.175122  1021.1610 1.3553e-01    21.9606     1.2426     3.3198     49.853 9.9065e-02    32.7443    26.7476  0.000e+00
     14.243   5.174669  1021.1581 1.3553e-01    21.9606     1.2426     3.3201     49.857 9.9375e-02    32.7405    26.7483  0.000e+00
     14.202   5.174059  1021.1538 1.3675e-01    21.9606     1.2426     3.3162     49.798 9.9065e-02    32.7355    26.7494  0.000e+00
     14.144   5.173457  1021.1497 1.3675e-01    21.6370     1.2426     3.3201     49.856 9.9375e-02    32.7307    26.7501  0.000e+00
     14.144   5.172947  1021.1462 1.3675e-01    21.3782     1.2120     3.3204     49.859 9.9065e-02    32.7264    26.7510  0.000e+00
     14.119   5.172593  1021.1433 1.3553e-01    21.3134     1.2120     3.3164     49.801 9.9065e-02    32.7231    26.7521  0.000e+00
     14.078   5.172260  1021.1410 1.3431e-01    21.3134     1.2120     3.3206     49.862 9.9065e-02    32.7205    26.7525  0.000e+00
     14.078   5.172111  1021.1399 1.3431e-01    21.3134     1.2120     3.3167     49.804 9.9065e-02    32.7192    26.7529  0.000e+00
     13.995   5.171941  1021.1380 1.3309e-01    21.3782     1.2120     3.3208     49.865 9.9375e-02    32.7175    26.7536  0.000e+00
     14.020   5.171722  1021.1370 1.3309e-01    21.3782     1.2120     3.3210     49.869 9.9375e-02    32.7159    26.7536  0.000e+00
     14.020   5.171368  1021.1345 1.3431e-01    21.3134     1.2120     3.3213     49.872 9.9065e-02    32.7129    26.7543  0.000e+00
     13.995   5.170985  1021.1316 1.3431e-01    21.3134     1.2120     3.3172     49.811 9.9065e-02    32.7096    26.7552  0.000e+00
     13.896   5.170695  1021.1293 1.3431e-01    21.3134     1.2120     3.3170     49.807 9.9065e-02    32.7073    26.7556  0.000e+00
     13.897   5.170567  1021.1283 1.3431e-01    21.3782     1.2120     3.3168     49.804 9.9065e-02    32.7061    26.7560  0.000e+00
     13.954   5.170603  1021.1287 1.3431e-01    21.3134     1.2120     3.3166     49.801 9.9375e-02    32.7063    26.7560  0.000e+00
     13.814   5.170426  1021.1270 1.3431e-01    21.3782     1.2120     3.3124     49.739 9.9065e-02    32.7050    26.7561  0.000e+00
     13.839   5.170015  1021.1242 1.3309e-01    21.5723     1.2120     3.3123     49.736 9.9065e-02    32.7014    26.7571  0.000e+00
     13.839   5.169895  1021.1237 1.3431e-01    21.5076     1.2120     3.3117     49.727 9.9375e-02    32.7007    26.7569  0.000e+00
     13.814   5.169895  1021.1236 1.3431e-01    21.6370     1.2120     3.3072     49.660 9.9065e-02    32.7007    26.7569  0.000e+00
     13.773   5.169994  1021.1238 1.3431e-01    21.5723     1.2120     3.3064     49.647 9.9375e-02    32.7013    26.7571  0.000e+00
     13.715   5.170185  1021.1246 1.3431e-01    21.5723     1.2120     3.2975     49.515 9.9065e-02    32.7027    26.7571  0.000e+00
     13.773   5.170497  1021.1268 1.3431e-01    21.5723     1.2120     3.2966     49.501 9.9065e-02    32.7051    26.7567  0.000e+00
     13.690   5.170617  1021.1273 1.3553e-01    21.6370     1.2120     3.2997     49.548 9.9065e-02    32.7061    26.7565  0.000e+00
     13.715   5.170737  1021.1285 1.3431e-01    21.5723     1.2120     3.2908     49.414 9.9065e-02    32.7074    26.7560  0.000e+00
     13.657   5.170950  1021.1296 1.3431e-01    21.5723     1.2120     3.2897     49.398 9.9375e-02    32.7091    26.7556  0.000e+00
     13.633   5.171368  1021.1323 1.3431e-01    21.5723     1.2120     3.2845     49.321 9.9065e-02    32.7125    26.7551  0.000e+00
     13.657   5.171842  1021.1355 1.3431e-01    21.5723     1.2120     3.2792     49.241 9.9065e-02    32.7164    26.7543  0.000e+00
     13.657   5.172182  1021.1379 1.3431e-01    21.5723     1.2120     3.2740     49.163 9.9065e-02    32.7193    26.7536  0.000e+00
     13.575   5.172494  1021.1396 1.3431e-01    21.5076     1.2120     3.2727     49.144 9.9065e-02    32.7218    26.7532  0.000e+00
     13.591   5.172883  1021.1425 1.3431e-01    21.4429     1.2120     3.2713     49.123 9.9065e-02    32.7252    26.7523  0.000e+00
     13.591   5.173053  1021.1437 1.3431e-01    21.4429     1.2120     3.2658     49.041 9.9065e-02    32.7267    26.7520  0.000e+00
     13.633   5.173046  1021.1438 1.3553e-01    21.4429     1.2120     3.2603     48.958 9.9065e-02    32.7266    26.7520  0.000e+00
     13.468   5.173032  1021.1431 1.3553e-01    21.5723     1.2120     3.2586     48.933 9.9065e-02    32.7266    26.7520  0.000e+00
     13.592   5.173301  1021.1455 1.3675e-01    21.5076     1.2120     3.2533     48.853 9.9065e-02    32.7288    26.7514  0.000e+00
     13.534   5.173733  1021.1485 1.3675e-01    21.5076     1.2120     3.2519     48.832 9.9065e-02    32.7327    26.7503  0.000e+00
     13.509   5.174010  1021.1502 1.3675e-01    21.4429     1.2120     3.2504     48.810 9.9065e-02    32.7349    26.7499  0.000e+00
     13.534   5.174002  1021.1504 1.3553e-01    21.4429     1.2120     3.2451     48.731 9.9065e-02    32.7350    26.7498  0.000e+00
     13.534   5.173790  1021.1490 1.3553e-01    21.4429     1.2120     3.2439     48.712 9.9375e-02    32.7332    26.7501  0.000e+00
     13.509   5.173478  1021.1466 1.3553e-01    21.4429     1.2120     3.2427     48.695 9.9065e-02    32.7305    26.7509  0.000e+00
     13.534   5.173124  1021.1446 1.3553e-01    21.5076     1.2120     3.2417     48.679 9.9375e-02    32.7278    26.7510  0.000e+00
     13.534   5.172968  1021.1435 1.3553e-01    21.6370     1.2120     3.2367     48.604 9.9065e-02    32.7265    26.7514  0.000e+00
     13.509   5.173074  1021.1439 1.3431e-01    21.8959     1.2120     3.2398     48.650 9.9065e-02    32.7272    26.7514  0.000e+00
     13.534   5.173117  1021.1444 1.3309e-01    21.8959     1.2120     3.2348     48.575 9.9065e-02    32.7277    26.7512  0.000e+00
     13.534   5.173195  1021.1449 1.3309e-01    21.8311     1.2120     3.2340     48.563 9.9065e-02    32.7282    26.7512  0.000e+00
     13.468   5.173209  1021.1448 1.3431e-01    21.8311     1.2120     3.2333     48.553 9.9065e-02    32.7285    26.7510  0.000e+00
     13.509   5.173011  1021.1436 1.3309e-01    21.8959     1.2120     3.2328     48.546 9.9065e-02    32.7268    26.7514  0.000e+00
     13.534   5.172692  1021.1414 1.3309e-01    21.8959     1.2120     3.2325     48.540 9.9065e-02    32.7240    26.7521  0.000e+00
     13.534   5.172699  1021.1416 1.3187e-01    21.8311     1.2120     3.2363     48.598 9.9065e-02    32.7242    26.7520  0.000e+00
     13.509   5.172685  1021.1414 1.3309e-01    21.8311     1.2120     3.2361     48.595 9.9375e-02    32.7241    26.7520  0.000e+00
     13.592   5.172302  1021.1391 1.3309e-01    21.8311     1.2120     3.2322     48.536 9.9065e-02    32.7208    26.7527  0.000e+00
     13.534   5.171792  1021.1352 1.3309e-01    21.8311     1.2120     3.2323     48.537 9.9375e-02    32.7165    26.7538  0.000e+00
     13.575   5.171368  1021.1325 1.3309e-01    21.8311     1.2120     3.2364     48.598 9.9065e-02    32.7129    26.7545  0.000e+00
     13.592   5.171176  1021.1314 1.3309e-01    21.8311     1.2120     3.2370     48.606 9.9065e-02    32.7114    26.7547  0.000e+00
     13.658   5.171049  1021.1307 1.3431e-01    21.8959     1.2120     3.2376     48.616 9.9375e-02    32.7102    26.7551  0.000e+00
     13.633   5.171191  1021.1313 1.3309e-01    21.8311     1.2120     3.2381     48.624 9.9065e-02    32.7113    26.7551  0.000e+00
     13.592   5.171396  1021.1327 1.3431e-01    21.8311     1.2120     3.2390     48.636 9.9065e-02    32.7131    26.7545  0.000e+00
     13.658   5.171601  1021.1341 1.3309e-01    21.8311     1.2120     3.2397     48.648 9.9375e-02    32.7145    26.7545  0.000e+00
     13.715   5.172168  1021.1383 1.3431e-01    21.8311     1.2120     3.2449     48.726 9.9375e-02    32.7193    26.7534  0.000e+00
     13.691   5.172572  1021.1409 1.3431e-01    21.8311     1.2120     3.2463     48.747 9.9065e-02    32.7227    26.7527  0.000e+00
     13.715   5.171941  1021.1369 1.3309e-01    21.8311     1.2120     3.2478     48.770 9.9065e-02    32.7176    26.7536  0.000e+00
     13.773   5.170759  1021.1291 1.3309e-01    21.8311     1.2120     3.2493     48.791 9.9065e-02    32.7078    26.7556  0.000e+00
     13.691   5.169682  1021.1215 1.3431e-01    21.8311     1.2120     3.2508     48.813 9.9065e-02    32.6989    26.7574  0.000e+00
     13.773   5.168981  1021.1170 1.3431e-01    21.8311     1.2120     3.2525     48.837 9.9065e-02    32.6929    26.7587  0.000e+00
     13.839   5.168670  1021.1151 1.3553e-01    21.8311     1.2120     3.2583     48.924 9.9065e-02    32.6903    26.7592  0.000e+00
     13.814   5.168804  1021.1158 1.3553e-01    21.8311     1.2120     3.2600     48.951 9.9065e-02    32.6913    26.7592  0.000e+00
     13.839   5.169250  1021.1190 1.3553e-01    21.7664     1.2120     3.2660     49.040 9.9065e-02    32.6951    26.7584  0.000e+00
     13.839   5.169668  1021.1216 1.3553e-01    21.7017     1.2120     3.2681     49.072 9.9065e-02    32.6983    26.7580  0.000e+00
     13.897   5.169767  1021.1225 1.3553e-01    21.7017     1.2120     3.2701     49.102 9.9065e-02    32.6992    26.7578  0.000e+00
     13.938   5.169675  1021.1223 1.3431e-01    21.7017     1.2120     3.2721     49.133 9.9375e-02    32.6986    26.7576  0.000e+00
     13.955   5.169725  1021.1223 1.3431e-01    21.7017     1.2120     3.2779     49.220 9.9065e-02    32.6987    26.7580  0.000e+00
     13.955   5.169796  1021.1230 1.3431e-01    21.7017     1.2120     3.2798     49.248 9.9375e-02    32.6995    26.7576  0.000e+00
     13.996   5.169810  1021.1233 1.3553e-01    21.7017     1.2120     3.2820     49.281 9.9065e-02    32.6995    26.7576  0.000e+00
     14.020   5.169902  1021.1240 1.3431e-01    21.7664     1.2120     3.2879     49.369 9.9065e-02    32.7003    26.7574  0.000e+00
     14.020   5.170291  1021.1264 1.3431e-01    21.7017     1.2120     3.2857     49.337 9.9375e-02    32.7033    26.7571  0.000e+00
     14.021   5.171120  1021.1322 1.3431e-01    21.7017     1.2120     3.2914     49.423 9.9065e-02    32.7104    26.7554  0.000e+00
     14.119   5.172126  1021.1394 1.3431e-01    21.7017     1.2120     3.2929     49.447 9.9065e-02    32.7187    26.7538  0.000e+00
     14.078   5.172848  1021.1442 1.3431e-01    21.7017     1.2120     3.2983     49.529 9.9375e-02    32.7247    26.7525  0.000e+00
     14.144   5.173188  1021.1467 1.3553e-01    21.7664     1.2120     3.2958     49.491 9.9065e-02    32.7275    26.7520  0.000e+00
     14.177   5.173344  1021.1481 1.3431e-01    21.8959     1.2120     3.3012     49.573 9.9065e-02    32.7290    26.7514  0.000e+00
     14.144   5.173216  1021.1472 1.3431e-01    21.8959     1.2120     3.2984     49.531 9.9065e-02    32.7279    26.7516  0.000e+00
     14.144   5.173096  1021.1467 1.3309e-01    21.8959     1.2120     3.3034     49.606 9.9065e-02    32.7272    26.7514  0.000e+00
     14.243   5.173344  1021.1486 1.3309e-01    21.8959     1.2120     3.3045     49.622 9.9065e-02    32.7291    26.7512  0.000e+00
     14.260   5.173521  1021.1497 1.3431e-01    21.9606     1.2120     3.3052     49.633 9.9065e-02    32.7305    26.7510  0.000e+00
     14.202   5.173578  1021.1501 1.3431e-01    21.9606     1.2120     3.3101     49.706 9.9065e-02    32.7311    26.7507  0.000e+00
     14.326   5.173684  1021.1514 1.3431e-01    21.8959     1.2120     3.3110     49.720 9.9065e-02    32.7320    26.7505  0.000e+00
     14.243   5.173443  1021.1497 1.3431e-01    21.8959     1.2120     3.3116     49.729 9.9065e-02    32.7303    26.7505  0.000e+00
     14.260   5.172990  1021.1464 1.3431e-01    21.8959     1.2120     3.3081     49.675 9.9065e-02    32.7263    26.7516  0.000e+00
     14.326   5.172416  1021.1430 1.3431e-01    21.8959     1.2120     3.3125     49.742 9.9065e-02    32.7217    26.7523  0.000e+00
     14.301   5.171814  1021.1386 1.3431e-01    21.7017     1.2120     3.3130     49.748 9.9065e-02    32.7165    26.7536  0.000e+00
     14.383   5.171340  1021.1356 1.3431e-01    21.8311     1.2120     3.3173     49.813 9.9065e-02    32.7125    26.7545  0.000e+00
     14.326   5.170943  1021.1327 1.3431e-01    21.5723     1.2120     3.3178     49.820 9.9065e-02    32.7092    26.7552  0.000e+00
     14.326   5.170575  1021.1301 1.3309e-01    21.4429     1.2120     3.3139     49.761 9.9065e-02    32.7060    26.7560  0.000e+00
     14.367   5.170369  1021.1287 1.3309e-01    21.4429     1.2120     3.3139     49.760 9.9065e-02    32.7042    26.7565  0.000e+00
     14.383   5.170483  1021.1295 1.3431e-01    21.4429     1.2120     3.3137     49.758 9.9065e-02    32.7051    26.7563  0.000e+00
     14.326   5.170384  1021.1285 1.3309e-01    21.5076     1.2120     3.3176     49.817 9.9065e-02    32.7042    26.7567  0.000e+00
     14.425   5.170263  1021.1281 1.3309e-01    21.4429     1.2120     3.3176     49.816 9.9065e-02    32.7032    26.7569  0.000e+00
     14.383   5.170334  1021.1285 1.3309e-01    21.4429     1.2120     3.3176     49.817 9.9375e-02    32.7038    26.7567  0.000e+00
