WS23139_STN02_02CTD.cnv
* Sea-Bird SBE 9 Data File:
* FileName = C:\ctd\Cruise_Data\WS23139_Rosenheim\WS23139_Rosenheim_STN02_02.hex
* Software Version Seasave V 7.26.7.121
* Temperature SN = 4097 MTG 177
* Conductivity SN = 1851 MTG 053
* Number of Bytes Per Scan = 40
* Number of Voltage Words = 5
* Number of Scans Averaged by the Deck Unit = 1
* NMEA Latitude = 02 40.65 N
* NMEA Longitude = 048 15.45 W
* NMEA UTC (Time) = Oct 22 2003  14:24:54
** Ship:
** Station:
** Operator:
# nquan = 12
# nvalues = 16910                                 
# units = specified
# name 0 = depSM: Depth [salt water, m]
# name 1 = c0S/m: Conductivity [S/m]
# name 2 = density00: Density [density, kg/m^3]
# name 3 = flSP: Fluorescence, Seapoint
# name 4 = wetCDOM: Fluorescence, WET Labs CDOM [mg/m^3]
# name 5 = flECO-AFL: Fluorescence, WET Labs ECO-AFL/FL [mg/m^3]
# name 6 = sbeox0Mg/L: Oxygen, SBE 43 [mg/l]
# name 7 = sbeox0PS: Oxygen, SBE 43 [% saturation]
# name 8 = par: PAR/Irradiance, Biospherical/Licor [Watts/m^2]
# name 9 = sal00: Salinity, Practical [PSU]
# name 10 = t090C: Temperature [ITS-90, deg C]
# name 11 = flag:  0.000e+00
# span 0 =      1.550,     94.402                 
# span 1 =   5.822714,   5.871983                 
# span 2 =  1022.8635,  1023.3956                 
# span 3 = 9.5238e-02, 1.3187e-01                 
# span 4 =    -0.6890,   264.3110                 
# span 5 =    -0.1311,     0.5710                 
# span 6 =     5.9760,     6.2251                 
# span 7 =     94.225,     98.488                 
# span 8 = 1.2230e+01, 7.4007e+03                 
# span 9 =    36.0059,    36.0367                 
# span 10 =    28.4865,    28.9478                
# span 11 = 0.0000e+00, 0.0000e+00                
# interval = seconds: 0.0416667
# start_time = Oct 22 2003 14:24:54 [NMEA time, header]
# bad_flag = -9.990e-29
*END*
[from data line 361]
      3.182   5.863231  1022.8907 1.1966e-01     0.1523     0.0216     6.2015     98.217 2.6078e+03    36.0241    28.8692  0.000e+00
      3.157   5.863298  1022.8905 1.1966e-01     0.0876     0.0216     6.2050     98.272 3.0099e+03    36.0242    28.8697  0.000e+00
      3.182   5.863291  1022.8904 1.2210e-01   111.0057     0.0216     6.2048     98.269 3.1044e+03    36.0239    28.8699  0.000e+00
      3.215   5.863351  1022.8910 1.0134e-01   240.1083    -0.1005     6.2046     98.266 2.2342e+03    36.0245    28.8697  0.000e+00
      3.182   5.863298  1022.8904 9.7680e-02   264.3110    -0.1311     6.2002     98.197 1.3431e+03    36.0240    28.8699  0.000e+00
      3.215   5.863343  1022.8908 9.6459e-02   264.3110    -0.1311     6.1998     98.190 1.1703e+03    36.0243    28.8699  0.000e+00
      3.182   5.863336  1022.8907 9.6459e-02   264.3110    -0.1311     6.1993     98.182 1.0970e+03    36.0243    28.8699  0.000e+00
      3.157   5.863396  1022.8905 9.5238e-02   259.6517    -0.1311     6.1987     98.174 9.4780e+02    36.0244    28.8703  0.000e+00
      3.182   5.863455  1022.8903 9.5238e-02   259.5222    -0.1311     6.2020     98.227 9.0611e+02    36.0243    28.8710  0.000e+00
      3.215   5.863500  1022.8908 9.5238e-02   259.8458    -0.1311     6.1979     98.163 1.0666e+03    36.0247    28.8709  0.000e+00
      3.124   5.863657  1022.8897 9.5238e-02   259.9752    -0.1311     6.1973     98.155 1.7643e+03    36.0246    28.8725  0.000e+00
      3.124   5.863814  1022.8889 9.6459e-02   259.9752    -0.1311     6.1965     98.146 2.1180e+03    36.0242    28.8744  0.000e+00
      3.215   5.863956  1022.8882 9.6459e-02   259.9752    -0.1311     6.1960     98.140 2.0943e+03    36.0237    28.8764  0.000e+00
      3.124   5.864173  1022.8875 9.6459e-02   259.9752    -0.1311     6.1992     98.193 1.9577e+03    36.0240    28.8779  0.000e+00
      3.091   5.864270  1022.8866 1.0867e-01   217.0705    -0.0395     6.1948     98.127 1.9034e+03    36.0236    28.8794  0.000e+00
      3.124   5.864277  1022.8861 1.1966e-01    58.3940     0.0216     6.1943     98.119 1.9910e+03    36.0231    28.8801  0.000e+00
      3.157   5.864098  1022.8866 1.1966e-01    -0.6890     0.0216     6.1903     98.053 3.1840e+03    36.0230    28.8786  0.000e+00
      3.067   5.863866  1022.8864 1.1966e-01    -0.6890     0.0216     6.1977     98.167 4.0663e+03    36.0225    28.8771  0.000e+00
      3.091   5.863799  1022.8878 1.1966e-01    -0.6890     0.0216     6.1936     98.101 4.1705e+03    36.0234    28.8753  0.000e+00
      3.067   5.863769  1022.8884 1.1966e-01     0.2170     0.0216     6.1933     98.095 4.5248e+03    36.0239    28.8744  0.000e+00
      3.091   5.863933  1022.8869 1.1966e-01     1.1877     0.0216     6.1930     98.093 4.7865e+03    36.0230    28.8771  0.000e+00
      3.067   5.864531  1022.8855 1.1966e-01     1.3818     0.0216     6.1884     98.029 4.8000e+03    36.0235    28.8819  0.000e+00
      3.091   5.865249  1022.8850 1.1966e-01     1.3818     0.0216     6.1916     98.088 3.4837e+03    36.0248    28.8867  0.000e+00
      3.001   5.865816  1022.8843 1.1966e-01     1.3818     0.0216     6.1871     98.023 2.7355e+03    36.0260    28.8904  0.000e+00
      3.034   5.866168  1022.8839 1.1966e-01     1.2524     0.0216     6.1867     98.021 2.6373e+03    36.0265    28.8930  0.000e+00
      3.001   5.866377  1022.8829 1.1966e-01     1.3171     0.0216     6.1903     98.081 2.6522e+03    36.0263    28.8952  0.000e+00
      3.001   5.866497  1022.8825 1.1966e-01     1.2524     0.0216     6.1864     98.020 2.6597e+03    36.0263    28.8963  0.000e+00
      3.034   5.866347  1022.8827 1.1966e-01     0.4111     0.0216     6.1862     98.016 2.6522e+03    36.0259    28.8954  0.000e+00
      3.001   5.866175  1022.8821 1.1966e-01    -0.0419     0.0216     6.1899     98.073 2.1601e+03    36.0251    28.8949  0.000e+00
      2.968   5.866145  1022.8822 1.2088e-01    -0.1713     0.0216     6.1900     98.074 1.6170e+03    36.0252    28.8945  0.000e+00
      2.943   5.866175  1022.8818 1.1966e-01    -0.1066     0.0216     6.1900     98.076 1.5030e+03    36.0250    28.8950  0.000e+00
      2.968   5.866190  1022.8811 1.2088e-01    -0.1066     0.0216     6.1939     98.139 1.6170e+03    36.0244    28.8960  0.000e+00
      2.943   5.866257  1022.8812 1.2088e-01    -0.1066     0.0216     6.1901     98.079 1.8351e+03    36.0248    28.8961  0.000e+00
      2.968   5.866354  1022.8811 1.1966e-01    -0.1066     0.0216     6.1863     98.020 1.9034e+03    36.0249    28.8969  0.000e+00
      2.943   5.866631  1022.8798 1.1966e-01    -0.1066     0.0216     6.1896     98.077 2.0363e+03    36.0245    28.8998  0.000e+00
      2.910   5.867035  1022.8788 1.1844e-01    -0.1066     0.0216     6.1892     98.076 2.4240e+03    36.0249    28.9031  0.000e+00
      2.943   5.867356  1022.8784 1.1844e-01    -0.1066     0.0216     6.1891     98.078 2.5642e+03    36.0253    28.9055  0.000e+00
      2.910   5.867498  1022.8779 1.1966e-01    -0.1066     0.0216     6.1891     98.080 2.6898e+03    36.0253    28.9068  0.000e+00
      2.943   5.867640  1022.8775 1.1966e-01    -0.1066     0.0216     6.1928     98.141 3.3025e+03    36.0252    28.9082  0.000e+00
      2.943   5.867887  1022.8772 1.2088e-01    89.3916     0.0216     6.1889     98.081 3.5932e+03    36.0256    28.9099  0.000e+00
      2.910   5.868350  1022.8758 1.0379e-01   230.5308    -0.0700     6.1845     98.019 3.4545e+03    36.0257    28.9140  0.000e+00
      2.877   5.869165  1022.8713 9.6459e-02   264.3110    -0.1311     6.1835     98.018 2.4653e+03    36.0241    28.9236  0.000e+00
      2.968   5.869935  1022.8678 9.7680e-02   264.3110    -0.1311     6.1827     98.018 2.1121e+03    36.0229    28.9323  0.000e+00
      2.877   5.870615  1022.8670 9.6459e-02   264.3110    -0.1311     6.1859     98.075 2.0535e+03    36.0243    28.9367  0.000e+00
      2.968   5.871026  1022.8690 9.6459e-02   259.8458    -0.1311     6.1821     98.018 1.5590e+03    36.0267    28.9373  0.000e+00
      2.877   5.871041  1022.8700 9.7680e-02   259.4575    -0.1311     6.1860     98.078 1.3244e+03    36.0279    28.9358  0.000e+00
      2.910   5.870764  1022.8706 9.7680e-02   259.7811    -0.1311     6.1865     98.082 1.2986e+03    36.0276    28.9337  0.000e+00
      2.943   5.870293  1022.8717 9.7680e-02   259.9752    -0.1311     6.1793     97.963 1.3814e+03    36.0272    28.9299  0.000e+00
      2.910   5.869651  1022.8731 9.7680e-02   259.9752    -0.1311     6.1795     97.957 1.4450e+03    36.0268    28.9245  0.000e+00
      2.943   5.868940  1022.8729 9.7680e-02   259.9752    -0.1311     6.1797     97.953 1.4532e+03    36.0247    28.9208  0.000e+00
      2.910   5.868589  1022.8722 9.7680e-02   259.9752    -0.1311     6.1836     98.012 1.5810e+03    36.0234    28.9194  0.000e+00
      2.943   5.868425  1022.8733 1.0256e-01   236.3550    -0.1005     6.1839     98.014 1.7057e+03    36.0237    28.9173  0.000e+00
      2.943   5.868208  1022.8749 1.2088e-01    76.3843     0.0216     6.1804     97.954 1.7299e+03    36.0245    28.9144  0.000e+00
      2.910   5.868036  1022.8759 1.1966e-01     2.4172     0.0216     6.1804     97.950 1.9249e+03    36.0250    28.9121  0.000e+00
      2.943   5.867894  1022.8777 1.1966e-01    -0.6890     0.0216     6.1843     98.008 2.1907e+03    36.0261    28.9094  0.000e+00
      2.968   5.867722  1022.8788 1.1966e-01     0.9935     0.0216     6.1845     98.008 2.2468e+03    36.0264    28.9074  0.000e+00
      2.877   5.867528  1022.8784 1.1844e-01     3.9703     0.0216     6.1884     98.068 2.4308e+03    36.0259    28.9063  0.000e+00
      2.910   5.867371  1022.8783 1.1966e-01     4.6822     0.0216     6.1849     98.012 2.7432e+03    36.0253    28.9056  0.000e+00
      3.001   5.867304  1022.8784 1.1966e-01     4.4233     0.0216     6.1889     98.074 2.8294e+03    36.0249    28.9055  0.000e+00
      2.910   5.867326  1022.8783 1.1966e-01     4.4233     0.0216     6.1890     98.076 2.6299e+03    36.0252    28.9054  0.000e+00
      2.943   5.867229  1022.8780 1.1966e-01     4.4233     0.0216     6.1931     98.140 2.2342e+03    36.0246    28.9052  0.000e+00
      2.968   5.867012  1022.8779 1.1966e-01     4.3586     0.0216     6.1897     98.085 2.1240e+03    36.0239    28.9042  0.000e+00
      2.943   5.866743  1022.8779 1.1844e-01     4.4233     0.0216     6.1902     98.090 1.9687e+03    36.0232    28.9026  0.000e+00
      2.968   5.866414  1022.8806 1.1966e-01     4.3586     0.0216     6.1909     98.093 1.5243e+03    36.0246    28.8978  0.000e+00
      2.943   5.866115  1022.8823 1.1966e-01     6.0412     0.0216     6.1952     98.157 1.3776e+03    36.0253    28.8941  0.000e+00
      3.001   5.866011  1022.8837 1.1966e-01     7.5296     0.0216     6.1956     98.160 1.5030e+03    36.0260    28.8922  0.000e+00
      2.968   5.865958  1022.8831 1.1966e-01     7.7884     0.0216     6.1961     98.168 2.5427e+03    36.0255    28.8924  0.000e+00
      3.001   5.865988  1022.8819 1.2088e-01     7.7884     0.0216     6.2002     98.235 3.2291e+03    36.0244    28.8941  0.000e+00
      2.968   5.866071  1022.8813 1.2088e-01     7.6590     0.0216     6.1967     98.181 3.1396e+03    36.0243    28.8950  0.000e+00
      3.001   5.866056  1022.8820 1.1966e-01     7.6590     0.0216     6.1971     98.186 2.0535e+03    36.0247    28.8943  0.000e+00
      3.034   5.865936  1022.8826 1.1966e-01     7.7237     0.0216     6.1973     98.188 1.6399e+03    36.0247    28.8932  0.000e+00
      2.943   5.865906  1022.8824 1.1966e-01     7.6590     0.0216     6.1976     98.191 1.6125e+03    36.0248    28.8928  0.000e+00
      3.034   5.865869  1022.8832 1.1966e-01     7.6590     0.0216     6.1978     98.194 1.6725e+03    36.0251    28.8921  0.000e+00
      3.001   5.865816  1022.8830 1.1966e-01     7.6590     0.0216     6.1978     98.195 1.7105e+03    36.0249    28.8919  0.000e+00
      2.968   5.865839  1022.8829 1.1966e-01     7.7237     0.0216     6.1981     98.198 1.7153e+03    36.0250    28.8919  0.000e+00
      3.067   5.865854  1022.8836 1.1966e-01     7.6590     0.0216     6.1982     98.200 1.4988e+03    36.0253    28.8917  0.000e+00
      2.968   5.865891  1022.8835 1.1966e-01    61.4355     0.0216     6.1981     98.199 1.3469e+03    36.0257    28.8915  0.000e+00
      3.067   5.865831  1022.8836 1.0989e-01   213.0583    -0.0395     6.1984     98.204 1.3207e+03    36.0253    28.8915  0.000e+00
      3.034   5.865772  1022.8834 9.7680e-02   264.3110    -0.1311     6.1986     98.206 1.7842e+03    36.0250    28.8914  0.000e+00
      3.067   5.865719  1022.8836 9.7680e-02   264.3110    -0.1311     6.2028     98.271 2.4377e+03    36.0249    28.8910  0.000e+00
      3.001   5.865674  1022.8832 9.6459e-02   264.3110    -0.1311     6.1994     98.218 2.6005e+03    36.0248    28.8908  0.000e+00
      3.091   5.865734  1022.8837 9.6459e-02   260.2341    -0.1311     6.1996     98.222 2.2850e+03    36.0250    28.8910  0.000e+00
      3.001   5.865719  1022.8828 9.6459e-02   259.3928    -0.1311     6.1956     98.159 1.9249e+03    36.0245    28.8915  0.000e+00
      3.034   5.865712  1022.8827 9.7680e-02   259.7164    -0.1311     6.1956     98.159 1.8454e+03    36.0243    28.8917  0.000e+00
      3.067   5.865712  1022.8839 9.7680e-02   259.9752    -0.1311     6.1996     98.220 1.7544e+03    36.0251    28.8906  0.000e+00
      3.034   5.865420  1022.8845 9.7680e-02   260.0399    -0.1311     6.2000     98.222 1.5502e+03    36.0251    28.8880  0.000e+00
      3.067   5.864897  1022.8849 9.7680e-02   259.9752    -0.1311     6.2005     98.225 1.4946e+03    36.0239    28.8847  0.000e+00
      3.034   5.864008  1022.8864 9.7680e-02   259.8458    -0.1311     6.2054     98.291 1.4572e+03    36.0230    28.8778  0.000e+00
      3.067   5.863104  1022.8896 9.7680e-02   256.6749    -0.1311     6.2066     98.297 1.3545e+03    36.0232    28.8692  0.000e+00
      3.034   5.862611  1022.8911 1.2210e-01   104.9874     0.0216     6.2072     98.298 1.3170e+03    36.0233    28.8645  0.000e+00
      3.067   5.862402  1022.8916 1.1966e-01    11.1535     0.0216     6.2036     98.238 1.4049e+03    36.0231    28.8630  0.000e+00
      3.034   5.862409  1022.8905 1.1844e-01    -0.6890     0.0216     6.2034     98.236 1.8821e+03    36.0224    28.8640  0.000e+00
      3.067   5.862454  1022.8902 1.1844e-01     2.2878     0.0216     6.2072     98.299 2.1240e+03    36.0220    28.8648  0.000e+00
      3.034   5.862462  1022.8910 1.1966e-01     5.8470     0.0216     6.2073     98.299 2.1420e+03    36.0229    28.8638  0.000e+00
      3.067   5.862357  1022.8915 1.1966e-01     6.6236     0.0216     6.2077     98.303 2.2217e+03    36.0229    28.8628  0.000e+00
      3.001   5.862178  1022.8906 1.1966e-01     6.4294     0.0216     6.2079     98.305 2.2595e+03    36.0219    28.8625  0.000e+00
      3.091   5.862155  1022.8909 1.1966e-01     6.3000     0.0216     6.2116     98.364 2.2405e+03    36.0218    28.8624  0.000e+00
      3.001   5.862282  1022.8921 1.1966e-01     6.3000     0.0216     6.2077     98.301 1.8197e+03    36.0235    28.8614  0.000e+00
      3.034   5.862320  1022.8925 1.1966e-01     6.3000     0.0216     6.2074     98.297 1.6125e+03    36.0238    28.8613  0.000e+00
      3.067   5.862215  1022.8932 1.1966e-01     6.3000     0.0216     6.2074     98.296 1.5855e+03    36.0240    28.8601  0.000e+00
      3.034   5.862006  1022.8934 1.1966e-01     6.3000     0.0216     6.2074     98.293 1.3170e+03    36.0237    28.8585  0.000e+00
      3.067   5.861714  1022.8924 1.2088e-01    96.3806     0.0216     6.2033     98.226 1.1347e+03    36.0220    28.8581  0.000e+00
      2.968   5.861513  1022.8920 1.0379e-01   232.6016    -0.0700     6.2028     98.217 1.1063e+03    36.0215    28.8569  0.000e+00
      3.067   5.861490  1022.8937 9.7680e-02   264.3110    -0.1311     6.2065     98.273 1.2415e+03    36.0226    28.8553  0.000e+00
      3.034   5.861617  1022.8943 9.7680e-02   264.3110    -0.1311     6.2024     98.208 1.3814e+03    36.0235    28.8552  0.000e+00
      3.067   5.861617  1022.8941 9.6459e-02   264.3110    -0.1311     6.2021     98.204 1.4129e+03    36.0232    28.8557  0.000e+00
      2.968   5.861595  1022.8926 9.7680e-02   259.7811    -0.1311     6.2016     98.196 1.9522e+03    36.0223    28.8567  0.000e+00
      3.001   5.861528  1022.8927 9.6459e-02   259.4575    -0.1311     6.1975     98.131 2.9846e+03    36.0220    28.8564  0.000e+00
      3.067   5.861468  1022.8932 9.6459e-02   259.7811    -0.1311     6.2010     98.186 3.3211e+03    36.0220    28.8558  0.000e+00
      2.968   5.861535  1022.8931 9.6459e-02   260.0399    -0.1311     6.2009     98.184 2.1907e+03    36.0225    28.8558  0.000e+00
      3.067   5.861700  1022.8936 9.6459e-02   259.9752    -0.1311     6.2006     98.181 1.0517e+03    36.0230    28.8567  0.000e+00
      2.968   5.861954  1022.8939 9.7680e-02   259.9752    -0.1311     6.1962     98.114 8.4937e+02    36.0243    28.8573  0.000e+00
      3.001   5.862215  1022.8937 9.7680e-02   259.9752    -0.1311     6.1995     98.168 1.0429e+03    36.0246    28.8593  0.000e+00
      3.034   5.862372  1022.8929 1.0501e-01   232.9899    -0.1005     6.1953     98.106 1.6772e+03    36.0242    28.8612  0.000e+00
      3.001   5.862491  1022.8936 1.2088e-01    71.7896     0.0216     6.1989     98.163 1.9687e+03    36.0253    28.8609  0.000e+00
      2.968   5.862477  1022.8938 1.2088e-01    -0.4949     0.0216     6.1988     98.161 1.8351e+03    36.0255    28.8605  0.000e+00
      3.067   5.862641  1022.8932 1.1966e-01    -0.6890     0.0216     6.1949     98.102 1.3971e+03    36.0250    28.8626  0.000e+00
      2.968   5.862917  1022.8911 1.1844e-01    -0.6890     0.0216     6.1982     98.159 1.2555e+03    36.0244    28.8660  0.000e+00
      3.001   5.863239  1022.8907 1.1844e-01     1.0583     0.0216     6.1940     98.096 1.3507e+03    36.0247    28.8685  0.000e+00
      2.968   5.863500  1022.8893 1.1966e-01     2.0937     0.0216     6.1935     98.092 2.1480e+03    36.0244    28.8713  0.000e+00
