WS23139_STN11_11CTD.cnv
* Sea-Bird SBE 9 Data File:
* FileName = C:\ctd\Cruise_Data\WS23139_Rosenheim\WS23139_Rosenheim_STN11_02.hex
* Software Version Seasave V 7.26.7.121
* Temperature SN = 4097 MTG 177
* Conductivity SN = 1851 MTG 053
* Number of Bytes Per Scan = 40
* Number of Voltage Words = 5
* Number of Scans Averaged by the Deck Unit = 1
* NMEA Latitude = 04 49.53 N
* NMEA Longitude = 051 43.06 W
* NMEA UTC (Time) = Jun 11 2023 22:40:04
** Ship:
** Station:
** Operator:
# nquan = 12
# nvalues = 9250                                  
# units = specified
# name 0 = depSM: Depth [salt water, m]
# name 1 = c0S/m: Conductivity [S/m]
# name 2 = density00: Density [density, kg/m^3]
# name 3 = flSP: Fluorescence, Seapoint
# name 4 = wetCDOM: Fluorescence, WET Labs CDOM [mg/m^3]
# name 5 = flECO-AFL: Fluorescence, WET Labs ECO-AFL/FL [mg/m^3]
# name 6 = sbeox0Mg/L: Oxygen, SBE 43 [mg/l]
# name 7 = sbeox0PS: Oxygen, SBE 43 [% saturation]
# name 8 = par: PAR/Irradiance, Biospherical/Licor [Watts/m^2]
# name 9 = sal00: Salinity, Practical [PSU]
# name 10 = t090C: Temperature [ITS-90, deg C]
# name 11 = flag:  0.000e+00
# span 0 =      2.117,     27.191                 
# span 1 =   4.753351,   5.727127                 
# span 2 =  1016.7918,  1024.0200                 
# span 3 = 6.1050e-02, 1.6484e-01                 
# span 4 =    -0.6890,   264.3110                 
# span 5 =     0.3573,     1.7920                 
# span 6 =     3.9312,     6.8974                 
# span 7 =     59.889,    105.725                 
# span 8 = 9.8755e-02, 6.4087e-01                 
# span 9 =    28.1368,    36.3466                 
# span 10 =    26.3986,    29.5688                
# span 11 = 0.0000e+00, 0.0000e+00                
# interval = seconds: 0.0416667
# start_time = Jun 11 2023 22:40:04 [NMEA time, header]
# bad_flag = -9.990e-29
*END*
[from data line 6737]
     26.878   5.634648  1024.0030 1.3675e-01    -0.3007     0.9984     4.1648     63.445 9.9375e-02    36.2992    26.4031  0.000e+00
     27.076   5.634670  1024.0039 1.3675e-01     5.3940     0.9678     4.1651     63.449 9.9065e-02    36.2993    26.4031  0.000e+00
     27.010   5.635059  1024.0056 1.3675e-01     9.0180     0.9678     4.1650     63.448 9.9375e-02    36.3020    26.4033  0.000e+00
     27.010   5.634993  1024.0052 1.3797e-01     9.6651     0.9678     4.1652     63.451 9.9375e-02    36.3015    26.4033  0.000e+00
     26.952   5.634897  1024.0045 1.3797e-01     9.4062     0.9678     4.1652     63.451 9.9065e-02    36.3008    26.4033  0.000e+00
     27.010   5.635074  1024.0057 1.3797e-01     9.2768     0.9678     4.1652     63.452 9.9375e-02    36.3021    26.4033  0.000e+00
     26.952   5.635360  1024.0070 1.3797e-01     9.2121     0.9678     4.1653     63.455 9.9065e-02    36.3042    26.4033  0.000e+00
     27.010   5.635434  1024.0075 1.3797e-01     9.2121     0.9984     4.1656     63.459 9.9375e-02    36.3046    26.4035  0.000e+00
     27.010   5.635522  1024.0081 1.3797e-01     9.2121     0.9678     4.1659     63.463 9.9065e-02    36.3053    26.4033  0.000e+00
     26.952   5.635669  1024.0087 1.3675e-01     9.2121     0.9678     4.1659     63.464 9.9375e-02    36.3064    26.4033  0.000e+00
     27.010   5.635595  1024.0084 1.3675e-01     9.8592     0.9678     4.1660     63.466 9.9065e-02    36.3057    26.4035  0.000e+00
     27.010   5.635331  1024.0069 1.3797e-01    10.9594     0.9678     4.1661     63.467 9.9375e-02    36.3038    26.4035  0.000e+00
     26.952   5.635221  1024.0061 1.3919e-01    11.2182     0.9678     4.1662     63.468 9.9065e-02    36.3030    26.4035  0.000e+00
     27.002   5.634288  1024.0012 1.3919e-01    11.2182     0.9984     4.1665     63.470 9.9065e-02    36.2962    26.4035  0.000e+00
     27.010   5.633627  1023.9976 1.3797e-01    11.2182     1.0289     4.1627     63.410 9.9375e-02    36.2914    26.4035  0.000e+00
     26.952   5.633751  1023.9978 1.3675e-01    11.2182     1.0289     4.1623     63.405 9.9065e-02    36.2922    26.4037  0.000e+00
     27.010   5.633759  1023.9983 1.3797e-01    11.2829     1.0594     4.1623     63.404 9.9375e-02    36.2924    26.4035  0.000e+00
     27.010   5.633663  1023.9976 1.3919e-01    11.2182     1.0289     4.1620     63.400 9.9375e-02    36.2915    26.4037  0.000e+00
     27.010   5.633619  1023.9973 1.4164e-01    11.1535     1.0289     4.1577     63.334 9.9065e-02    36.2912    26.4037  0.000e+00
     26.952   5.633355  1023.9958 1.4164e-01    11.1535     1.0289     4.1613     63.388 9.9065e-02    36.2895    26.4035  0.000e+00
     27.010   5.633524  1023.9973 1.4042e-01    11.1535     1.0289     4.1611     63.385 9.9375e-02    36.2910    26.4031  0.000e+00
     27.010   5.633634  1023.9976 1.3797e-01    11.1535     1.0289     4.1568     63.320 9.9065e-02    36.2915    26.4035  0.000e+00
     27.010   5.633884  1023.9990 1.3675e-01    11.6065     1.0289     4.1563     63.313 9.9375e-02    36.2933    26.4035  0.000e+00
     27.010   5.633942  1023.9996 1.3797e-01    15.0363     1.0289     4.1561     63.310 9.9375e-02    36.2940    26.4031  0.000e+00
     27.010   5.633818  1023.9989 1.3919e-01    16.5894     1.0289     4.1560     63.308 9.9065e-02    36.2931    26.4031  0.000e+00
     27.002   5.633619  1023.9978 1.3919e-01    16.7835     1.0289     4.1556     63.302 9.9065e-02    36.2917    26.4031  0.000e+00
     27.076   5.632966  1023.9944 1.3919e-01    16.6541     1.0289     4.1554     63.298 9.9375e-02    36.2868    26.4033  0.000e+00
     27.010   5.632826  1023.9933 1.3675e-01    16.5894     1.0289     4.1510     63.230 9.9065e-02    36.2858    26.4033  0.000e+00
     27.010   5.633179  1023.9953 1.3431e-01    16.5894     1.0289     4.1505     63.223 9.9375e-02    36.2883    26.4033  0.000e+00
     27.076   5.633274  1023.9961 1.3431e-01    16.5894     1.0289     4.1500     63.216 9.9375e-02    36.2890    26.4033  0.000e+00
     27.010   5.633002  1023.9943 1.3431e-01    16.5894     1.0289     4.1455     63.146 9.9065e-02    36.2870    26.4033  0.000e+00
     27.076   5.632701  1023.9928 1.3553e-01    16.5894     1.0289     4.1449     63.137 9.9375e-02    36.2847    26.4035  0.000e+00
     27.076   5.631563  1023.9865 1.3675e-01    16.5894     1.0289     4.1445     63.128 9.9065e-02    36.2764    26.4035  0.000e+00
     27.010   5.631027  1023.9833 1.3797e-01    16.5894     1.0289     4.1440     63.119 9.9375e-02    36.2725    26.4035  0.000e+00
     27.076   5.630733  1023.9820 1.3797e-01    16.5894     1.0594     4.1436     63.111 9.9375e-02    36.2704    26.4035  0.000e+00
     27.076   5.629888  1023.9774 1.3919e-01    11.3476     1.0289     4.1394     63.045 9.9065e-02    36.2643    26.4035  0.000e+00
     27.076   5.623024  1023.9397 1.4042e-01     6.4294     1.0594     4.1401     63.039 9.9065e-02    36.2144    26.4035  0.000e+00
     27.076   5.615320  1023.8975 1.4286e-01     5.3940     1.0594     4.1370     62.971 9.9375e-02    36.1584    26.4035  0.000e+00
     27.059   5.620177  1023.9241 1.4408e-01     5.5235     1.0594     4.1397     63.025 9.9375e-02    36.1937    26.4035  0.000e+00
     27.076   5.626717  1023.9601 1.4652e-01     5.7176     1.0594     4.1343     62.959 9.9375e-02    36.2414    26.4033  0.000e+00
     27.076   5.629323  1023.9744 1.4896e-01     5.7823     1.0594     4.1332     62.949 9.9375e-02    36.2603    26.4033  0.000e+00
     27.076   5.629000  1023.9726 1.4896e-01     5.7176     1.0594     4.1327     62.941 9.9065e-02    36.2579    26.4033  0.000e+00
     27.076   5.622731  1023.9383 1.4774e-01     5.7823     1.0899     4.1332     62.933 9.9065e-02    36.2124    26.4033  0.000e+00
     27.134   5.618717  1023.9165 1.4652e-01     5.7823     1.0594     4.1337     62.929 9.9375e-02    36.1832    26.4033  0.000e+00
     27.076   5.619326  1023.9196 1.4652e-01     5.7823     1.0899     4.1331     62.922 9.9065e-02    36.1877    26.4033  0.000e+00
     27.076   5.619891  1023.9227 1.4652e-01     5.7823     1.0899     4.1329     62.920 9.9065e-02    36.1918    26.4033  0.000e+00
     27.076   5.624478  1023.9479 1.4896e-01     5.7823     1.0899     4.1280     62.857 9.9065e-02    36.2251    26.4033  0.000e+00
     27.076   5.627928  1023.9666 1.5018e-01     6.7530     1.0594     4.1269     62.851 9.9065e-02    36.2500    26.4035  0.000e+00
     27.076   5.627884  1023.9664 1.5140e-01     9.4710     1.0594     4.1266     62.845 9.9065e-02    36.2497    26.4035  0.000e+00
     27.134   5.620559  1023.9266 1.5018e-01    10.5064     1.0594     4.1316     62.903 9.9065e-02    36.1966    26.4033  0.000e+00
     27.117   5.583064  1023.7211 1.5018e-01    10.5064     1.0594     4.1338     62.840 9.9065e-02    35.9243    26.4035  0.000e+00
     27.010   5.543576  1023.5044 1.4896e-01    10.4416     1.0594     4.1402     62.836 9.9065e-02    35.6378    26.4039  0.000e+00
     27.134   5.567232  1023.6344 1.4774e-01    10.4416     1.0594     4.1321     62.773 9.9065e-02    35.8093    26.4037  0.000e+00
     27.076   5.604176  1023.8365 1.4652e-01    10.3769     1.0899     4.1255     62.768 9.9375e-02    36.0775    26.4035  0.000e+00
     27.076   5.621799  1023.9330 1.4652e-01    10.3769     1.0594     4.1224     62.765 9.9065e-02    36.2055    26.4035  0.000e+00
     27.076   5.627069  1023.9622 1.4530e-01    10.3769     1.0594     4.1213     62.763 9.9375e-02    36.2440    26.4031  0.000e+00
     27.076   5.628868  1023.9719 1.4530e-01    10.4416     1.0899     4.1210     62.762 9.9375e-02    36.2570    26.4033  0.000e+00
     27.076   5.626217  1023.9574 1.4408e-01    10.3769     1.0594     4.1214     62.762 9.9065e-02    36.2377    26.4033  0.000e+00
     27.134   5.618908  1023.9176 1.4164e-01    10.3769     1.0594     4.1187     62.702 9.9065e-02    36.1846    26.4033  0.000e+00
     27.010   5.621747  1023.9325 1.4164e-01    10.5064     1.0594     4.1181     62.700 9.9375e-02    36.2051    26.4035  0.000e+00
     27.076   5.608691  1023.8612 1.4164e-01    15.4893     1.0594     4.1163     62.639 9.9065e-02    36.1103    26.4035  0.000e+00
     27.076   5.599655  1023.8115 1.4164e-01    18.5955     1.0594     4.1177     62.638 9.9375e-02    36.0445    26.4037  0.000e+00
     27.076   5.616245  1023.9027 1.4286e-01    19.0485     1.0594     4.1149     62.637 9.9375e-02    36.1653    26.4033  0.000e+00
     27.059   5.626951  1023.9615 1.4164e-01    18.8543     1.0594     4.1130     62.635 9.9065e-02    36.2432    26.4031  0.000e+00
     27.010   5.629286  1023.9743 1.4164e-01    18.7896     1.0594     4.1125     62.634 9.9065e-02    36.2603    26.4029  0.000e+00
     27.076   5.630190  1023.9795 1.4164e-01    18.7249     1.0289     4.1083     62.573 9.9065e-02    36.2669    26.4029  0.000e+00
     27.010   5.631071  1023.9840 1.4164e-01    18.7249     1.0289     4.1121     62.633 9.9375e-02    36.2733    26.4029  0.000e+00
     27.076   5.631298  1023.9856 1.4408e-01    18.7249     1.0289     4.1039     62.509 9.9375e-02    36.2749    26.4029  0.000e+00
     27.076   5.631093  1023.9844 1.4530e-01    18.7249     1.0289     4.1038     62.506 9.9065e-02    36.2734    26.4029  0.000e+00
     27.076   5.630535  1023.9815 1.4652e-01    18.7249     1.0289     4.0998     62.443 9.9065e-02    36.2695    26.4028  0.000e+00
     27.010   5.631533  1023.9867 1.4530e-01    18.7249     1.0289     4.0992     62.437 9.9065e-02    36.2768    26.4028  0.000e+00
     27.076   5.633010  1023.9951 1.4286e-01    18.7249     1.0289     4.0946     62.371 9.9065e-02    36.2875    26.4028  0.000e+00
     27.010   5.633707  1023.9988 1.4286e-01   103.8873     0.9678     4.0941     62.365 9.9065e-02    36.2927    26.4026  0.000e+00
     27.010   5.634148  1024.0012 1.2332e-01   233.7664     1.0289     4.0978     62.422 9.9065e-02    36.2959    26.4026  0.000e+00
     27.076   5.633862  1024.0003 1.1600e-01   264.3110     1.1510     4.0898     62.299 9.9065e-02    36.2941    26.4022  0.000e+00
     27.002   5.633215  1023.9964 1.1477e-01   264.3110     1.1510     4.0855     62.232 9.9065e-02    36.2895    26.4022  0.000e+00
     27.076   5.633531  1023.9986 1.1355e-01   264.3110     1.1205     4.0849     62.224 9.9375e-02    36.2919    26.4020  0.000e+00
     27.076   5.634141  1024.0020 1.1355e-01   259.7164     1.1205     4.0803     62.155 9.9375e-02    36.2963    26.4020  0.000e+00
     27.010   5.634471  1024.0037 1.1477e-01   259.5222     1.1205     4.0755     62.083 9.9065e-02    36.2989    26.4018  0.000e+00
     27.010   5.634655  1024.0044 1.1477e-01   259.8458     1.1205     4.0705     62.008 9.9375e-02    36.2999    26.4022  0.000e+00
     27.076   5.634699  1024.0050 1.1477e-01   260.1047     1.1205     4.0655     61.932 9.9065e-02    36.3004    26.4020  0.000e+00
     27.076   5.634817  1024.0055 1.1477e-01   260.0399     1.1205     4.0564     61.792 9.9065e-02    36.3011    26.4022  0.000e+00
     27.010   5.635221  1024.0076 1.1600e-01   260.0399     1.1205     4.0468     61.648 9.9065e-02    36.3042    26.4020  0.000e+00
     27.076   5.635676  1024.0107 1.1966e-01   260.0399     1.1205     4.0412     61.563 9.9065e-02    36.3077    26.4017  0.000e+00
     27.076   5.635184  1024.0080 1.2943e-01   234.9960     1.0289     4.0313     61.412 9.9065e-02    36.3042    26.4017  0.000e+00
     27.076   5.635221  1024.0084 1.4896e-01    76.9020     1.0289     4.0252     61.319 9.9065e-02    36.3046    26.4015  0.000e+00
     27.076   5.635764  1024.0112 1.4896e-01     4.8763     1.0594     4.0147     61.160 9.9065e-02    36.3084    26.4017  0.000e+00
     27.076   5.636418  1024.0151 1.4652e-01    -0.6890     1.0594     4.0083     61.064 9.9065e-02    36.3134    26.4013  0.000e+00
     27.059   5.636690  1024.0164 1.4652e-01     4.3586     1.0594     4.0058     61.026 9.9375e-02    36.3152    26.4015  0.000e+00
     27.191   5.636852  1024.0178 1.4652e-01     7.1413     1.0594     3.9995     60.931 9.9375e-02    36.3164    26.4015  0.000e+00
     27.010   5.636903  1024.0175 1.4530e-01     7.4648     1.0289     3.9850     60.710 9.9375e-02    36.3170    26.4013  0.000e+00
     27.133   5.636881  1024.0179 1.4530e-01     7.2060     1.0289     3.9784     60.610 9.9065e-02    36.3168    26.4013  0.000e+00
     27.133   5.636786  1024.0174 1.4286e-01     7.1413     1.0594     3.9718     60.509 9.9065e-02    36.3161    26.4013  0.000e+00
     27.076   5.636940  1024.0180 1.2943e-01     7.1413     1.0594     3.9652     60.409 9.9065e-02    36.3172    26.4013  0.000e+00
     27.191   5.637072  1024.0192 1.1600e-01     7.0119     1.0594     3.9588     60.311 9.9065e-02    36.3181    26.4013  0.000e+00
     27.076   5.637021  1024.0184 1.2454e-01     7.1413     1.0594     3.9521     60.209 9.9065e-02    36.3178    26.4013  0.000e+00
     27.133   5.636999  1024.0184 1.3797e-01     7.1413     1.0289     3.9496     60.171 9.9065e-02    36.3175    26.4015  0.000e+00
     27.133   5.636521  1024.0159 1.4652e-01     8.6944     1.0289     3.9475     60.138 9.9375e-02    36.3141    26.4013  0.000e+00
     27.076   5.635654  1024.0108 1.4896e-01    10.1828     1.0289     3.9378     59.989 9.9065e-02    36.3077    26.4015  0.000e+00
     27.133   5.635294  1024.0090 1.4774e-01    10.4416     1.0289     3.9359     59.959 9.9375e-02    36.3051    26.4015  0.000e+00
     27.191   5.635889  1024.0125 1.4652e-01    10.3769     1.0289     3.9342     59.933 9.9375e-02    36.3094    26.4015  0.000e+00
     27.059   5.636367  1024.0148 1.4774e-01    10.3122     1.0289     3.9325     59.908 9.9375e-02    36.3130    26.4013  0.000e+00
     27.191   5.636551  1024.0160 1.4774e-01    10.3122     1.0289     3.9312     59.889 9.9065e-02    36.3141    26.4017  0.000e+00
     27.133   5.636580  1024.0161 1.4652e-01    10.3122     1.0289     3.9342     59.936 9.9375e-02    36.3144    26.4015  0.000e+00
     27.133   5.636448  1024.0153 1.4652e-01    10.3122     1.0289     3.9338     59.929 9.9065e-02    36.3135    26.4015  0.000e+00
     27.133   5.636095  1024.0134 1.4530e-01    10.3122     1.0289     3.9337     59.926 9.9375e-02    36.3109    26.4015  0.000e+00
     27.133   5.635904  1024.0124 1.4408e-01    10.3122     1.0594     3.9338     59.928 9.9065e-02    36.3095    26.4015  0.000e+00
     27.076   5.635860  1024.0117 1.4408e-01    10.3122     1.0289     3.9340     59.930 9.9065e-02    36.3091    26.4017  0.000e+00
     27.133   5.635750  1024.0115 1.4042e-01    10.3122     1.0289     3.9386     60.000 9.9375e-02    36.3084    26.4015  0.000e+00
     27.133   5.635382  1024.0093 1.3553e-01    68.7481     1.0594     3.9394     60.011 9.9375e-02    36.3056    26.4017  0.000e+00
     27.076   5.635324  1024.0085 1.2943e-01   216.8763     0.9678     3.9403     60.026 9.9065e-02    36.3049    26.4020  0.000e+00
     27.076   5.635478  1024.0093 1.2088e-01   264.3110     1.1510     3.9457     60.108 9.9065e-02    36.3060    26.4020  0.000e+00
     27.076   5.635133  1024.0074 1.1966e-01   264.3110     1.1510     3.9515     60.196 9.9065e-02    36.3035    26.4020  0.000e+00
     27.059   5.634325  1024.0028 1.1966e-01   264.3110     1.1205     3.9539     60.230 9.9375e-02    36.2975    26.4022  0.000e+00
     27.076   5.633597  1023.9988 1.2088e-01   260.1047     1.1205     3.9563     60.264 9.9375e-02    36.2922    26.4022  0.000e+00
     27.010   5.631203  1023.9853 1.2088e-01   259.4575     1.1205     3.9634     60.367 9.9375e-02    36.2747    26.4024  0.000e+00
     27.076   5.630704  1023.9826 1.2088e-01   259.7811     1.1205     3.9703     60.471 9.9065e-02    36.2709    26.4026  0.000e+00
     27.010   5.632686  1023.9932 1.2088e-01   259.9752     1.1205     3.9771     60.581 9.9065e-02    36.2853    26.4026  0.000e+00
     27.010   5.634111  1024.0009 1.2088e-01   260.0399     1.1205     3.9843     60.694 9.9065e-02    36.2955    26.4028  0.000e+00
     27.010   5.634839  1024.0052 1.1966e-01   259.9752     1.1205     3.9920     60.813 9.9065e-02    36.3011    26.4024  0.000e+00
