WS23061_Kelble_Stn.009.5.cnv
* Sea-Bird SBE 9 Data File:
* FileName = C:\ctd\Cruise_Data\WS23061_Kelble\WS23061_Kelble_Stn.009.5.hex
* Software Version Seasave V 7.26.7.121
* Temperature SN = 4097 MTG 177
* Conductivity SN = 1851 MTG 053
* Number of Bytes Per Scan = 40
* Number of Voltage Words = 5
* Number of Scans Averaged by the Deck Unit = 1
* NMEA Latitude = 24 42.91 N
* NMEA Longitude = 080 41.09 W
* NMEA UTC (Time) = Jul 17 2003  23:14:00
** Ship:
** Station:
** Operator:
# nquan = 12
# nvalues = 13312                                 
# units = specified
# name 0 = depSM: Depth [salt water, m]
# name 1 = c0S/m: Conductivity [S/m]
# name 2 = density00: Density [density, kg/m^3]
# name 3 = flSP: Fluorescence, Seapoint
# name 4 = wetCDOM: Fluorescence, WET Labs CDOM [mg/m^3]
# name 5 = flECO-AFL: Fluorescence, WET Labs ECO-AFL/FL [mg/m^3]
# name 6 = sbeox0Mg/L: Oxygen, SBE 43 [mg/l]
# name 7 = sbeox0PS: Oxygen, SBE 43 [% saturation]
# name 8 = par: PAR/Irradiance, Biospherical/Licor [Watts/m^2]
# name 9 = sal00: Salinity, Practical [PSU]
# name 10 = t090C: Temperature [ITS-90, deg C]
# name 11 = flag:  0.000e+00
# span 0 =      2.618,    131.175                 
# span 1 =   4.341432,   5.513924                 
# span 2 =  1023.9234,  1027.3577                 
# span 3 = 1.0745e-01, 1.5018e-01                 
# span 4 =    -0.6890,   264.3110                 
# span 5 =    -0.2226,     0.6626                 
# span 6 =     4.1490,     6.5744                 
# span 7 =     50.835,     97.611                 
# span 8 = 9.8755e-02, 5.8265e+01                 
# span 9 =    35.8862,    36.6914                 
# span 10 =    14.4748,    25.4646                
# span 11 = 0.0000e+00, 0.0000e+00                
# interval = seconds: 0.0416667
# start_time = Jul 17 2003 23:14:00 [NMEA time, header]
# bad_flag = -9.990e-29
*END*
[from data line 4211]
     52.225   5.293728  1025.2436 1.4408e-01    11.8653     0.4794     6.0998     87.839 1.3937e+00    36.4460    23.0495  0.000e+00
     52.225   5.293749  1025.2431 1.4286e-01    11.7359     0.4489     6.1001     87.844 1.3898e+00    36.4456    23.0502  0.000e+00
     52.348   5.293764  1025.2438 1.4286e-01    11.6065     0.4489     6.1010     87.857 1.3898e+00    36.4458    23.0500  0.000e+00
     52.282   5.293699  1025.2437 1.4408e-01    11.5418     0.4489     6.1017     87.866 1.3858e+00    36.4458    23.0495  0.000e+00
     52.340   5.293678  1025.2443 1.4408e-01    11.6065     0.4794     6.1024     87.875 1.3780e+00    36.4460    23.0489  0.000e+00
     52.348   5.293456  1025.2442 1.4408e-01    11.4123     0.4794     6.0989     87.823 1.3741e+00    36.4453    23.0477  0.000e+00
     52.406   5.293242  1025.2450 1.4408e-01    11.6065     0.4794     6.0998     87.832 1.3741e+00    36.4453    23.0457  0.000e+00
     52.472   5.292999  1025.2456 1.4408e-01    11.9300     0.4794     6.1006     87.841 1.3780e+00    36.4450    23.0438  0.000e+00
     52.472   5.292770  1025.2462 1.4530e-01    12.1889     0.4489     6.0971     87.788 1.3702e+00    36.4450    23.0416  0.000e+00
     52.530   5.292612  1025.2468 1.4530e-01    12.2536     0.4794     6.0976     87.792 1.3741e+00    36.4449    23.0402  0.000e+00
     52.530   5.292484  1025.2468 1.4408e-01    12.2536     0.4794     6.0982     87.799 1.3663e+00    36.4445    23.0395  0.000e+00
     52.530   5.292391  1025.2473 1.4408e-01    12.2536     0.4794     6.0989     87.808 1.3663e+00    36.4448    23.0382  0.000e+00
     52.587   5.292133  1025.2484 1.4408e-01    12.1889     0.4794     6.1038     87.874 1.3663e+00    36.4449    23.0357  0.000e+00
     52.587   5.291862  1025.2489 1.4408e-01    12.1889     0.4794     6.1003     87.820 1.3586e+00    36.4447    23.0334  0.000e+00
     52.645   5.291626  1025.2492 1.4286e-01    12.2536     0.4794     6.1010     87.827 1.3548e+00    36.4442    23.0318  0.000e+00
     52.653   5.291511  1025.2497 1.4286e-01    12.2536     0.4794     6.0971     87.769 1.3509e+00    36.4443    23.0306  0.000e+00
     52.645   5.291361  1025.2497 1.4408e-01    12.2536     0.4794     6.1017     87.835 1.3509e+00    36.4440    23.0296  0.000e+00
     52.777   5.291054  1025.2513 1.4408e-01    12.2536     0.4794     6.0984     87.782 1.3395e+00    36.4441    23.0265  0.000e+00
     52.711   5.290603  1025.2517 1.4408e-01    12.2536     0.4794     6.1032     87.846 1.3433e+00    36.4436    23.0229  0.000e+00
     52.769   5.290253  1025.2523 1.4408e-01    82.0143     0.4184     6.0995     87.788 1.3395e+00    36.4431    23.0202  0.000e+00
     52.835   5.289853  1025.2529 1.2821e-01   224.1242     0.5100     6.1000     87.790 1.3357e+00    36.4424    23.0174  0.000e+00
     52.769   5.289509  1025.2532 1.1844e-01   264.3110     0.5100     6.1005     87.792 1.3357e+00    36.4420    23.0146  0.000e+00
     52.892   5.289238  1025.2544 1.1844e-01   264.3110     0.4794     6.1011     87.798 1.3281e+00    36.4420    23.0120  0.000e+00
     52.835   5.288844  1025.2551 1.1722e-01   264.3110     0.5100     6.1016     87.800 1.3169e+00    36.4419    23.0085  0.000e+00
     52.950   5.288337  1025.2569 1.1722e-01   260.0399     0.4794     6.1028     87.809 1.3169e+00    36.4418    23.0039  0.000e+00
     52.892   5.287944  1025.2573 1.1722e-01   259.5222     0.5100     6.1035     87.814 1.3094e+00    36.4414    23.0006  0.000e+00
     52.950   5.287658  1025.2578 1.1722e-01   259.9105     0.4794     6.1042     87.821 1.3020e+00    36.4410    22.9985  0.000e+00
     52.958   5.287565  1025.2576 1.1844e-01   260.2341     0.4794     6.1092     87.893 1.3057e+00    36.4405    22.9981  0.000e+00
     53.016   5.287322  1025.2587 1.1722e-01   260.1694     0.4794     6.1058     87.840 1.3020e+00    36.4407    22.9956  0.000e+00
     53.074   5.286750  1025.2605 1.1844e-01   260.1694     0.4794     6.1069     87.847 1.3020e+00    36.4407    22.9903  0.000e+00
     53.016   5.285764  1025.2607 1.1844e-01   260.1694     0.4794     6.1126     87.917 1.3020e+00    36.4387    22.9836  0.000e+00
     53.131   5.284642  1025.2632 1.1966e-01   248.4563     0.5100     6.1146     87.932 1.3057e+00    36.4377    22.9742  0.000e+00
     53.082   5.283706  1025.2647 1.4408e-01    95.9923     0.3879     6.1164     87.945 1.3020e+00    36.4370    22.9663  0.000e+00
     53.131   5.282862  1025.2669 1.4164e-01    15.6187     0.4489     6.1183     87.961 1.3020e+00    36.4366    22.9588  0.000e+00
     53.197   5.282084  1025.2681 1.4164e-01     5.9117     0.4794     6.1202     87.978 1.3020e+00    36.4356    22.9528  0.000e+00
     53.197   5.280926  1025.2694 1.4286e-01    11.6712     0.4184     6.1221     87.992 1.2910e+00    36.4339    22.9440  0.000e+00
     53.255   5.279590  1025.2717 1.4286e-01    14.7774     0.4184     6.1247     88.011 1.2837e+00    36.4325    22.9332  0.000e+00
     53.263   5.278376  1025.2725 1.4286e-01    15.1657     0.4184     6.1265     88.023 1.2873e+00    36.4302    22.9245  0.000e+00
     53.255   5.277069  1025.2755 1.4286e-01    14.9068     0.3879     6.1286     88.035 1.2801e+00    36.4297    22.9129  0.000e+00
     53.321   5.275976  1025.2780 1.4286e-01    14.7774     0.4184     6.1350     88.112 1.2764e+00    36.4291    22.9035  0.000e+00
     53.387   5.275133  1025.2794 1.4286e-01    14.7774     0.4184     6.1370     88.130 1.2764e+00    36.4280    22.8969  0.000e+00
     53.379   5.274669  1025.2804 1.4286e-01    14.7774     0.4184     6.1344     88.086 1.2728e+00    36.4278    22.8928  0.000e+00
     53.445   5.274391  1025.2812 1.4286e-01    14.7774     0.4184     6.1358     88.102 1.2656e+00    36.4276    22.8904  0.000e+00
     53.436   5.273834  1025.2831 1.4286e-01    14.7774     0.4184     6.1372     88.114 1.2620e+00    36.4280    22.8847  0.000e+00
     53.445   5.272956  1025.2835 1.4408e-01   118.3830     0.3573     6.1388     88.127 1.2656e+00    36.4262    22.8787  0.000e+00
     53.502   5.272020  1025.2853 1.2088e-01   240.9496     0.4184     6.1404     88.137 1.2692e+00    36.4252    22.8710  0.000e+00
     53.568   5.271442  1025.2863 1.1722e-01   264.3110     0.4184     6.1419     88.152 1.2728e+00    36.4244    22.8665  0.000e+00
     53.568   5.271078  1025.2870 1.1722e-01   264.3110     0.3879     6.1386     88.100 1.2620e+00    36.4242    22.8633  0.000e+00
     53.626   5.270885  1025.2886 1.1722e-01   264.3110     0.4184     6.1392     88.104 1.2549e+00    36.4249    22.8607  0.000e+00
     53.626   5.270628  1025.2887 1.1722e-01   259.7164     0.4184     6.1397     88.108 1.2549e+00    36.4244    22.8589  0.000e+00
     53.626   5.270436  1025.2887 1.1722e-01   259.6517     0.4184     6.1401     88.112 1.2513e+00    36.4239    22.8577  0.000e+00
     53.750   5.270172  1025.2889 1.1722e-01   259.9752     0.4184     6.1407     88.118 1.2443e+00    36.4229    22.8564  0.000e+00
     53.741   5.269793  1025.2900 1.1722e-01   260.1694     0.4184     6.1371     88.061 1.2443e+00    36.4231    22.8526  0.000e+00
     53.807   5.269315  1025.2911 1.1844e-01   260.1694     0.4184     6.1421     88.126 1.2443e+00    36.4226    22.8487  0.000e+00
     53.750   5.268744  1025.2906 1.1722e-01   260.1694     0.4184     6.1427     88.128 1.2443e+00    36.4210    22.8454  0.000e+00
     53.865   5.268237  1025.2925 1.1722e-01   260.1694     0.4184     6.1391     88.069 1.2443e+00    36.4210    22.8405  0.000e+00
     53.873   5.267645  1025.2931 1.2821e-01   221.0180     0.4184     6.1395     88.069 1.2407e+00    36.4201    22.8361  0.000e+00
     53.923   5.267274  1025.2936 1.4164e-01    66.4184     0.3573     6.1440     88.128 1.2302e+00    36.4194    22.8334  0.000e+00
     53.997   5.267103  1025.2942 1.4164e-01     4.7469     0.4184     6.1442     88.128 1.2302e+00    36.4192    22.8320  0.000e+00
     53.989   5.266931  1025.2945 1.4164e-01     1.3171     0.3879     6.1399     88.066 1.2267e+00    36.4191    22.8305  0.000e+00
     53.997   5.266667  1025.2944 1.4286e-01     7.1413     0.4184     6.1399     88.062 1.2233e+00    36.4184    22.8290  0.000e+00
     54.055   5.266460  1025.2951 1.4286e-01     9.5357     0.3879     6.1358     88.001 1.2163e+00    36.4182    22.8272  0.000e+00
     54.112   5.266311  1025.2952 1.4286e-01     9.6651     0.3879     6.1355     87.995 1.2163e+00    36.4178    22.8263  0.000e+00
     54.112   5.266253  1025.2959 1.4164e-01     9.4062     0.3879     6.1396     88.052 1.2163e+00    36.4183    22.8252  0.000e+00
     54.170   5.266211  1025.2960 1.4164e-01     9.4062     0.3879     6.1349     87.984 1.2129e+00    36.4180    22.8250  0.000e+00
     54.236   5.266161  1025.2963 1.4164e-01     9.3415     0.3879     6.1346     87.979 1.2129e+00    36.4179    22.8247  0.000e+00
     54.228   5.266054  1025.2963 1.4164e-01     9.3415     0.3879     6.1428     88.096 1.2129e+00    36.4177    22.8240  0.000e+00
     54.302   5.265925  1025.2967 1.4286e-01     9.3415     0.3879     6.1344     87.974 1.2095e+00    36.4174    22.8231  0.000e+00
     54.302   5.265790  1025.2969 1.4286e-01     9.8592     0.3879     6.1339     87.965 1.2129e+00    36.4172    22.8220  0.000e+00
     54.351   5.265761  1025.2969 1.4408e-01   149.4453     0.3573     6.1378     88.020 1.2060e+00    36.4170    22.8220  0.000e+00
     54.417   5.265726  1025.2970 1.1844e-01   252.7921     0.3879     6.1376     88.017 1.1992e+00    36.4167    22.8220  0.000e+00
     54.417   5.265783  1025.2971 1.1722e-01   264.3110     0.3573     6.1373     88.013 1.1958e+00    36.4170    22.8222  0.000e+00
     54.483   5.265768  1025.2975 1.1844e-01   264.3110     0.3573     6.1327     87.947 1.1958e+00    36.4170    22.8220  0.000e+00
     54.533   5.265633  1025.2975 1.1844e-01   263.0815     0.3573     6.1367     88.003 1.1924e+00    36.4165    22.8213  0.000e+00
     54.541   5.265355  1025.2981 1.1722e-01   259.5869     0.3573     6.1411     88.063 1.1958e+00    36.4163    22.8190  0.000e+00
     54.533   5.265019  1025.2982 1.1722e-01   259.7164     0.3573     6.1458     88.126 1.1924e+00    36.4156    22.8167  0.000e+00
     54.607   5.264541  1025.2992 1.1722e-01   260.1047     0.3573     6.1425     88.073 1.1857e+00    36.4151    22.8128  0.000e+00
     54.664   5.264177  1025.3001 1.1600e-01   260.1694     0.3573     6.1429     88.074 1.1857e+00    36.4147    22.8098  0.000e+00
     54.656   5.263842  1025.3001 1.1600e-01   260.1694     0.3573     6.1432     88.074 1.1857e+00    36.4139    22.8076  0.000e+00
     54.722   5.263628  1025.3001 1.1600e-01   260.1047     0.3573     6.1437     88.080 1.1823e+00    36.4131    22.8065  0.000e+00
     54.722   5.263550  1025.3004 1.1600e-01   260.1694     0.3573     6.1485     88.147 1.1756e+00    36.4132    22.8056  0.000e+00
     54.788   5.263478  1025.3011 1.3797e-01   183.5491     0.3879     6.1493     88.157 1.1756e+00    36.4134    22.8047  0.000e+00
     54.838   5.263221  1025.3011 1.4164e-01    38.3330     0.3573     6.1545     88.229 1.1690e+00    36.4126    22.8033  0.000e+00
     54.846   5.263014  1025.3016 1.4042e-01    -0.6890     0.3573     6.1512     88.179 1.1656e+00    36.4125    22.8015  0.000e+00
     54.904   5.262936  1025.3016 1.4042e-01    -0.6890     0.3573     6.1563     88.251 1.1656e+00    36.4121    22.8012  0.000e+00
     54.912   5.263093  1025.3016 1.3919e-01    -0.6890     0.3573     6.1570     88.263 1.1623e+00    36.4124    22.8023  0.000e+00
     54.969   5.263015  1025.3022 1.4042e-01     1.3818     0.3879     6.1580     88.276 1.1656e+00    36.4125    22.8014  0.000e+00
     54.961   5.262808  1025.3018 1.4042e-01     2.0289     0.3573     6.1590     88.288 1.1623e+00    36.4117    22.8005  0.000e+00
     55.027   5.262686  1025.3021 1.4042e-01     2.0289     0.3268     6.1646     88.367 1.1558e+00    36.4115    22.7996  0.000e+00
     55.027   5.262601  1025.3020 1.4042e-01     1.9642     0.3268     6.1660     88.387 1.1525e+00    36.4111    22.7992  0.000e+00
     55.093   5.262544  1025.3027 1.4042e-01     1.8995     0.3268     6.1716     88.466 1.1525e+00    36.4114    22.7983  0.000e+00
     55.085   5.262472  1025.3024 1.4164e-01     1.8995     0.3268     6.1730     88.485 1.1492e+00    36.4110    22.7981  0.000e+00
     55.151   5.262415  1025.3030 1.4164e-01     1.8995     0.3268     6.1788     88.567 1.1525e+00    36.4111    22.7974  0.000e+00
     55.143   5.262308  1025.3033 1.4164e-01    23.1254     0.3268     6.1760     88.525 1.1525e+00    36.4112    22.7964  0.000e+00
     55.208   5.262273  1025.3032 1.3797e-01   184.5845     0.3268     6.1772     88.543 1.1525e+00    36.4107    22.7965  0.000e+00
     55.266   5.262301  1025.3035 1.1600e-01   263.9227     0.2658     6.1828     88.624 1.1492e+00    36.4107    22.7967  0.000e+00
     55.209   5.262316  1025.3031 1.1477e-01   264.3110     0.2658     6.1795     88.576 1.1460e+00    36.4107    22.7969  0.000e+00
     55.332   5.262423  1025.3036 1.1600e-01   264.3110     0.2963     6.1847     88.652 1.1460e+00    36.4109    22.7976  0.000e+00
     55.266   5.262415  1025.3028 1.1722e-01   261.4636     0.2658     6.1900     88.728 1.1427e+00    36.4105    22.7981  0.000e+00
     55.398   5.262337  1025.3037 1.1722e-01   259.5222     0.2658     6.1870     88.684 1.1427e+00    36.4105    22.7972  0.000e+00
     55.390   5.262216  1025.3039 1.1722e-01   259.7811     0.2658     6.1880     88.697 1.1330e+00    36.4105    22.7962  0.000e+00
     55.398   5.262123  1025.3043 1.1600e-01   260.1047     0.2658     6.1930     88.767 1.1234e+00    36.4105    22.7953  0.000e+00
     55.448   5.262102  1025.3040 1.1600e-01   260.1694     0.2658     6.1940     88.783 1.1202e+00    36.4100    22.7957  0.000e+00
     55.514   5.262102  1025.3046 1.1600e-01   260.1694     0.2658     6.1951     88.797 1.1234e+00    36.4103    22.7953  0.000e+00
     55.514   5.262102  1025.3044 1.1477e-01   260.1694     0.2658     6.1957     88.806 1.1202e+00    36.4101    22.7955  0.000e+00
     55.579   5.262102  1025.3047 1.1477e-01   260.1694     0.2658     6.1962     88.814 1.1202e+00    36.4101    22.7955  0.000e+00
     55.571   5.262102  1025.3042 1.1600e-01   260.1694     0.2658     6.1969     88.824 1.1202e+00    36.4097    22.7960  0.000e+00
     55.579   5.262166  1025.3046 1.1600e-01   260.1694     0.2658     6.2019     88.896 1.1202e+00    36.4102    22.7960  0.000e+00
     55.695   5.262187  1025.3052 1.1600e-01   260.1694     0.2658     6.2026     88.906 1.1170e+00    36.4103    22.7960  0.000e+00
     55.637   5.262152  1025.3044 1.1600e-01   260.1694     0.2658     6.2030     88.912 1.1170e+00    36.4098    22.7964  0.000e+00
     55.761   5.262209  1025.3051 1.1477e-01   260.1694     0.2658     6.2076     88.978 1.1107e+00    36.4100    22.7965  0.000e+00
     55.695   5.262194  1025.3049 1.1477e-01   260.1694     0.2658     6.2034     88.918 1.1076e+00    36.4101    22.7964  0.000e+00
     55.818   5.262123  1025.3053 1.1477e-01   260.1694     0.2658     6.2081     88.985 1.1107e+00    36.4098    22.7960  0.000e+00
     55.818   5.261902  1025.3053 1.1477e-01   260.1694     0.2658     6.2083     88.985 1.1107e+00    36.4092    22.7946  0.000e+00
     55.818   5.261510  1025.3056 1.1477e-01   260.1694     0.2658     6.2086     88.985 1.1139e+00    36.4085    22.7918  0.000e+00
     55.876   5.261239  1025.3062 1.1600e-01   260.1694     0.2658     6.2093     88.991 1.1107e+00    36.4082    22.7896  0.000e+00
     55.942   5.261082  1025.3062 1.1600e-01   260.1694     0.2963     6.2136     89.051 1.1044e+00    36.4075    22.7889  0.000e+00
     55.934   5.261018  1025.3067 1.1600e-01   260.1694     0.2658     6.2135     89.049 1.0982e+00    36.4078    22.7880  0.000e+00
     56.008   5.261075  1025.3073 1.2943e-01   210.3403     0.3268     6.2136     89.050 1.0982e+00    36.4082    22.7880  0.000e+00
