WS23139_STN16_15CTD.cnv
* Sea-Bird SBE 9 Data File:
* FileName = C:\ctd\Cruise_Data\WS23139_Rosenheim\WS23139_Rosenheim_STN16_2.hex
* Software Version Seasave V 7.26.7.121
* Temperature SN = 4097 MTG 177
* Conductivity SN = 1851 MTG 053
* Number of Bytes Per Scan = 40
* Number of Voltage Words = 5
* Number of Scans Averaged by the Deck Unit = 1
* NMEA Latitude = 05 44.87 N
* NMEA Longitude = 053 19.26 W
* NMEA UTC (Time) = Jun 15 2023 20:42:50
** Ship:
** Station:
** Operator:
# nquan = 12
# nvalues = 9495                                  
# units = specified
# name 0 = depSM: Depth [salt water, m]
# name 1 = c0S/m: Conductivity [S/m]
# name 2 = density00: Density [density, kg/m^3]
# name 3 = flSP: Fluorescence, Seapoint
# name 4 = wetCDOM: Fluorescence, WET Labs CDOM [mg/m^3]
# name 5 = flECO-AFL: Fluorescence, WET Labs ECO-AFL/FL [mg/m^3]
# name 6 = sbeox0Mg/L: Oxygen, SBE 43 [mg/l]
# name 7 = sbeox0PS: Oxygen, SBE 43 [% saturation]
# name 8 = par: PAR/Irradiance, Biospherical/Licor [Watts/m^2]
# name 9 = sal00: Salinity, Practical [PSU]
# name 10 = t090C: Temperature [ITS-90, deg C]
# name 11 = flag:  0.000e+00
# span 0 =      1.511,     17.640                 
# span 1 =   2.066312,   5.697261                 
# span 2 =  1004.9330,  1023.6097                 
# span 3 = 7.8144e-02, 1.8193e-01                 
# span 4 =    -0.6890,   264.3110                 
# span 5 =     0.4794,     2.7383                 
# span 6 =     3.9707,     6.4980                 
# span 7 =     61.600,    100.966                 
# span 8 = 9.9065e-02, 5.3411e+02                 
# span 9 =    11.6012,    36.1547                 
# span 10 =    27.1671,    27.9200                
# span 11 = 0.0000e+00, 0.0000e+00                
# interval = seconds: 0.0416667
# start_time = Jun 15 2023 20:42:50 [NMEA time, header]
# bad_flag = -9.990e-29
*END*
[from data line 5895]
     14.654   5.696669  1023.5862 1.2210e-01    16.4600     0.6015     5.3651     82.712 9.9065e-02    36.1443    27.1772  0.000e+00
     14.671   5.696669  1023.5860 1.2210e-01    16.4600     0.6321     5.3648     82.707 9.9065e-02    36.1441    27.1775  0.000e+00
     14.613   5.696602  1023.5857 1.2210e-01    16.4600     0.6321     5.3686     82.766 9.9375e-02    36.1439    27.1772  0.000e+00
     14.654   5.696639  1023.5857 1.2210e-01    16.4600     0.6321     5.3646     82.705 9.9065e-02    36.1438    27.1775  0.000e+00
     14.613   5.696669  1023.5860 1.2088e-01    45.7750     0.6015     5.3685     82.764 9.9375e-02    36.1443    27.1773  0.000e+00
     14.737   5.696632  1023.5863 1.1600e-01   197.7860     0.6015     5.3644     82.700 9.9375e-02    36.1440    27.1772  0.000e+00
     14.654   5.696617  1023.5857 9.8901e-02   264.3110     0.6931     5.3603     82.638 9.9065e-02    36.1437    27.1775  0.000e+00
     14.671   5.696654  1023.5860 1.0134e-01   264.3110     0.6931     5.3639     82.693 9.9375e-02    36.1441    27.1774  0.000e+00
     14.737   5.696698  1023.5865 1.0012e-01   264.3110     0.6931     5.3637     82.691 9.9065e-02    36.1444    27.1774  0.000e+00
     14.654   5.696684  1023.5860 1.0012e-01   260.5576     0.6931     5.3635     82.687 9.9065e-02    36.1442    27.1775  0.000e+00
     14.737   5.696632  1023.5865 9.8901e-02   259.3928     0.6626     5.3633     82.684 9.9065e-02    36.1442    27.1770  0.000e+00
     14.737   5.696654  1023.5866 9.8901e-02   259.6517     0.6931     5.3671     82.743 9.9065e-02    36.1443    27.1771  0.000e+00
     14.712   5.696698  1023.5868 9.8901e-02   259.9105     0.6931     5.3630     82.680 9.9065e-02    36.1447    27.1770  0.000e+00
     14.737   5.696647  1023.5867 9.8901e-02   259.9752     0.6931     5.3630     82.679 9.9375e-02    36.1444    27.1769  0.000e+00
     14.794   5.696617  1023.5867 9.8901e-02   259.9752     0.6931     5.3628     82.676 9.9375e-02    36.1441    27.1770  0.000e+00
     14.712   5.696654  1023.5867 9.8901e-02   259.9105     0.6931     5.3627     82.675 9.9375e-02    36.1445    27.1768  0.000e+00
     14.737   5.696669  1023.5866 9.8901e-02   259.9105     0.6626     5.3624     82.671 9.9065e-02    36.1444    27.1771  0.000e+00
     14.794   5.696669  1023.5870 1.2454e-01   144.3977     0.5100     5.3624     82.670 9.9065e-02    36.1444    27.1770  0.000e+00
     14.737   5.696669  1023.5868 1.2210e-01    41.7628     0.5405     5.3623     82.669 9.9065e-02    36.1445    27.1769  0.000e+00
     14.836   5.696698  1023.5873 1.2332e-01    20.6016     0.5710     5.3663     82.731 9.9065e-02    36.1446    27.1770  0.000e+00
     14.794   5.696684  1023.5870 1.2332e-01    25.0668     0.5710     5.3664     82.732 9.9065e-02    36.1445    27.1770  0.000e+00
     14.794   5.696698  1023.5870 1.2210e-01    29.0143     0.5710     5.3626     82.673 9.9375e-02    36.1446    27.1771  0.000e+00
     14.770   5.696647  1023.5869 1.2210e-01    29.7909     0.5405     5.3625     82.671 9.9065e-02    36.1444    27.1768  0.000e+00
     14.794   5.696684  1023.5871 1.2210e-01    29.6614     0.5710     5.3624     82.670 9.9375e-02    36.1446    27.1769  0.000e+00
     14.860   5.696713  1023.5878 1.2210e-01    29.4673     0.5405     5.3622     82.666 9.9065e-02    36.1450    27.1766  0.000e+00
     14.770   5.696647  1023.5869 1.2210e-01    29.4026     0.5405     5.3580     82.602 9.9065e-02    36.1444    27.1768  0.000e+00
     14.860   5.696684  1023.5874 1.2210e-01    29.4673     0.5710     5.3618     82.661 9.9065e-02    36.1446    27.1769  0.000e+00
     14.794   5.696684  1023.5870 1.2210e-01    29.4673     0.5405     5.3617     82.659 9.9065e-02    36.1445    27.1770  0.000e+00
     14.770   5.696669  1023.5868 1.2088e-01    29.4673     0.5405     5.3576     82.596 9.9065e-02    36.1444    27.1771  0.000e+00
     14.860   5.696669  1023.5872 1.2088e-01    84.0204     0.5100     5.3574     82.593 9.9375e-02    36.1444    27.1770  0.000e+00
     14.794   5.696632  1023.5868 1.0745e-01   220.6944     0.5710     5.3573     82.591 9.9065e-02    36.1442    27.1770  0.000e+00
     14.836   5.696684  1023.5873 9.6459e-02   264.3110     0.6015     5.3571     82.588 9.9065e-02    36.1446    27.1769  0.000e+00
     14.860   5.696684  1023.5873 9.7680e-02   264.3110     0.6015     5.3568     82.584 9.9065e-02    36.1445    27.1770  0.000e+00
     14.794   5.696632  1023.5867 9.7680e-02   264.3110     0.6015     5.3566     82.580 9.9065e-02    36.1441    27.1771  0.000e+00
     14.770   5.696684  1023.5873 9.8901e-02   259.9105     0.6015     5.3606     82.641 9.9065e-02    36.1448    27.1766  0.000e+00
     14.860   5.696713  1023.5881 9.8901e-02   259.3928     0.6015     5.3566     82.580 9.9065e-02    36.1453    27.1762  0.000e+00
     14.794   5.696713  1023.5881 1.0012e-01   259.7811     0.6015     5.3566     82.580 9.9375e-02    36.1455    27.1760  0.000e+00
     14.836   5.696713  1023.5885 1.0012e-01   259.9105     0.6015     5.3567     82.581 9.9065e-02    36.1457    27.1757  0.000e+00
     14.794   5.696684  1023.5879 9.8901e-02   259.9752     0.6015     5.3605     82.639 9.9065e-02    36.1453    27.1760  0.000e+00
     14.860   5.696603  1023.5879 9.8901e-02   259.9752     0.6015     5.3566     82.579 9.9065e-02    36.1448    27.1759  0.000e+00
     14.770   5.696676  1023.5880 9.7680e-02   259.9752     0.6015     5.3604     82.637 9.9065e-02    36.1454    27.1758  0.000e+00
     14.794   5.696713  1023.5883 9.7680e-02   254.4746     0.6015     5.3604     82.638 9.9065e-02    36.1457    27.1757  0.000e+00
     14.794   5.696713  1023.5887 1.2210e-01   105.3110     0.4794     5.3647     82.704 9.9065e-02    36.1460    27.1753  0.000e+00
     14.836   5.696713  1023.5889 1.2088e-01    18.3366     0.5405     5.3650     82.708 9.9065e-02    36.1461    27.1753  0.000e+00
     14.794   5.696743  1023.5890 1.1966e-01     5.9117     0.5710     5.3612     82.650 9.9375e-02    36.1464    27.1752  0.000e+00
     14.794   5.696728  1023.5888 1.2088e-01    11.6065     0.5710     5.3612     82.650 9.9375e-02    36.1462    27.1753  0.000e+00
     14.770   5.696780  1023.5890 1.2210e-01    14.9068     0.5710     5.3654     82.715 9.9375e-02    36.1465    27.1753  0.000e+00
     14.737   5.696743  1023.5888 1.2088e-01    15.4246     0.5710     5.3617     82.657 9.9065e-02    36.1464    27.1752  0.000e+00
     14.794   5.696713  1023.5888 1.2088e-01    15.1657     0.5710     5.3657     82.720 9.9065e-02    36.1461    27.1753  0.000e+00
     14.770   5.696684  1023.5888 1.2088e-01    15.1010     0.5710     5.3660     82.723 9.9065e-02    36.1461    27.1750  0.000e+00
     14.794   5.696735  1023.5889 1.2088e-01    15.0363     0.5710     5.3662     82.727 9.9065e-02    36.1463    27.1753  0.000e+00
     14.737   5.696728  1023.5885 1.2210e-01    15.1010     0.5710     5.3626     82.671 9.9065e-02    36.1462    27.1753  0.000e+00
     14.770   5.696713  1023.5886 1.2210e-01    15.1010     0.5710     5.3666     82.733 9.9065e-02    36.1460    27.1753  0.000e+00
     14.671   5.696713  1023.5881 1.2332e-01    15.0363     0.5405     5.3670     82.739 9.9065e-02    36.1460    27.1754  0.000e+00
     14.737   5.696684  1023.5885 1.2454e-01   107.8348     0.4794     5.3672     82.743 9.9375e-02    36.1460    27.1752  0.000e+00
     14.654   5.696698  1023.5880 1.0379e-01   236.2902     0.6015     5.3672     82.742 9.9375e-02    36.1459    27.1754  0.000e+00
     14.794   5.696713  1023.5885 9.7680e-02   264.3110     0.6015     5.3674     82.746 9.9065e-02    36.1459    27.1755  0.000e+00
     14.737   5.696713  1023.5882 9.7680e-02   264.3110     0.6015     5.3676     82.748 9.9065e-02    36.1458    27.1756  0.000e+00
     14.737   5.696610  1023.5877 9.7680e-02   264.3110     0.6015     5.3678     82.751 9.9065e-02    36.1452    27.1755  0.000e+00
     14.712   5.696706  1023.5883 9.8901e-02   259.6517     0.6015     5.3679     82.753 9.9065e-02    36.1460    27.1753  0.000e+00
     14.671   5.696728  1023.5882 9.8901e-02   259.4575     0.6015     5.3682     82.758 9.9065e-02    36.1461    27.1754  0.000e+00
     14.671   5.696743  1023.5884 1.0012e-01   259.8458     0.6015     5.3644     82.699 9.9065e-02    36.1463    27.1753  0.000e+00
     14.712   5.696728  1023.5883 9.8901e-02   259.9752     0.6015     5.3684     82.760 9.9375e-02    36.1461    27.1754  0.000e+00
     14.613   5.696743  1023.5883 9.7680e-02   259.9752     0.6015     5.3684     82.762 9.9375e-02    36.1464    27.1752  0.000e+00
     14.671   5.696728  1023.5883 9.7680e-02   259.9752     0.6015     5.3726     82.826 9.9065e-02    36.1462    27.1753  0.000e+00
     14.712   5.696713  1023.5883 9.7680e-02   259.7811     0.6015     5.3690     82.770 9.9065e-02    36.1460    27.1754  0.000e+00
     14.671   5.696713  1023.5880 9.7680e-02   259.9105     0.6015     5.3690     82.771 9.9065e-02    36.1459    27.1755  0.000e+00
     14.613   5.696743  1023.5882 9.6459e-02   259.9752     0.6015     5.3691     82.772 9.9375e-02    36.1464    27.1753  0.000e+00
     14.654   5.696728  1023.5884 9.7680e-02   259.9752     0.6015     5.3695     82.777 9.9065e-02    36.1463    27.1752  0.000e+00
     14.613   5.696713  1023.5880 9.7680e-02   259.9752     0.6015     5.3697     82.781 9.9065e-02    36.1462    27.1753  0.000e+00
     14.671   5.696713  1023.5880 9.8901e-02   259.9752     0.6015     5.3738     82.845 9.9375e-02    36.1459    27.1755  0.000e+00
     14.654   5.696743  1023.5883 1.0012e-01   259.9752     0.6015     5.3741     82.849 9.9375e-02    36.1463    27.1753  0.000e+00
     14.613   5.696728  1023.5881 1.0012e-01   259.9752     0.6015     5.3704     82.791 9.9065e-02    36.1463    27.1753  0.000e+00
     14.613   5.696743  1023.5879 1.0012e-01   259.9752     0.6015     5.3744     82.854 9.9375e-02    36.1461    27.1755  0.000e+00
     14.654   5.696728  1023.5880 1.0012e-01   259.9752     0.6015     5.3704     82.793 9.9065e-02    36.1460    27.1756  0.000e+00
     14.613   5.696684  1023.5876 9.8901e-02   259.9752     0.6015     5.3704     82.793 9.9375e-02    36.1457    27.1755  0.000e+00
     14.613   5.696735  1023.5879 9.7680e-02   259.9752     0.6015     5.3745     82.855 9.9065e-02    36.1461    27.1755  0.000e+00
     14.654   5.696757  1023.5883 9.7680e-02   259.9752     0.6015     5.3705     82.793 9.9065e-02    36.1463    27.1754  0.000e+00
     14.613   5.696728  1023.5877 9.7680e-02   259.9752     0.6015     5.3742     82.851 9.9375e-02    36.1459    27.1757  0.000e+00
     14.613   5.696743  1023.5880 1.2332e-01   139.2206     0.4794     5.3701     82.788 9.9065e-02    36.1462    27.1754  0.000e+00
     14.588   5.696728  1023.5879 1.2210e-01    31.4087     0.5405     5.3739     82.845 9.9065e-02    36.1462    27.1753  0.000e+00
     14.671   5.696780  1023.5886 1.2210e-01     9.0180     0.5710     5.3738     82.844 9.9065e-02    36.1466    27.1753  0.000e+00
     14.555   5.696772  1023.5881 1.2210e-01    13.6126     0.5710     5.3696     82.780 9.9065e-02    36.1466    27.1753  0.000e+00
     14.654   5.696728  1023.5882 1.2210e-01    17.7542     0.5710     5.3695     82.778 9.9065e-02    36.1462    27.1753  0.000e+00
     14.613   5.696743  1023.5882 1.2210e-01    18.5955     0.5710     5.3691     82.772 9.9375e-02    36.1464    27.1753  0.000e+00
     14.613   5.696728  1023.5880 1.2210e-01    18.4661     0.5710     5.3728     82.828 9.9375e-02    36.1462    27.1753  0.000e+00
     14.654   5.696713  1023.5880 1.2210e-01    18.2719     0.5405     5.3726     82.826 9.9065e-02    36.1460    27.1754  0.000e+00
     14.613   5.696743  1023.5881 1.2088e-01    18.2719     0.5710     5.3726     82.825 9.9375e-02    36.1463    27.1753  0.000e+00
     14.613   5.696757  1023.5880 1.2088e-01    18.2719     0.5710     5.3723     82.822 9.9375e-02    36.1462    27.1755  0.000e+00
     14.588   5.696728  1023.5878 1.2088e-01    18.2719     0.5710     5.3723     82.821 9.9375e-02    36.1461    27.1754  0.000e+00
     14.671   5.696743  1023.5884 1.2210e-01    18.2719     0.5405     5.3682     82.759 9.9065e-02    36.1463    27.1753  0.000e+00
     14.613   5.696728  1023.5878 1.2210e-01    74.8959     0.5100     5.3681     82.757 9.9065e-02    36.1460    27.1756  0.000e+00
     14.654   5.696713  1023.5879 1.0989e-01   218.3647     0.6015     5.3721     82.818 9.9065e-02    36.1459    27.1755  0.000e+00
     14.613   5.696713  1023.5878 9.8901e-02   264.3110     0.6015     5.3680     82.755 9.9375e-02    36.1459    27.1755  0.000e+00
     14.613   5.696713  1023.5877 9.7680e-02   264.3110     0.6015     5.3677     82.750 9.9375e-02    36.1459    27.1756  0.000e+00
     14.654   5.696743  1023.5879 9.8901e-02   264.3110     0.6015     5.3676     82.749 9.9375e-02    36.1460    27.1757  0.000e+00
     14.671   5.696691  1023.5877 9.7680e-02   259.9752     0.6015     5.3713     82.806 9.9375e-02    36.1456    27.1758  0.000e+00
     14.613   5.696669  1023.5874 9.7680e-02   259.3928     0.6015     5.3674     82.745 9.9375e-02    36.1455    27.1757  0.000e+00
     14.654   5.696698  1023.5875 9.7680e-02   259.7164     0.6015     5.3633     82.682 9.9375e-02    36.1455    27.1759  0.000e+00
     14.613   5.696713  1023.5874 9.8901e-02   259.9752     0.6015     5.3629     82.677 9.9375e-02    36.1456    27.1760  0.000e+00
     14.613   5.696713  1023.5874 9.8901e-02   259.9752     0.6015     5.3624     82.669 9.9375e-02    36.1457    27.1759  0.000e+00
     14.654   5.696684  1023.5874 9.8901e-02   259.9752     0.6015     5.3622     82.665 9.9065e-02    36.1454    27.1760  0.000e+00
     14.613   5.696669  1023.5872 1.0012e-01   259.9752     0.6015     5.3618     82.660 9.9065e-02    36.1453    27.1759  0.000e+00
     14.671   5.696698  1023.5874 1.0134e-01   256.1572     0.6015     5.3616     82.657 9.9065e-02    36.1453    27.1762  0.000e+00
     14.654   5.696713  1023.5873 1.2454e-01   109.5821     0.4794     5.3613     82.652 9.9375e-02    36.1454    27.1762  0.000e+00
     14.613   5.696684  1023.5871 1.2332e-01    20.7957     0.5710     5.3610     82.648 9.9065e-02    36.1453    27.1761  0.000e+00
     14.670   5.696698  1023.5874 1.2332e-01     7.5296     0.5710     5.3608     82.644 9.9375e-02    36.1453    27.1762  0.000e+00
     14.654   5.696647  1023.5868 1.2332e-01    13.0949     0.5710     5.3565     82.579 9.9065e-02    36.1447    27.1765  0.000e+00
     14.613   5.696684  1023.5869 1.2332e-01    16.5247     0.5710     5.3601     82.633 9.9375e-02    36.1451    27.1764  0.000e+00
     14.613   5.696684  1023.5870 1.2210e-01    17.0424     0.5710     5.3599     82.630 9.9375e-02    36.1452    27.1762  0.000e+00
     14.654   5.696698  1023.5872 1.2210e-01    16.7835     0.5710     5.3635     82.686 9.9065e-02    36.1453    27.1762  0.000e+00
     14.613   5.696647  1023.5867 1.2210e-01    16.6541     0.5710     5.3594     82.623 9.9065e-02    36.1448    27.1764  0.000e+00
     14.670   5.696684  1023.5874 1.2210e-01    16.6541     0.5710     5.3592     82.620 9.9065e-02    36.1453    27.1761  0.000e+00
     14.654   5.696713  1023.5872 1.2210e-01    16.6541     0.5710     5.3592     82.620 9.9375e-02    36.1453    27.1764  0.000e+00
     14.613   5.696684  1023.5870 1.2332e-01    16.6541     0.5710     5.3590     82.617 9.9375e-02    36.1452    27.1762  0.000e+00
     14.613   5.696632  1023.5867 1.2454e-01    16.6541     0.5710     5.3589     82.614 9.9375e-02    36.1448    27.1762  0.000e+00
     14.670   5.696654  1023.5870 1.2698e-01   101.8812     0.4794     5.3587     82.612 9.9065e-02    36.1449    27.1764  0.000e+00
     14.588   5.696698  1023.5870 1.0745e-01   233.2487     0.6015     5.3585     82.609 9.9375e-02    36.1453    27.1762  0.000e+00
     14.670   5.696684  1023.5871 1.0134e-01   264.3110     0.6015     5.3584     82.607 9.9065e-02    36.1451    27.1764  0.000e+00
     14.613   5.696669  1023.5869 9.8901e-02   264.3110     0.6015     5.3624     82.670 9.9375e-02    36.1451    27.1762  0.000e+00
