WS23139_STN06_05CTD.cnv
* Sea-Bird SBE 9 Data File:
* FileName = C:\ctd\Cruise_Data\WS23139_Rosenheim\WS23139_Rosenheim_STN06.hex
* Software Version Seasave V 7.26.7.121
* Temperature SN = 4097 MTG 177
* Conductivity SN = 1851 MTG 053
* Number of Bytes Per Scan = 40
* Number of Voltage Words = 5
* Number of Scans Averaged by the Deck Unit = 1
* NMEA Latitude = 01 11.54 N
* NMEA Longitude = 049 05.96 W
* NMEA UTC (Time) = Jun 09 2023 11:01:04
** Ship:
** Station:
** Operator:
# nquan = 12
# nvalues = 9516                                  
# units = specified
# name 0 = depSM: Depth [salt water, m]
# name 1 = c0S/m: Conductivity [S/m]
# name 2 = density00: Density [density, kg/m^3]
# name 3 = flSP: Fluorescence, Seapoint
# name 4 = wetCDOM: Fluorescence, WET Labs CDOM [mg/m^3]
# name 5 = flECO-AFL: Fluorescence, WET Labs ECO-AFL/FL [mg/m^3]
# name 6 = sbeox0Mg/L: Oxygen, SBE 43 [mg/l]
# name 7 = sbeox0PS: Oxygen, SBE 43 [% saturation]
# name 8 = par: PAR/Irradiance, Biospherical/Licor [Watts/m^2]
# name 9 = sal00: Salinity, Practical [PSU]
# name 10 = t090C: Temperature [ITS-90, deg C]
# name 11 = flag:  0.000e+00
# span 0 =      1.722,      7.469                 
# span 1 =   0.683305,   1.318811                 
# span 2 =   998.5330,  1001.1100                 
# span 3 = 2.0757e-02, 1.5018e-01                 
# span 4 =     4.2292,    26.4258                 
# span 5 =     0.8152,     2.0362                 
# span 6 =     3.7744,     6.4326                 
# span 7 =     50.415,     86.286                 
# span 8 = 9.8755e-02, 5.0350e+03                 
# span 9 =     3.4389,     6.9441                 
# span 10 =    28.8252,    29.1699                
# span 11 = 0.0000e+00, 0.0000e+00                
# interval = seconds: 0.0416667
# start_time = Jun 09 2023 11:01:04 [NMEA time, header]
# bad_flag = -9.990e-29
*END*
[from data line 3850]
      7.060   0.920415   999.4540 1.3919e-01     7.4001     0.9373     5.2023     69.610 9.9065e-02     4.7149    29.1559  0.000e+00
      7.035   0.921976   999.4593 1.3919e-01     7.3354     0.9373     5.2116     69.741 9.9065e-02     4.7232    29.1584  0.000e+00
      7.060   0.924834   999.4706 1.3919e-01     7.3354     0.9373     5.2213     69.878 9.9065e-02     4.7388    29.1597  0.000e+00
      7.101   0.928421   999.4850 1.3919e-01     7.3354     0.9373     5.2307     70.013 9.9065e-02     4.7584    29.1612  0.000e+00
      7.060   0.931781   999.4983 1.3919e-01     7.3354     0.9373     5.2357     70.088 9.9065e-02     4.7768    29.1620  0.000e+00
      7.101   0.935098   999.5117 1.3919e-01     7.3354     0.9373     5.2500     70.287 9.9065e-02     4.7950    29.1629  0.000e+00
      7.126   0.938540   999.5257 1.4042e-01     7.3354     0.9373     5.2599     70.428 9.9065e-02     4.8139    29.1634  0.000e+00
      7.101   0.941759   999.5386 1.4042e-01     7.3354     0.9373     5.2654     70.509 9.9065e-02     4.8316    29.1642  0.000e+00
      7.126   0.944489   999.5498 1.4042e-01     7.1413     0.9678     5.2756     70.652 9.9065e-02     4.8466    29.1643  0.000e+00
      7.183   0.946714   999.5592 1.4042e-01     7.2060     0.9373     5.2860     70.796 9.9065e-02     4.8589    29.1643  0.000e+00
      7.159   0.948685   999.5671 1.4042e-01     6.9471     0.9373     5.2963     70.938 9.9065e-02     4.8697    29.1646  0.000e+00
      7.126   0.950281   999.5735 1.4042e-01     6.8824     0.9373     5.3066     71.080 9.9065e-02     4.8785    29.1646  0.000e+00
      7.158   0.951262   999.5777 1.4042e-01     6.8824     0.9373     5.3124     71.160 9.9065e-02     4.8839    29.1646  0.000e+00
      7.183   0.951436   999.5785 1.4164e-01     6.9471     0.9373     5.3230     71.302 9.9065e-02     4.8849    29.1646  0.000e+00
      7.158   0.950575   999.5749 1.4286e-01     6.9471     0.9373     5.3334     71.440 9.9065e-02     4.8802    29.1646  0.000e+00
      7.249   0.948701   999.5675 1.4286e-01     6.8824     0.9373     5.3351     71.458 9.9065e-02     4.8698    29.1647  0.000e+00
      7.216   0.945813   999.5555 1.4286e-01     6.8824     0.9373     5.3409     71.530 9.9065e-02     4.8539    29.1647  0.000e+00
      7.183   0.942092   999.5401 1.4286e-01     6.8824     1.0289     5.3511     71.658 9.9065e-02     4.8334    29.1646  0.000e+00
      7.216   0.937906   999.5231 1.4164e-01     6.9471     1.0289     5.3566     71.723 9.9065e-02     4.8103    29.1647  0.000e+00
      7.249   0.933876   999.5067 1.4164e-01     6.9471     1.0594     5.3620     71.786 9.9065e-02     4.7881    29.1646  0.000e+00
      7.249   0.930185   999.4915 1.4164e-01     7.0119     1.0289     5.3669     71.844 9.9065e-02     4.7678    29.1647  0.000e+00
      7.216   0.927335   999.4797 1.4164e-01     6.8824     1.0289     5.3715     71.899 9.9065e-02     4.7521    29.1647  0.000e+00
      7.307   0.925571   999.4728 1.4164e-01     6.0412     1.0594     5.3756     71.951 9.9065e-02     4.7424    29.1649  0.000e+00
      7.216   0.923872   999.4656 1.4286e-01     5.5882     1.0594     5.3705     71.878 9.9065e-02     4.7330    29.1646  0.000e+00
      7.249   0.922066   999.4585 1.4164e-01     5.5882     1.0289     5.3694     71.859 9.9065e-02     4.7232    29.1640  0.000e+00
      7.282   0.921495   999.4568 1.4164e-01     5.5882     1.0594     5.3721     71.892 9.9065e-02     4.7201    29.1629  0.000e+00
      7.249   0.922184   999.4599 1.4164e-01     5.6529     1.0594     5.3699     71.863 9.9065e-02     4.7240    29.1616  0.000e+00
      7.282   0.922460   999.4619 1.4164e-01     5.5882     1.0289     5.3721     71.890 9.9065e-02     4.7257    29.1597  0.000e+00
      7.249   0.922082   999.4608 1.4164e-01     5.6529     1.0594     5.3694     71.852 9.9065e-02     4.7238    29.1580  0.000e+00
      7.249   0.921901   999.4606 1.4286e-01     5.5882     1.0594     5.3712     71.873 9.9065e-02     4.7230    29.1566  0.000e+00
      7.216   0.921940   999.4612 1.4286e-01     5.6529     1.0289     5.3637     71.772 9.9065e-02     4.7233    29.1549  0.000e+00
      7.307   0.921503   999.4605 1.4286e-01     5.5882     1.0594     5.3604     71.724 9.9065e-02     4.7211    29.1531  0.000e+00
      7.216   0.920900   999.4584 1.4164e-01     5.6529     1.0594     5.3571     71.676 9.9065e-02     4.7180    29.1512  0.000e+00
      7.249   0.920305   999.4569 1.4164e-01     5.5882     1.0594     5.3538     71.628 9.9065e-02     4.7149    29.1490  0.000e+00
      7.216   0.920356   999.4579 1.4164e-01     5.8470     1.0594     5.3454     71.512 9.9065e-02     4.7154    29.1466  0.000e+00
      7.183   0.921534   999.4633 1.4164e-01     6.2353     1.0289     5.3410     71.454 9.9065e-02     4.7221    29.1446  0.000e+00
      7.216   0.922933   999.4699 1.4164e-01     6.3000     1.0289     5.3412     71.457 9.9065e-02     4.7300    29.1426  0.000e+00
      7.183   0.924215   999.4756 1.4042e-01     6.3000     1.0594     5.3368     71.400 9.9065e-02     4.7372    29.1409  0.000e+00
      7.216   0.925650   999.4829 1.4042e-01     6.2353     1.0594     5.3280     71.281 9.9065e-02     4.7454    29.1376  0.000e+00
      7.183   0.926712   999.4888 1.4042e-01     6.2353     1.0594     5.3191     71.159 9.9065e-02     4.7517    29.1331  0.000e+00
      7.183   0.927087   999.4919 1.4164e-01     6.2353     1.0594     5.3192     71.157 9.9065e-02     4.7542    29.1289  0.000e+00
      7.158   0.926996   999.4932 1.4164e-01     6.3000     1.0289     5.3149     71.093 9.9065e-02     4.7542    29.1241  0.000e+00
      7.125   0.927063   999.4953 1.4042e-01     6.1059     1.0594     5.3106     71.029 9.9065e-02     4.7550    29.1189  0.000e+00
      7.158   0.927758   999.5000 1.4042e-01     6.2353     1.0289     5.3062     70.966 9.9065e-02     4.7593    29.1143  0.000e+00
      7.183   0.928626   999.5050 1.4042e-01     6.3000     0.9984     5.3064     70.966 9.9065e-02     4.7645    29.1106  0.000e+00
      7.158   0.929376   999.5091 1.4164e-01     6.2353     0.9984     5.2975     70.845 9.9065e-02     4.7689    29.1076  0.000e+00
      7.125   0.930122   999.5132 1.4164e-01     6.2353     1.0289     5.2975     70.843 9.9065e-02     4.7733    29.1043  0.000e+00
      7.158   0.930928   999.5178 1.4164e-01     6.1059     0.9984     5.2934     70.787 9.9065e-02     4.7781    29.1014  0.000e+00
      7.125   0.931774   999.5220 1.4164e-01     6.1706     0.9984     5.2940     70.793 9.9065e-02     4.7829    29.0991  0.000e+00
      7.100   0.932750   999.5265 1.4164e-01     6.1706     0.9984     5.2989     70.860 9.9065e-02     4.7885    29.0973  0.000e+00
      7.183   0.933892   999.5322 1.4286e-01     6.2353     0.9984     5.2999     70.873 9.9065e-02     4.7950    29.0957  0.000e+00
      7.034   0.935236   999.5377 1.4286e-01     6.2353     0.9984     5.3009     70.888 9.9065e-02     4.8025    29.0940  0.000e+00
      7.125   0.936799   999.5448 1.4164e-01     6.1059     0.9984     5.3116     71.033 9.9065e-02     4.8112    29.0933  0.000e+00
      7.183   0.938318   999.5517 1.4164e-01     6.2353     0.9984     5.3136     71.062 9.9065e-02     4.8197    29.0922  0.000e+00
      7.100   0.939640   999.5570 1.4286e-01     6.2353     1.0289     5.3207     71.158 9.9065e-02     4.8271    29.0914  0.000e+00
      7.059   0.940800   999.5618 1.4286e-01     6.1706     1.0289     5.3283     71.262 9.9065e-02     4.8336    29.0908  0.000e+00
      7.100   0.941957   999.5661 1.4164e-01     6.1706     0.9984     5.3361     71.372 9.9065e-02     4.8398    29.0926  0.000e+00
      7.125   0.943621   999.5725 1.4164e-01     6.1706     0.9984     5.3444     71.488 9.9065e-02     4.8488    29.0942  0.000e+00
      7.034   0.946103   999.5822 1.4042e-01     6.2353     1.0289     5.3578     71.672 9.9065e-02     4.8625    29.0944  0.000e+00
      7.125   0.948955   999.5929 1.4042e-01     7.0119     0.9984     5.3670     71.806 9.9065e-02     4.8778    29.0982  0.000e+00
      7.100   0.949860   999.5935 1.4164e-01     7.5943     0.9984     5.3720     71.885 9.9065e-02     4.8820    29.1063  0.000e+00
      7.001   0.948793   999.5863 1.4164e-01     7.7237     0.9984     5.3822     72.026 9.9065e-02     4.8755    29.1126  0.000e+00
      7.158   0.948900   999.5852 1.4164e-01     7.6590     0.9984     5.3974     72.238 9.9065e-02     4.8755    29.1187  0.000e+00
      7.001   0.950424   999.5882 1.4042e-01     7.6590     0.9984     5.4083     72.396 9.9065e-02     4.8832    29.1255  0.000e+00
      7.059   0.952290   999.5935 1.4042e-01     7.6590     0.9984     5.4148     72.495 9.9065e-02     4.8928    29.1324  0.000e+00
      7.100   0.953911   999.5984 1.4164e-01     7.6590     0.9984     5.4261     72.656 9.9065e-02     4.9013    29.1376  0.000e+00
      7.059   0.955382   999.6027 1.4164e-01     7.6590     0.9984     5.4380     72.824 9.9065e-02     4.9090    29.1419  0.000e+00
      7.100   0.955767   999.6032 1.4042e-01     7.6590     0.9984     5.4505     72.996 9.9065e-02     4.9108    29.1451  0.000e+00
      7.059   0.955024   999.5990 1.4042e-01     7.6590     0.9984     5.4589     73.110 9.9065e-02     4.9064    29.1477  0.000e+00
      7.034   0.954102   999.5943 1.4042e-01     7.6590     1.0594     5.4720     73.286 9.9065e-02     4.9011    29.1499  0.000e+00
      7.125   0.953705   999.5925 1.4042e-01     7.5943     1.0899     5.4854     73.466 9.9065e-02     4.8987    29.1514  0.000e+00
      7.034   0.953625   999.5911 1.4042e-01     7.4648     1.1205     5.4943     73.587 9.9065e-02     4.8981    29.1531  0.000e+00
      7.125   0.953808   999.5918 1.4042e-01     7.0766     1.1205     5.5075     73.766 9.9065e-02     4.8990    29.1544  0.000e+00
      7.100   0.954320   999.5935 1.4042e-01     6.9471     1.0899     5.5160     73.883 9.9065e-02     4.9018    29.1553  0.000e+00
      7.059   0.955020   999.5958 1.4042e-01     6.9471     1.0899     5.5245     73.999 9.9065e-02     4.9055    29.1562  0.000e+00
      7.059   0.955783   999.5987 1.4042e-01     6.9471     1.0899     5.5328     74.113 9.9065e-02     4.9097    29.1569  0.000e+00
      7.100   0.956670   999.6023 1.4042e-01     6.9471     1.0899     5.5412     74.228 9.9065e-02     4.9145    29.1575  0.000e+00
      7.125   0.957763   999.6068 1.4042e-01     6.9471     1.1205     5.5493     74.339 9.9065e-02     4.9205    29.1579  0.000e+00
      7.034   0.958786   999.6105 1.4042e-01     6.9471     1.1205     5.5573     74.449 9.9065e-02     4.9261    29.1581  0.000e+00
      7.059   0.959522   999.6136 1.4164e-01     6.9471     1.0899     5.5650     74.554 9.9065e-02     4.9302    29.1581  0.000e+00
      7.158   0.960091   999.6163 1.4164e-01     7.0119     1.0899     5.5725     74.657 9.9065e-02     4.9333    29.1582  0.000e+00
      7.059   0.960628   999.6180 1.4164e-01     7.0119     1.0899     5.5797     74.754 9.9065e-02     4.9363    29.1584  0.000e+00
      7.100   0.961190   999.6205 1.4164e-01     6.9471     1.0899     5.5821     74.787 9.9065e-02     4.9393    29.1586  0.000e+00
      7.125   0.961715   999.6229 1.4164e-01     6.9471     1.0899     5.5838     74.811 9.9065e-02     4.9423    29.1582  0.000e+00
      7.100   0.962093   999.6242 1.4164e-01     7.5296     1.0899     5.5896     74.889 9.9065e-02     4.9443    29.1586  0.000e+00
      7.125   0.962269   999.6249 1.4164e-01     7.7237     1.0899     5.5907     74.906 9.9065e-02     4.9453    29.1588  0.000e+00
      7.125   0.962149   999.6244 1.4164e-01     7.7237     1.0899     5.5915     74.916 9.9065e-02     4.9446    29.1590  0.000e+00
      7.100   0.961747   999.6226 1.4164e-01     7.7237     1.0899     5.5915     74.916 9.9065e-02     4.9424    29.1590  0.000e+00
      7.125   0.960991   999.6195 1.4164e-01     7.7237     1.0899     5.5955     74.968 9.9065e-02     4.9382    29.1592  0.000e+00
      7.158   0.959836   999.6149 1.4164e-01     7.7237     1.0899     5.5904     74.896 9.9065e-02     4.9318    29.1594  0.000e+00
      7.059   0.958424   999.6086 1.4042e-01     7.7237     1.0899     5.5845     74.814 9.9065e-02     4.9240    29.1595  0.000e+00
      7.100   0.956956   999.6027 1.4042e-01     7.7237     1.0899     5.5825     74.785 9.9065e-02     4.9159    29.1595  0.000e+00
      7.125   0.955612   999.5974 1.4042e-01     7.7237     1.1205     5.5801     74.749 9.9065e-02     4.9085    29.1594  0.000e+00
      7.158   0.954380   999.5924 1.4042e-01     7.7237     1.0899     5.5728     74.649 9.9065e-02     4.9017    29.1595  0.000e+00
      7.059   0.953176   999.5870 1.4042e-01     7.6590     1.1205     5.5645     74.535 9.9065e-02     4.8950    29.1595  0.000e+00
      7.100   0.952076   999.5827 1.4042e-01     7.7237     1.1205     5.5604     74.477 9.9065e-02     4.8889    29.1595  0.000e+00
      7.125   0.951103   999.5788 1.4042e-01     7.8531     1.1205     5.5512     74.352 9.9065e-02     4.8836    29.1595  0.000e+00
      7.059   0.950273   999.5751 1.4042e-01     8.0473     1.1205     5.5415     74.220 9.9065e-02     4.8790    29.1594  0.000e+00
      7.100   0.949578   999.5725 1.4042e-01     8.0473     1.1205     5.5270     74.025 9.9065e-02     4.8752    29.1594  0.000e+00
      7.059   0.948828   999.5693 1.4042e-01     8.1120     1.1205     5.5211     73.943 9.9065e-02     4.8711    29.1592  0.000e+00
      7.100   0.947935   999.5659 1.4164e-01     8.0473     1.1205     5.5105     73.799 9.9065e-02     4.8662    29.1588  0.000e+00
      7.059   0.947011   999.5622 1.4164e-01     8.0473     1.1205     5.4954     73.594 9.9065e-02     4.8612    29.1580  0.000e+00
      7.034   0.946305   999.5597 1.4164e-01     8.0473     1.1205     5.4844     73.443 9.9065e-02     4.8574    29.1568  0.000e+00
      7.059   0.945976   999.5587 1.4164e-01     8.0473     1.1205     5.4732     73.292 9.9065e-02     4.8556    29.1560  0.000e+00
      7.100   0.945893   999.5589 1.4164e-01     8.0473     1.1205     5.4620     73.140 9.9065e-02     4.8553    29.1551  0.000e+00
      7.001   0.945865   999.5589 1.4164e-01     8.0473     1.1510     5.4506     72.986 9.9065e-02     4.8553    29.1538  0.000e+00
      7.034   0.945873   999.5596 1.4042e-01     8.0473     1.1205     5.4348     72.772 9.9065e-02     4.8555    29.1522  0.000e+00
      7.001   0.945893   999.5602 1.4042e-01     8.0473     1.1205     5.4190     72.559 9.9065e-02     4.8557    29.1505  0.000e+00
      7.100   0.945885   999.5611 1.4042e-01     8.1767     1.1205     5.4077     72.405 9.9065e-02     4.8558    29.1492  0.000e+00
      7.001   0.945988   999.5616 1.4164e-01     8.6944     1.1205     5.3961     72.249 9.9065e-02     4.8565    29.1479  0.000e+00
      7.001   0.946170   999.5627 1.4042e-01     8.8885     1.1205     5.3892     72.157 9.9065e-02     4.8576    29.1469  0.000e+00
      7.034   0.946487   999.5645 1.4042e-01     8.8885     1.1205     5.3692     71.888 9.9065e-02     4.8595    29.1461  0.000e+00
      7.001   0.946940   999.5665 1.4042e-01     8.8885     1.1205     5.3580     71.738 9.9065e-02     4.8620    29.1451  0.000e+00
      6.976   0.947455   999.5686 1.4042e-01     8.8885     1.1205     5.3514     71.650 9.9065e-02     4.8649    29.1450  0.000e+00
      7.001   0.948066   999.5715 1.4042e-01     8.8885     1.1205     5.3361     71.446 9.9065e-02     4.8684    29.1442  0.000e+00
      7.034   0.948785   999.5747 1.4164e-01     8.8885     1.1205     5.3208     71.242 9.9065e-02     4.8724    29.1438  0.000e+00
      7.001   0.949666   999.5783 1.4164e-01     8.8885     1.1205     5.3101     71.101 9.9065e-02     4.8773    29.1435  0.000e+00
      6.976   0.950880   999.5833 1.4164e-01     8.8885     1.1205     5.2995     70.960 9.9065e-02     4.8840    29.1432  0.000e+00
      7.001   0.952394   999.5895 1.4164e-01     8.8238     1.1205     5.2845     70.764 9.9065e-02     4.8923    29.1437  0.000e+00
