WS23139_STN08_07CTD.cnv
* Sea-Bird SBE 9 Data File:
* FileName = C:\ctd\Cruise_Data\WS23139_Rosenheim\WS23139_Rosenheim_STN08.hex
* Software Version Seasave V 7.26.7.121
* Temperature SN = 4097 MTG 177
* Conductivity SN = 1851 MTG 053
* Number of Bytes Per Scan = 40
* Number of Voltage Words = 5
* Number of Scans Averaged by the Deck Unit = 1
* NMEA Latitude = 03 13.32 N
* NMEA Longitude = 050 25.69 W
* NMEA UTC (Time) = Jun 10 2023 15:20:13
** Ship:
** Station:
** Operator:
# nquan = 12
# nvalues = 15751                                 
# units = specified
# name 0 = depSM: Depth [salt water, m]
# name 1 = c0S/m: Conductivity [S/m]
# name 2 = density00: Density [density, kg/m^3]
# name 3 = flSP: Fluorescence, Seapoint
# name 4 = wetCDOM: Fluorescence, WET Labs CDOM [mg/m^3]
# name 5 = flECO-AFL: Fluorescence, WET Labs ECO-AFL/FL [mg/m^3]
# name 6 = sbeox0Mg/L: Oxygen, SBE 43 [mg/l]
# name 7 = sbeox0PS: Oxygen, SBE 43 [% saturation]
# name 8 = par: PAR/Irradiance, Biospherical/Licor [Watts/m^2]
# name 9 = sal00: Salinity, Practical [PSU]
# name 10 = t090C: Temperature [ITS-90, deg C]
# name 11 = flag:  0.000e+00
# span 0 =      1.873,     19.191                 
# span 1 =   3.618110,   5.193208                 
# span 2 =  1011.8667,  1021.2783                 
# span 3 = 2.4420e-03, 1.5751e-01                 
# span 4 =    -0.6890,   264.3110                 
# span 5 =     0.4184,     2.0667                 
# span 6 =     3.2059,     5.8452                 
# span 7 =     48.127,     86.359                 
# span 8 = 9.8755e-02, 4.8954e+03                 
# span 9 =    21.1662,    32.8929                 
# span 10 =    26.7189,    28.6166                
# span 11 = 0.0000e+00, 0.0000e+00                
# interval = seconds: 0.0416667
# start_time = Jun 10 2023 15:20:13 [NMEA time, header]
# bad_flag = -9.990e-29
*END*
[from data line 15640]
      2.520   4.114327  1014.3019 1.2210e-01   237.1315     1.0899     5.6354     83.197 5.7461e+02    24.4134    28.5225  0.000e+00
      2.553   4.114230  1014.3020 1.4164e-01    83.6968     1.0899     5.6300     83.117 5.6026e+02    24.4130    28.5220  0.000e+00
      2.520   4.114044  1014.3010 1.4164e-01    12.9655     1.0899     5.6325     83.154 5.5555e+02    24.4119    28.5218  0.000e+00
      2.553   4.113805  1014.2986 1.4042e-01     6.4294     1.1205     5.6310     83.132 5.5555e+02    24.4093    28.5238  0.000e+00
      2.520   4.113605  1014.2963 1.4164e-01    12.2536     1.0899     5.6251     83.046 5.4934e+02    24.4071    28.5255  0.000e+00
      2.644   4.113322  1014.2947 1.4164e-01    15.0363     1.0899     5.6275     83.083 5.4472e+02    24.4047    28.5266  0.000e+00
      2.553   4.112845  1014.2914 1.4042e-01    15.2304     1.0899     5.6259     83.058 5.4472e+02    24.4012    28.5273  0.000e+00
      2.520   4.112594  1014.2885 1.4042e-01    15.0363     1.0899     5.6238     83.029 5.3863e+02    24.3984    28.5295  0.000e+00
      2.611   4.112330  1014.2876 1.4042e-01    14.9716     1.0899     5.6220     83.002 5.3561e+02    24.3966    28.5295  0.000e+00
      2.578   4.112066  1014.2876 1.4042e-01    14.9068     1.0899     5.6201     82.971 5.3411e+02    24.3959    28.5275  0.000e+00
      2.611   4.111963  1014.2888 1.4042e-01    14.9068     1.0899     5.6185     82.945 5.3411e+02    24.3964    28.5253  0.000e+00
      2.644   4.111886  1014.2894 1.4164e-01    14.9068     1.0899     5.6167     82.916 5.3411e+02    24.3965    28.5240  0.000e+00
      2.668   4.111860  1014.2895 1.4286e-01    14.9068     1.0899     5.6148     82.888 5.3261e+02    24.3964    28.5238  0.000e+00
      2.578   4.111821  1014.2882 1.4408e-01     9.1474     1.0899     5.6128     82.860 5.3561e+02    24.3956    28.5249  0.000e+00
      2.668   4.111422  1014.2844 1.4286e-01     3.9703     1.1205     5.6109     82.834 5.3863e+02    24.3914    28.5281  0.000e+00
      2.701   4.110681  1014.2763 1.4286e-01     2.8702     1.1205     5.6129     82.868 5.3863e+02    24.3832    28.5346  0.000e+00
      2.734   4.110031  1014.2697 1.4286e-01     3.0644     1.1205     5.6112     82.847 5.5712e+02    24.3763    28.5397  0.000e+00
      2.701   4.109587  1014.2653 1.4164e-01     3.3232     1.0899     5.6095     82.824 5.8439e+02    24.3719    28.5426  0.000e+00
      2.669   4.109252  1014.2620 1.4286e-01     3.3232     1.0899     5.6079     82.802 5.9266e+02    24.3685    28.5448  0.000e+00
      2.767   4.109168  1014.2618 1.4408e-01     3.3232     1.0899     5.6108     82.845 6.1473e+02    24.3678    28.5452  0.000e+00
      2.734   4.109187  1014.2618 1.4408e-01     3.3232     1.0899     5.6056     82.768 6.6321e+02    24.3680    28.5450  0.000e+00
      2.702   4.109336  1014.2628 1.4408e-01     3.3232     1.0899     5.6045     82.751 6.8212e+02    24.3693    28.5445  0.000e+00
      2.792   4.109645  1014.2656 1.4530e-01     3.3232     1.0899     5.6077     82.798 6.9960e+02    24.3719    28.5432  0.000e+00
      2.702   4.109767  1014.2661 1.4652e-01     3.3879     1.0899     5.6026     82.723 7.5477e+02    24.3730    28.5428  0.000e+00
      2.735   4.110140  1014.2684 1.4652e-01     3.3232     1.0899     5.6016     82.709 7.7629e+02    24.3757    28.5423  0.000e+00
      2.767   4.110662  1014.2721 1.4530e-01    65.2536     1.0594     5.6008     82.698 7.9843e+02    24.3798    28.5409  0.000e+00
      2.735   4.111016  1014.2747 1.3431e-01   216.6822     0.9984     5.6002     82.687 9.0103e+02    24.3829    28.5395  0.000e+00
      2.702   4.111209  1014.2763 1.2210e-01   264.3110     1.1510     5.5997     82.680 9.4780e+02    24.3847    28.5384  0.000e+00
      2.735   4.111332  1014.2773 1.2210e-01   264.3110     1.1510     5.6036     82.736 9.6664e+02    24.3857    28.5380  0.000e+00
      2.702   4.111403  1014.2779 1.2210e-01   264.3110     1.1510     5.6034     82.733 1.0847e+03    24.3865    28.5375  0.000e+00
      2.702   4.111428  1014.2783 1.2088e-01   259.8458     1.1510     5.6034     82.733 1.1475e+03    24.3868    28.5371  0.000e+00
      2.669   4.111499  1014.2782 1.1966e-01   259.3281     1.1205     5.6033     82.732 1.1572e+03    24.3871    28.5375  0.000e+00
      2.644   4.111486  1014.2775 1.1966e-01   259.5869     1.1205     5.5992     82.672 1.2380e+03    24.3867    28.5382  0.000e+00
      2.669   4.111287  1014.2754 1.1844e-01   259.7811     1.1205     5.5990     82.671 1.2913e+03    24.3844    28.5400  0.000e+00
      2.644   4.111158  1014.2738 1.1722e-01   259.7811     1.1205     5.6032     82.734 1.2986e+03    24.3830    28.5412  0.000e+00
      2.611   4.110939  1014.2713 1.1722e-01   259.7811     1.1205     5.5990     82.673 1.4049e+03    24.3806    28.5430  0.000e+00
      2.578   4.110520  1014.2680 1.1722e-01   259.7811     1.1205     5.6031     82.735 1.4904e+03    24.3770    28.5446  0.000e+00
      2.553   4.110153  1014.2653 1.1722e-01   259.7164     1.1205     5.5992     82.677 1.5072e+03    24.3741    28.5457  0.000e+00
      2.578   4.110057  1014.2644 1.1722e-01   259.7811     1.1205     5.5992     82.678 1.4572e+03    24.3730    28.5465  0.000e+00
      2.553   4.109973  1014.2644 1.1722e-01   259.7164     1.1205     5.5949     82.614 1.4208e+03    24.3729    28.5457  0.000e+00
      2.520   4.109825  1014.2641 1.1722e-01   259.7164     1.1205     5.5988     82.669 1.4168e+03    24.3723    28.5450  0.000e+00
      2.553   4.109477  1014.2617 1.1722e-01   259.7811     1.1205     5.5986     82.667 1.5243e+03    24.3694    28.5461  0.000e+00
      2.463   4.109091  1014.2587 1.1722e-01   259.7811     1.1205     5.5941     82.601 1.6584e+03    24.3663    28.5472  0.000e+00
      2.487   4.108801  1014.2568 1.1722e-01   259.7164     1.1205     5.5979     82.656 1.6962e+03    24.3640    28.5480  0.000e+00
      2.463   4.108582  1014.2550 1.1722e-01   259.7164     1.1205     5.5976     82.653 1.8663e+03    24.3621    28.5489  0.000e+00
      2.487   4.108531  1014.2548 1.1722e-01   259.7811     1.1205     5.5974     82.649 2.1784e+03    24.3618    28.5489  0.000e+00
      2.397   4.108659  1014.2554 1.1844e-01   259.7811     1.0899     5.5971     82.644 2.2722e+03    24.3628    28.5485  0.000e+00
      2.430   4.108608  1014.2548 1.1844e-01   259.7164     1.1205     5.6009     82.702 2.1480e+03    24.3622    28.5491  0.000e+00
      2.463   4.108434  1014.2531 1.2088e-01   259.7811     1.0899     5.5966     82.639 1.8927e+03    24.3603    28.5505  0.000e+00
      2.364   4.108228  1014.2508 1.2210e-01   259.7164     1.1205     5.5963     82.636 1.8197e+03    24.3583    28.5518  0.000e+00
      2.397   4.108221  1014.2504 1.4774e-01   162.8409     0.9068     5.5960     82.631 1.8874e+03    24.3579    28.5526  0.000e+00
      2.273   4.108170  1014.2490 1.4652e-01    29.7261     1.0289     5.5957     82.628 2.1359e+03    24.3571    28.5535  0.000e+00
      2.430   4.108035  1014.2473 1.4530e-01    -0.6890     1.0594     5.5955     82.627 2.2342e+03    24.3550    28.5559  0.000e+00
      2.339   4.107861  1014.2445 1.4286e-01    -0.6890     1.0594     5.5990     82.682 2.2092e+03    24.3527    28.5581  0.000e+00
      2.306   4.107719  1014.2423 1.4286e-01     1.4465     1.0594     5.5989     82.682 2.0709e+03    24.3508    28.5601  0.000e+00
      2.273   4.107603  1014.2410 1.4408e-01     3.4526     1.0594     5.5988     82.681 2.0135e+03    24.3496    28.5609  0.000e+00
      2.306   4.107552  1014.2405 1.4530e-01     3.7115     1.0594     5.5988     82.681 2.0135e+03    24.3490    28.5614  0.000e+00
      2.273   4.107539  1014.2395 1.4530e-01     3.5821     1.0594     5.5987     82.680 2.0363e+03    24.3484    28.5625  0.000e+00
      2.248   4.107558  1014.2397 1.4408e-01     3.5173     1.0594     5.5986     82.679 2.0535e+03    24.3486    28.5623  0.000e+00
      2.215   4.107571  1014.2386 1.4408e-01     3.5173     1.0594     5.5984     82.678 2.0593e+03    24.3479    28.5638  0.000e+00
      2.182   4.107597  1014.2380 1.4286e-01     3.5173     1.0594     5.5982     82.676 2.4308e+03    24.3477    28.5645  0.000e+00
      2.158   4.107687  1014.2381 1.4042e-01     3.5173     1.0594     5.5980     82.674 2.6973e+03    24.3481    28.5649  0.000e+00
      2.182   4.107764  1014.2383 1.4164e-01     5.0057     1.0594     5.5979     82.673 2.7278e+03    24.3485    28.5653  0.000e+00
      2.158   4.107835  1014.2388 1.4286e-01    12.7066     1.0289     5.5977     82.670 2.6152e+03    24.3491    28.5649  0.000e+00
      2.059   4.107906  1014.2390 1.4652e-01    16.2011     1.0289     5.6019     82.732 2.5284e+03    24.3498    28.5645  0.000e+00
      2.092   4.107951  1014.2399 1.4774e-01    16.3952     1.0289     5.5980     82.674 2.5143e+03    24.3505    28.5638  0.000e+00
      2.059   4.108009  1014.2412 1.4896e-01    16.0717     1.0289     5.6023     82.735 2.5002e+03    24.3517    28.5621  0.000e+00
      2.034   4.108028  1014.2417 1.5018e-01    16.0070     1.0289     5.6026     82.738 2.4861e+03    24.3522    28.5614  0.000e+00
      2.001   4.107957  1014.2412 1.4896e-01    15.9423     1.0289     5.6029     82.744 2.4722e+03    24.3517    28.5614  0.000e+00
      2.034   4.107925  1014.2411 1.4652e-01    15.9423     1.0594     5.6073     82.808 2.9512e+03    24.3514    28.5616  0.000e+00
      1.968   4.108002  1014.2413 1.4652e-01    16.0070     1.1205     5.6035     82.751 3.8224e+03    24.3520    28.5614  0.000e+00
      2.001   4.108054  1014.2422 1.4652e-01    15.9423     1.1510     5.6039     82.757 4.0892e+03    24.3527    28.5607  0.000e+00
      1.968   4.108067  1014.2421 1.4774e-01    15.9423     1.1205     5.6081     82.820 4.3015e+03    24.3528    28.5607  0.000e+00
      1.943   4.107912  1014.2399 1.4652e-01    15.9423     1.1205     5.6041     82.763 4.7330e+03    24.3508    28.5627  0.000e+00
      2.034   4.107751  1014.2375 1.4530e-01    16.0717     1.1205     5.6083     82.826 4.8954e+03    24.3483    28.5655  0.000e+00
      1.943   4.107867  1014.2367 1.4652e-01   147.5039     0.9984     5.6125     82.891 4.8954e+03    24.3483    28.5670  0.000e+00
      1.968   4.107951  1014.2367 1.2210e-01   251.4978     1.1510     5.6087     82.836 4.8679e+03    24.3485    28.5677  0.000e+00
      1.943   4.107803  1014.2337 1.2210e-01   264.3110     1.2426     5.6089     82.842 4.8816e+03    24.3459    28.5708  0.000e+00
      1.968   4.107532  1014.2279 1.2454e-01   264.3110     1.2426     5.6089     82.848 4.8679e+03    24.3409    28.5773  0.000e+00
      2.001   4.107442  1014.2252 1.2576e-01   262.4990     1.2120     5.6132     82.915 4.8406e+03    24.3385    28.5808  0.000e+00
      1.910   4.107352  1014.2232 1.2454e-01   259.3281     1.1815     5.6135     82.922 4.8406e+03    24.3371    28.5824  0.000e+00
      2.001   4.107242  1014.2219 1.2332e-01   259.3928     1.1815     5.6180     82.990 4.8406e+03    24.3355    28.5841  0.000e+00
      1.968   4.107294  1014.2216 1.2210e-01   259.6517     1.1815     5.6142     82.935 4.7597e+03    24.3356    28.5846  0.000e+00
      2.059   4.107558  1014.2252 1.2088e-01   259.7811     1.1815     5.6149     82.943 4.7197e+03    24.3387    28.5819  0.000e+00
      1.968   4.107905  1014.2291 1.1966e-01   259.7164     1.1815     5.6194     83.006 4.6932e+03    24.3428    28.5782  0.000e+00
      2.034   4.108266  1014.2339 1.1966e-01   259.7811     1.1815     5.6203     83.016 3.7797e+03    24.3472    28.5743  0.000e+00
      2.059   4.108743  1014.2390 1.1966e-01   259.7811     1.1815     5.6209     83.021 3.3118e+03    24.3523    28.5704  0.000e+00
      2.092   4.109174  1014.2435 1.1844e-01   259.7164     1.1815     5.6214     83.026 3.2473e+03    24.3567    28.5673  0.000e+00
      2.125   4.109644  1014.2476 1.1844e-01   259.7164     1.2120     5.6215     83.027 2.7664e+03    24.3610    28.5649  0.000e+00
      2.092   4.109953  1014.2504 1.1966e-01   259.7164     1.1815     5.6260     83.092 2.4653e+03    24.3641    28.5629  0.000e+00
      2.183   4.109973  1014.2511 1.2088e-01   259.7164     1.1815     5.6264     83.098 2.4240e+03    24.3644    28.5625  0.000e+00
      2.158   4.109818  1014.2492 1.2088e-01   259.7164     1.1815     5.6264     83.099 2.4792e+03    24.3626    28.5640  0.000e+00
      2.183   4.109670  1014.2478 1.2088e-01   259.7164     1.1815     5.6267     83.103 2.5213e+03    24.3611    28.5651  0.000e+00
      2.216   4.109657  1014.2480 1.1966e-01   259.7164     1.1815     5.6269     83.107 2.5284e+03    24.3611    28.5649  0.000e+00
      2.248   4.109715  1014.2486 1.2088e-01   259.7164     1.1815     5.6312     83.171 2.1784e+03    24.3616    28.5647  0.000e+00
      2.273   4.109580  1014.2473 1.2210e-01   259.7164     1.2120     5.6315     83.175 1.8095e+03    24.3601    28.5658  0.000e+00
      2.248   4.109393  1014.2456 1.2210e-01   259.7164     1.3036     5.6361     83.243 1.7299e+03    24.3584    28.5667  0.000e+00
      2.339   4.109219  1014.2442 1.2210e-01   259.7164     1.3036     5.6364     83.250 1.5989e+03    24.3566    28.5681  0.000e+00
      2.306   4.109039  1014.2425 1.2088e-01   259.7164     1.3036     5.6367     83.254 1.3814e+03    24.3549    28.5690  0.000e+00
      2.397   4.108852  1014.2424 1.2210e-01   250.0741     1.2731     5.6371     83.259 1.3244e+03    24.3540    28.5684  0.000e+00
      2.430   4.108575  1014.2417 1.4652e-01    92.4331     1.2426     5.6374     83.262 1.3281e+03    24.3525    28.5677  0.000e+00
      2.397   4.108073  1014.2379 1.4530e-01     6.5589     1.2731     5.6416     83.324 1.3394e+03    24.3484    28.5693  0.000e+00
      2.463   4.107423  1014.2322 1.4408e-01    -0.6890     1.2731     5.6419     83.332 1.3431e+03    24.3420    28.5734  0.000e+00
      2.430   4.106824  1014.2269 1.4408e-01     0.7347     1.2731     5.6422     83.337 1.3356e+03    24.3365    28.5765  0.000e+00
      2.521   4.106528  1014.2248 1.4408e-01     4.0998     1.2731     5.6425     83.342 1.3133e+03    24.3338    28.5780  0.000e+00
      2.488   4.106573  1014.2244 1.4408e-01     4.9410     1.2731     5.6385     83.284 1.3022e+03    24.3337    28.5787  0.000e+00
      2.521   4.106901  1014.2274 1.4164e-01     4.8116     1.2731     5.6427     83.346 1.3319e+03    24.3368    28.5769  0.000e+00
      2.488   4.107346  1014.2307 1.4042e-01     4.6822     1.2731     5.6429     83.348 1.5072e+03    24.3407    28.5750  0.000e+00
      2.578   4.107487  1014.2326 1.4042e-01     4.6822     1.2731     5.6431     83.349 1.5989e+03    24.3421    28.5739  0.000e+00
      2.488   4.107449  1014.2320 1.3919e-01     4.6822     1.2731     5.6430     83.348 1.6079e+03    24.3419    28.5739  0.000e+00
      2.521   4.107507  1014.2331 1.4042e-01     4.6822     1.2731     5.6430     83.348 1.6678e+03    24.3427    28.5730  0.000e+00
