WS23139_STN18_17CTD.cnv
* Sea-Bird SBE 9 Data File:
* FileName = C:\ctd\Cruise_Data\WS23139_Rosenheim\WS23139_Rosenheim_STN18.hex
* Software Version Seasave V 7.26.7.121
* Temperature SN = 4097 MTG 177
* Conductivity SN = 1851 MTG 053
* Number of Bytes Per Scan = 40
* Number of Voltage Words = 5
* Number of Scans Averaged by the Deck Unit = 1
* NMEA Latitude = 06 07.22 N
* NMEA Longitude = 054 05.07 W
* NMEA UTC (Time) = Jun 16 2023 11:19:15
** Ship:
** Station:
** Operator:
# nquan = 12
# nvalues = 9812                                  
# units = specified
# name 0 = depSM: Depth [salt water, m]
# name 1 = c0S/m: Conductivity [S/m]
# name 2 = density00: Density [density, kg/m^3]
# name 3 = flSP: Fluorescence, Seapoint
# name 4 = wetCDOM: Fluorescence, WET Labs CDOM [mg/m^3]
# name 5 = flECO-AFL: Fluorescence, WET Labs ECO-AFL/FL [mg/m^3]
# name 6 = sbeox0Mg/L: Oxygen, SBE 43 [mg/l]
# name 7 = sbeox0PS: Oxygen, SBE 43 [% saturation]
# name 8 = par: PAR/Irradiance, Biospherical/Licor [Watts/m^2]
# name 9 = sal00: Salinity, Practical [PSU]
# name 10 = t090C: Temperature [ITS-90, deg C]
# name 11 = flag:  0.000e+00
# span 0 =      1.265,     19.229                 
# span 1 =   5.695598,   5.701014                 
# span 2 =  1023.4152,  1023.4976                 
# span 3 = 6.7155e-02, 1.2698e-01                 
# span 4 =    -0.6890,   264.3110                 
# span 5 =     0.2658,     0.6626                 
# span 6 =     3.9988,     5.5799                 
# span 7 =     61.760,     86.188                 
# span 8 = 9.8755e-02, 4.9647e+03                 
# span 9 =    36.0419,    36.0641                 
# span 10 =    27.2919,    27.3324                
# span 11 = 0.0000e+00, 0.0000e+00                
# interval = seconds: 0.0416667
# start_time = Jun 16 2023 11:19:15 [NMEA time, header]
# bad_flag = -9.990e-29
*END*
[from data line 4452]
     18.528   5.696949  1023.4938 1.2332e-01     8.6944     0.4794     5.5267     85.328 9.9375e-02    36.0513    27.2981  0.000e+00
     18.586   5.696912  1023.4937 1.2332e-01     8.6297     0.4794     5.5225     85.263 9.9375e-02    36.0509    27.2983  0.000e+00
     18.569   5.696964  1023.4941 1.2332e-01     8.6297     0.4794     5.5258     85.315 9.9375e-02    36.0514    27.2981  0.000e+00
     18.585   5.696994  1023.4942 1.2332e-01     5.5235     0.4794     5.5215     85.249 9.9065e-02    36.0515    27.2983  0.000e+00
     18.709   5.696994  1023.4948 1.2210e-01     0.8641     0.4489     5.5251     85.304 9.9375e-02    36.0516    27.2981  0.000e+00
     18.709   5.696994  1023.4948 1.2210e-01    -0.4301     0.4489     5.5252     85.306 9.9375e-02    36.0516    27.2981  0.000e+00
     18.693   5.697023  1023.4947 1.2210e-01    -0.3007     0.4794     5.5251     85.304 9.9375e-02    36.0517    27.2983  0.000e+00
     18.775   5.697008  1023.4952 1.2088e-01    -0.1066     0.4794     5.5248     85.299 9.9375e-02    36.0517    27.2981  0.000e+00
     18.775   5.696994  1023.4951 1.2210e-01    -0.1066     0.4794     5.5244     85.293 9.9065e-02    36.0516    27.2981  0.000e+00
     18.833   5.697060  1023.4958 1.2210e-01    -0.1066     0.4794     5.5245     85.294 9.9375e-02    36.0522    27.2980  0.000e+00
     18.874   5.697023  1023.4958 1.2210e-01    -0.1066     0.4794     5.5285     85.357 9.9375e-02    36.0519    27.2979  0.000e+00
     18.833   5.697023  1023.4956 1.2210e-01    -0.1066     0.4489     5.5247     85.298 9.9065e-02    36.0519    27.2980  0.000e+00
     18.890   5.697008  1023.4958 1.2210e-01    -0.1066     0.4489     5.5250     85.302 9.9065e-02    36.0518    27.2980  0.000e+00
     18.956   5.696964  1023.4957 1.2210e-01    -0.1066     0.4794     5.5252     85.305 9.9375e-02    36.0513    27.2981  0.000e+00
     18.932   5.696913  1023.4951 1.2088e-01    -0.1066     0.4794     5.5292     85.367 9.9375e-02    36.0508    27.2983  0.000e+00
     18.956   5.696935  1023.4955 1.2210e-01     0.3464     0.4794     5.5294     85.370 9.9375e-02    36.0511    27.2981  0.000e+00
     18.890   5.696949  1023.4952 1.2210e-01     2.5467     0.4794     5.5297     85.375 9.9375e-02    36.0511    27.2983  0.000e+00
     19.014   5.696913  1023.4955 1.2210e-01     3.4526     0.4489     5.5299     85.378 9.9375e-02    36.0508    27.2983  0.000e+00
     18.932   5.696898  1023.4950 1.2210e-01     3.6468     0.4794     5.5342     85.445 9.9065e-02    36.0507    27.2983  0.000e+00
     18.956   5.696868  1023.4950 1.2210e-01     3.5173     0.5100     5.5266     85.326 9.9065e-02    36.0505    27.2983  0.000e+00
     19.014   5.696854  1023.4951 1.2210e-01     3.4526     0.5100     5.5307     85.391 9.9375e-02    36.0504    27.2983  0.000e+00
     19.014   5.696957  1023.4957 1.2088e-01     3.2585     0.5100     5.5308     85.392 9.9375e-02    36.0511    27.2983  0.000e+00
     18.997   5.696964  1023.4957 1.2088e-01     3.4526     0.5100     5.5309     85.393 9.9375e-02    36.0512    27.2983  0.000e+00
     19.014   5.697016  1023.4960 1.2088e-01     3.4526     0.4794     5.5310     85.394 9.9065e-02    36.0516    27.2983  0.000e+00
     19.014   5.697104  1023.4967 1.2210e-01     3.4526     0.4794     5.5312     85.398 9.9065e-02    36.0523    27.2981  0.000e+00
     18.956   5.697104  1023.4963 1.2210e-01     3.4526     0.4794     5.5314     85.402 9.9375e-02    36.0522    27.2983  0.000e+00
     19.055   5.697090  1023.4967 1.2210e-01     3.4526     0.4794     5.5277     85.345 9.9065e-02    36.0522    27.2981  0.000e+00
     18.956   5.697119  1023.4965 1.2210e-01     3.4526     0.5100     5.5277     85.344 9.9375e-02    36.0524    27.2981  0.000e+00
     19.014   5.697104  1023.4965 1.2210e-01     2.5467     0.4794     5.5278     85.346 9.9375e-02    36.0522    27.2983  0.000e+00
     19.014   5.697119  1023.4968 1.2210e-01     1.7701     0.4794     5.5278     85.346 9.9065e-02    36.0524    27.2981  0.000e+00
     18.997   5.697104  1023.4964 1.2210e-01     1.6407     0.4794     5.5276     85.344 9.9065e-02    36.0522    27.2983  0.000e+00
     19.014   5.697119  1023.4967 1.2210e-01     1.6407     0.5100     5.5275     85.341 9.9065e-02    36.0524    27.2981  0.000e+00
     18.956   5.697134  1023.4966 1.2210e-01     1.7054     0.5100     5.5273     85.338 9.9375e-02    36.0525    27.2981  0.000e+00
     18.956   5.697134  1023.4964 1.2088e-01     1.6407     0.5100     5.5230     85.273 9.9375e-02    36.0524    27.2983  0.000e+00
     18.931   5.697104  1023.4963 1.2088e-01     1.6407     0.4794     5.5187     85.205 9.9065e-02    36.0523    27.2981  0.000e+00
     18.956   5.697156  1023.4965 1.2088e-01     1.6407     0.4794     5.5181     85.196 9.9065e-02    36.0526    27.2983  0.000e+00
     19.014   5.697178  1023.4969 1.2088e-01     1.7054     0.5100     5.5177     85.191 9.9375e-02    36.0527    27.2983  0.000e+00
     18.890   5.697178  1023.4965 1.2088e-01     1.7054     0.5100     5.5131     85.119 9.9375e-02    36.0529    27.2981  0.000e+00
     18.873   5.697149  1023.4962 1.2210e-01     1.7054     0.5100     5.5123     85.107 9.9375e-02    36.0525    27.2983  0.000e+00
     18.890   5.697134  1023.4961 1.2088e-01     1.7701     0.4794     5.5116     85.096 9.9065e-02    36.0524    27.2983  0.000e+00
     18.832   5.697104  1023.4958 1.2088e-01    67.9716     0.4489     5.5108     85.084 9.9375e-02    36.0522    27.2983  0.000e+00
     18.890   5.697156  1023.4963 1.0867e-01   218.7530     0.5405     5.5062     85.012 9.9065e-02    36.0526    27.2983  0.000e+00
     18.816   5.697149  1023.4960 9.7680e-02   264.3110     0.5405     5.4975     84.878 9.9065e-02    36.0526    27.2983  0.000e+00
     18.774   5.697163  1023.4958 9.8901e-02   264.3110     0.5405     5.4924     84.800 9.9065e-02    36.0527    27.2983  0.000e+00
     18.774   5.697149  1023.4958 9.8901e-02   264.3110     0.5100     5.4910     84.778 9.9375e-02    36.0526    27.2983  0.000e+00
     18.774   5.697163  1023.4960 9.8901e-02   259.9752     0.4794     5.4897     84.758 9.9375e-02    36.0528    27.2981  0.000e+00
     18.750   5.697149  1023.4957 9.8901e-02   259.3928     0.4794     5.4844     84.676 9.9375e-02    36.0526    27.2983  0.000e+00
     18.708   5.697104  1023.4952 9.8901e-02   259.7164     0.4794     5.4750     84.530 9.9065e-02    36.0523    27.2983  0.000e+00
     18.651   5.697089  1023.4950 9.8901e-02   259.9105     0.4794     5.4732     84.503 9.9065e-02    36.0522    27.2983  0.000e+00
     18.651   5.697089  1023.4951 9.8901e-02   259.9105     0.4794     5.4677     84.418 9.9065e-02    36.0523    27.2981  0.000e+00
     18.626   5.697089  1023.4948 9.8901e-02   259.9105     0.4794     5.4619     84.329 9.9375e-02    36.0522    27.2983  0.000e+00
     18.585   5.697119  1023.4950 9.8901e-02   259.9105     0.4794     5.4602     84.303 9.9375e-02    36.0525    27.2981  0.000e+00
     18.585   5.697067  1023.4945 1.0134e-01   251.7567     0.5100     5.4544     84.213 9.9375e-02    36.0520    27.2983  0.000e+00
     18.527   5.697075  1023.4943 1.2454e-01    99.4868     0.3879     5.4487     84.125 9.9065e-02    36.0521    27.2983  0.000e+00
     18.510   5.697053  1023.4943 1.2332e-01    14.8421     0.4489     5.4470     84.098 9.9065e-02    36.0521    27.2981  0.000e+00
     18.527   5.697075  1023.4944 1.2210e-01     3.5821     0.4489     5.4493     84.134 9.9375e-02    36.0521    27.2983  0.000e+00
     18.469   5.697089  1023.4943 1.2332e-01     9.3415     0.4794     5.4479     84.113 9.9375e-02    36.0524    27.2981  0.000e+00
     18.403   5.697089  1023.4941 1.2332e-01    12.6419     0.4794     5.4427     84.032 9.9375e-02    36.0524    27.2981  0.000e+00
     18.329   5.697089  1023.4938 1.2332e-01    13.0302     0.4794     5.4413     84.011 9.9375e-02    36.0524    27.2981  0.000e+00
     18.345   5.697052  1023.4935 1.2210e-01    12.8360     0.4794     5.4363     83.934 9.9375e-02    36.0520    27.2983  0.000e+00
     18.345   5.697038  1023.4937 1.2210e-01    12.7066     0.4794     5.4351     83.914 9.9065e-02    36.0522    27.2980  0.000e+00
     18.288   5.697038  1023.4932 1.2210e-01    12.7066     0.4794     5.4379     83.958 9.9375e-02    36.0519    27.2983  0.000e+00
     18.205   5.697074  1023.4932 1.2210e-01    12.7066     0.4489     5.4371     83.945 9.9065e-02    36.0523    27.2981  0.000e+00
     18.222   5.697119  1023.4935 1.2210e-01    12.7066     0.4489     5.4406     83.999 9.9375e-02    36.0527    27.2981  0.000e+00
     18.098   5.697133  1023.4932 1.2088e-01    12.6419     0.4794     5.4403     83.996 9.9065e-02    36.0529    27.2980  0.000e+00
     18.164   5.697104  1023.4932 1.2210e-01    11.8006     0.4794     5.4403     83.996 9.9375e-02    36.0526    27.2981  0.000e+00
     18.081   5.697156  1023.4930 1.2210e-01    10.4416     0.4794     5.4403     83.996 9.9375e-02    36.0528    27.2983  0.000e+00
     18.040   5.697074  1023.4926 1.2210e-01    10.3122     0.4794     5.4407     84.002 9.9065e-02    36.0524    27.2981  0.000e+00
     18.040   5.697074  1023.4925 1.2210e-01    10.3769     0.4794     5.4409     84.003 9.9375e-02    36.0524    27.2981  0.000e+00
     17.982   5.697089  1023.4927 1.2210e-01    10.3769     0.4794     5.4453     84.071 9.9065e-02    36.0528    27.2978  0.000e+00
     17.900   5.697089  1023.4920 1.2210e-01    10.3769     0.4489     5.4499     84.144 9.9375e-02    36.0525    27.2981  0.000e+00
     17.916   5.697119  1023.4924 1.2210e-01    10.3769     0.4489     5.4510     84.160 9.9065e-02    36.0529    27.2980  0.000e+00
     17.859   5.697104  1023.4919 1.2210e-01    10.3769     0.4489     5.4561     84.239 9.9375e-02    36.0527    27.2981  0.000e+00
     17.834   5.697119  1023.4921 1.2210e-01    10.3769     0.4489     5.4575     84.261 9.9065e-02    36.0529    27.2980  0.000e+00
     17.793   5.697104  1023.4915 1.2210e-01    10.3769     0.4489     5.4590     84.284 9.9065e-02    36.0526    27.2983  0.000e+00
     17.793   5.697052  1023.4917 1.2210e-01    10.4416     0.4489     5.4645     84.368 9.9375e-02    36.0526    27.2978  0.000e+00
     17.677   5.697074  1023.4912 1.2088e-01    10.3769     0.4489     5.4701     84.455 9.9375e-02    36.0526    27.2980  0.000e+00
     17.718   5.697089  1023.4914 1.2088e-01    46.5515     0.4184     5.4761     84.547 9.9065e-02    36.0527    27.2980  0.000e+00
     17.677   5.697089  1023.4913 1.1477e-01   201.3452     0.4489     5.4783     84.581 9.9065e-02    36.0527    27.2980  0.000e+00
     17.611   5.697089  1023.4912 9.7680e-02   264.3110     0.4489     5.4845     84.678 9.9065e-02    36.0529    27.2978  0.000e+00
     17.553   5.697089  1023.4906 9.7680e-02   264.3110     0.4489     5.4830     84.655 9.9065e-02    36.0527    27.2981  0.000e+00
     17.595   5.697089  1023.4911 9.8901e-02   264.3110     0.4489     5.4895     84.754 9.9375e-02    36.0529    27.2978  0.000e+00
     17.553   5.697089  1023.4908 9.8901e-02   260.4282     0.4489     5.4919     84.791 9.9065e-02    36.0528    27.2980  0.000e+00
     17.487   5.697118  1023.4907 9.8901e-02   259.3928     0.4489     5.4941     84.825 9.9065e-02    36.0530    27.2980  0.000e+00
     17.471   5.697104  1023.4907 9.8901e-02   259.6517     0.4489     5.5004     84.923 9.9375e-02    36.0531    27.2978  0.000e+00
     17.430   5.697089  1023.4904 9.8901e-02   259.8458     0.4489     5.5029     84.961 9.9375e-02    36.0530    27.2978  0.000e+00
     17.430   5.697052  1023.4902 9.8901e-02   259.9105     0.4489     5.5093     85.059 9.9375e-02    36.0527    27.2978  0.000e+00
     17.429   5.697104  1023.4906 9.8901e-02   259.9105     0.4489     5.5078     85.037 9.9065e-02    36.0531    27.2977  0.000e+00
     17.289   5.697067  1023.4897 9.8901e-02   259.9105     0.4489     5.5101     85.072 9.9375e-02    36.0528    27.2978  0.000e+00
     17.429   5.697074  1023.4902 9.8901e-02   260.7518     0.4489     5.5166     85.172 9.9375e-02    36.0527    27.2980  0.000e+00
     17.306   5.697118  1023.4901 1.2576e-01   124.0778     0.3879     5.5149     85.146 9.9065e-02    36.0532    27.2978  0.000e+00
     17.306   5.697104  1023.4900 1.2332e-01    19.6956     0.4489     5.5166     85.173 9.9065e-02    36.0531    27.2978  0.000e+00
     17.223   5.697052  1023.4892 1.2210e-01     0.2170     0.4489     5.5221     85.258 9.9065e-02    36.0526    27.2980  0.000e+00
     17.306   5.697037  1023.4897 1.2332e-01     5.3940     0.4489     5.5199     85.224 9.9065e-02    36.0527    27.2977  0.000e+00
     17.248   5.697037  1023.4894 1.2332e-01     9.3415     0.4489     5.5214     85.247 9.9065e-02    36.0526    27.2978  0.000e+00
     17.223   5.697037  1023.4893 1.2332e-01    10.1828     0.4489     5.5267     85.328 9.9375e-02    36.0527    27.2978  0.000e+00
     17.248   5.697103  1023.4898 1.2332e-01     9.9239     0.4489     5.5237     85.283 9.9065e-02    36.0531    27.2978  0.000e+00
     17.190   5.697067  1023.4893 1.2210e-01     9.7945     0.4489     5.5245     85.294 9.9065e-02    36.0529    27.2978  0.000e+00
     17.190   5.697074  1023.4894 1.2210e-01     9.7298     0.4794     5.5290     85.364 9.9375e-02    36.0529    27.2978  0.000e+00
     17.223   5.697052  1023.4895 1.2210e-01     9.7298     0.4794     5.5295     85.372 9.9065e-02    36.0528    27.2977  0.000e+00
     17.190   5.697037  1023.4894 1.2210e-01     9.7298     0.4794     5.5339     85.439 9.9375e-02    36.0528    27.2976  0.000e+00
     17.248   5.697037  1023.4894 1.2332e-01     9.7298     0.4794     5.5302     85.383 9.9065e-02    36.0526    27.2978  0.000e+00
     17.223   5.697037  1023.4895 1.2332e-01    10.3769     0.4794     5.5340     85.442 9.9375e-02    36.0528    27.2976  0.000e+00
     17.190   5.697037  1023.4892 1.2332e-01    11.4123     0.4794     5.5339     85.440 9.9375e-02    36.0527    27.2978  0.000e+00
     17.190   5.697008  1023.4892 1.2210e-01    11.8653     0.4489     5.5340     85.441 9.9065e-02    36.0526    27.2976  0.000e+00
     17.248   5.697096  1023.4897 1.2210e-01    11.8653     0.4489     5.5340     85.441 9.9375e-02    36.0531    27.2978  0.000e+00
     17.223   5.697103  1023.4899 1.2332e-01    11.8006     0.4794     5.5336     85.436 9.9065e-02    36.0533    27.2975  0.000e+00
     17.248   5.697089  1023.4897 1.2332e-01    11.8006     0.4794     5.5372     85.491 9.9375e-02    36.0530    27.2978  0.000e+00
     17.248   5.697118  1023.4898 1.2332e-01    11.7359     0.4794     5.5367     85.483 9.9065e-02    36.0532    27.2978  0.000e+00
     17.248   5.697103  1023.4898 1.2332e-01    11.7359     0.4794     5.5360     85.473 9.9065e-02    36.0531    27.2978  0.000e+00
     17.289   5.697118  1023.4900 1.2210e-01    11.8006     0.4794     5.5395     85.527 9.9375e-02    36.0532    27.2978  0.000e+00
     17.248   5.697103  1023.4898 1.2210e-01    11.8006     0.4794     5.5351     85.458 9.9065e-02    36.0531    27.2978  0.000e+00
     17.305   5.697118  1023.4903 1.2210e-01    11.8006     0.4794     5.5386     85.512 9.9065e-02    36.0534    27.2975  0.000e+00
     17.347   5.697104  1023.4902 1.2332e-01    11.8006     0.4794     5.5381     85.505 9.9375e-02    36.0531    27.2978  0.000e+00
     17.305   5.697089  1023.4901 1.2210e-01    25.7139     0.4794     5.5376     85.497 9.9065e-02    36.0532    27.2976  0.000e+00
     17.371   5.697089  1023.4900 1.1966e-01   179.7310     0.4489     5.5410     85.549 9.9375e-02    36.0528    27.2980  0.000e+00
     17.371   5.697155  1023.4905 9.8901e-02   258.4221     0.4794     5.5404     85.541 9.9065e-02    36.0535    27.2978  0.000e+00
     17.347   5.697111  1023.4902 9.8901e-02   264.3110     0.4794     5.5398     85.530 9.9375e-02    36.0531    27.2978  0.000e+00
     17.429   5.697118  1023.4904 9.7680e-02   264.3110     0.5100     5.5432     85.584 9.9375e-02    36.0530    27.2980  0.000e+00
