WS23139_STN21_19CTD.cnv
* Sea-Bird SBE 9 Data File:
* FileName = C:\ctd\Cruise_Data\WS23139_Rosenheim\WS23139_Rosenheim_STN21.hex
* Software Version Seasave V 7.26.7.121
* Temperature SN = 4097 MTG 177
* Conductivity SN = 1851 MTG 053
* Number of Bytes Per Scan = 40
* Number of Voltage Words = 5
* Number of Scans Averaged by the Deck Unit = 1
* NMEA Latitude = 06 01.23 N
* NMEA Longitude = 054 01.33 W
* NMEA UTC (Time) = Jun 16 2023 21:59:06
** Ship:
** Station:
** Operator:
# nquan = 12
# nvalues = 10417                                 
# units = specified
# name 0 = depSM: Depth [salt water, m]
# name 1 = c0S/m: Conductivity [S/m]
# name 2 = density00: Density [density, kg/m^3]
# name 3 = flSP: Fluorescence, Seapoint
# name 4 = wetCDOM: Fluorescence, WET Labs CDOM [mg/m^3]
# name 5 = flECO-AFL: Fluorescence, WET Labs ECO-AFL/FL [mg/m^3]
# name 6 = sbeox0Mg/L: Oxygen, SBE 43 [mg/l]
# name 7 = sbeox0PS: Oxygen, SBE 43 [% saturation]
# name 8 = par: PAR/Irradiance, Biospherical/Licor [Watts/m^2]
# name 9 = sal00: Salinity, Practical [PSU]
# name 10 = t090C: Temperature [ITS-90, deg C]
# name 11 = flag:  0.000e+00
# span 0 =      1.044,     15.478                 
# span 1 =   5.367870,   5.706796                 
# span 2 =  1021.2236,  1023.4850                 
# span 3 = 7.6923e-02, 1.6484e-01                 
# span 4 =    -0.6890,   264.3110                 
# span 5 =     0.6015,     2.1583                 
# span 6 =     4.9966,     6.0744                 
# span 7 =     76.686,     93.241                 
# span 8 = 9.8755e-02, 1.0959e+01                 
# span 9 =    33.3505,    36.0810                 
# span 10 =    27.3499,    27.8144                
# span 11 = 0.0000e+00, 0.0000e+00                
# interval = seconds: 0.0416667
# start_time = Jun 16 2023 21:59:06 [NMEA time, header]
# bad_flag = -9.990e-29
*END*
[from data line 5775]
      7.492   5.699333  1023.3922 1.3065e-01    11.2829     0.8763     5.3681     82.966 9.9065e-02    36.0125    27.3749  0.000e+00
      7.583   5.699363  1023.3927 1.3065e-01    11.2829     0.8763     5.3718     83.024 9.9375e-02    36.0127    27.3749  0.000e+00
      7.550   5.699392  1023.3931 1.3065e-01    11.2182     0.8763     5.3722     83.029 9.9065e-02    36.0131    27.3745  0.000e+00
      7.525   5.699444  1023.3932 1.3065e-01    11.0888     0.8763     5.3720     83.027 9.9065e-02    36.0135    27.3745  0.000e+00
      7.616   5.699592  1023.3947 1.3187e-01    11.0888     0.8763     5.3721     83.028 9.9065e-02    36.0148    27.3742  0.000e+00
      7.525   5.699710  1023.3952 1.3309e-01    11.2182     0.8763     5.3720     83.027 9.9065e-02    36.0158    27.3740  0.000e+00
      7.550   5.699769  1023.3957 1.3431e-01    11.1535     0.8763     5.3719     83.026 9.9065e-02    36.0164    27.3738  0.000e+00
      7.649   5.699813  1023.3964 1.3309e-01    11.1535     0.8763     5.3721     83.029 9.9065e-02    36.0167    27.3738  0.000e+00
      7.550   5.699828  1023.3962 1.3309e-01    11.0888     0.8763     5.3721     83.029 9.9065e-02    36.0170    27.3736  0.000e+00
      7.583   5.699828  1023.3963 1.3309e-01    11.1535     0.9068     5.3722     83.030 9.9375e-02    36.0169    27.3736  0.000e+00
      7.616   5.699762  1023.3963 1.3187e-01    23.9667     0.9068     5.3722     83.030 9.9375e-02    36.0166    27.3734  0.000e+00
      7.583   5.699806  1023.3962 1.3065e-01   177.9191     0.8152     5.3640     82.903 9.9065e-02    36.0168    27.3736  0.000e+00
      7.673   5.699754  1023.3962 1.0745e-01   258.0985     0.9984     5.3634     82.894 9.9375e-02    36.0163    27.3738  0.000e+00
      7.649   5.699636  1023.3951 1.0745e-01   264.3110     1.0289     5.3629     82.886 9.9065e-02    36.0151    27.3742  0.000e+00
      7.616   5.699666  1023.3953 1.0745e-01   264.3110     1.0289     5.3582     82.813 9.9375e-02    36.0155    27.3740  0.000e+00
      7.706   5.699658  1023.3958 1.0867e-01   261.3989     0.9984     5.3573     82.800 9.9375e-02    36.0156    27.3738  0.000e+00
      7.673   5.699643  1023.3954 1.0745e-01   259.3928     0.9984     5.3526     82.727 9.9065e-02    36.0153    27.3740  0.000e+00
      7.706   5.699614  1023.3952 1.0745e-01   259.6517     0.9984     5.3477     82.651 9.9375e-02    36.0150    27.3742  0.000e+00
      7.673   5.699599  1023.3950 1.0623e-01   259.9105     0.9984     5.3426     82.572 9.9065e-02    36.0149    27.3742  0.000e+00
      7.772   5.699732  1023.3963 1.0623e-01   260.0399     0.9984     5.3373     82.491 9.9065e-02    36.0159    27.3740  0.000e+00
      7.739   5.700094  1023.3991 1.0623e-01   259.9752     0.9984     5.3358     82.468 9.9065e-02    36.0194    27.3729  0.000e+00
      7.797   5.700448  1023.4019 1.0623e-01   259.9752     0.9984     5.3306     82.387 9.9065e-02    36.0224    27.3722  0.000e+00
      7.772   5.700559  1023.4027 1.0623e-01   260.0399     0.9984     5.3212     82.242 9.9065e-02    36.0235    27.3718  0.000e+00
      7.855   5.700507  1023.4029 1.3187e-01   160.9642     0.7847     5.3195     82.216 9.9065e-02    36.0233    27.3716  0.000e+00
      7.830   5.700552  1023.4029 1.3065e-01    38.7213     0.9068     5.3138     82.128 9.9065e-02    36.0235    27.3718  0.000e+00
      7.855   5.700714  1023.4044 1.3065e-01     8.0473     0.9068     5.3040     81.976 9.9065e-02    36.0250    27.3713  0.000e+00
      7.888   5.700899  1023.4057 1.3065e-01    11.4771     0.9068     5.2976     81.878 9.9065e-02    36.0265    27.3710  0.000e+00
      7.921   5.701083  1023.4074 1.2943e-01    16.1364     0.9068     5.2954     81.844 9.9065e-02    36.0283    27.3703  0.000e+00
      7.954   5.701334  1023.4095 1.2943e-01    17.3012     0.9068     5.2932     81.811 9.9065e-02    36.0306    27.3698  0.000e+00
      7.921   5.701445  1023.4102 1.2943e-01    17.1718     0.9068     5.2834     81.658 9.9065e-02    36.0316    27.3694  0.000e+00
      8.011   5.701460  1023.4107 1.2943e-01    17.0424     0.9068     5.2813     81.626 9.9065e-02    36.0317    27.3694  0.000e+00
      7.978   5.701460  1023.4105 1.2943e-01    16.9777     0.9068     5.2792     81.594 9.9375e-02    36.0317    27.3694  0.000e+00
      7.954   5.701430  1023.4105 1.2943e-01    16.9777     0.9068     5.2733     81.502 9.9065e-02    36.0317    27.3692  0.000e+00
      8.102   5.701416  1023.4106 1.2943e-01    16.9777     0.9068     5.2714     81.473 9.9065e-02    36.0312    27.3696  0.000e+00
      8.011   5.701386  1023.4103 1.2943e-01    16.9777     0.9068     5.2735     81.505 9.9375e-02    36.0312    27.3694  0.000e+00
      8.102   5.701401  1023.4107 1.2943e-01    16.0717     0.9068     5.2680     81.420 9.9065e-02    36.0313    27.3694  0.000e+00
      8.069   5.701445  1023.4110 1.2943e-01    12.7066     0.9068     5.2703     81.456 9.9065e-02    36.0317    27.3692  0.000e+00
      8.160   5.701497  1023.4118 1.3065e-01    11.4123     0.9068     5.2653     81.379 9.9065e-02    36.0322    27.3691  0.000e+00
      8.135   5.701512  1023.4118 1.2943e-01    11.2829     0.9068     5.2679     81.419 9.9375e-02    36.0323    27.3690  0.000e+00
      8.160   5.701504  1023.4117 1.2943e-01    11.4123     0.9068     5.2668     81.403 9.9065e-02    36.0321    27.3692  0.000e+00
      8.102   5.701364  1023.4105 1.2943e-01    11.4771     0.9068     5.2663     81.394 9.9375e-02    36.0310    27.3694  0.000e+00
      8.259   5.701253  1023.4099 1.2943e-01    11.4771     0.9068     5.2656     81.383 9.9065e-02    36.0296    27.3701  0.000e+00
      8.160   5.701091  1023.4085 1.2943e-01    11.4771     0.9068     5.2690     81.437 9.9065e-02    36.0283    27.3703  0.000e+00
      8.259   5.701010  1023.4081 1.2943e-01    11.4771     0.9068     5.2729     81.497 9.9375e-02    36.0274    27.3707  0.000e+00
      8.226   5.700825  1023.4070 1.3065e-01    11.4771     0.9068     5.2691     81.437 9.9065e-02    36.0261    27.3707  0.000e+00
      8.259   5.700559  1023.4047 1.2943e-01    11.4771     0.9068     5.2734     81.503 9.9065e-02    36.0234    27.3718  0.000e+00
      8.226   5.700589  1023.4047 1.2943e-01    11.4771     0.9068     5.2740     81.512 9.9065e-02    36.0236    27.3718  0.000e+00
      8.316   5.700869  1023.4071 1.2943e-01    11.5418     0.9068     5.2787     81.586 9.9065e-02    36.0260    27.3712  0.000e+00
      8.283   5.700980  1023.4074 1.3187e-01   146.0155     0.8152     5.2794     81.598 9.9375e-02    36.0266    27.3714  0.000e+00
      8.316   5.700891  1023.4074 1.0623e-01   251.4978     0.9678     5.2844     81.674 9.9375e-02    36.0263    27.3710  0.000e+00
      8.283   5.700685  1023.4058 1.0501e-01   264.3110     1.0289     5.2858     81.696 9.9065e-02    36.0245    27.3714  0.000e+00
      8.374   5.700559  1023.4052 1.0501e-01   264.3110     1.0289     5.2914     81.782 9.9065e-02    36.0233    27.3718  0.000e+00
      8.283   5.700663  1023.4057 1.0501e-01   263.0167     0.9984     5.2931     81.809 9.9375e-02    36.0244    27.3714  0.000e+00
      8.316   5.700818  1023.4068 1.0501e-01   259.4575     0.9984     5.2951     81.838 9.9375e-02    36.0256    27.3712  0.000e+00
      8.407   5.700788  1023.4072 1.0623e-01   259.5869     0.9984     5.3011     81.932 9.9375e-02    36.0255    27.3711  0.000e+00
      8.341   5.700832  1023.4072 1.0623e-01   259.9105     0.9984     5.3033     81.966 9.9065e-02    36.0259    27.3710  0.000e+00
      8.374   5.700892  1023.4078 1.0745e-01   259.9752     0.9984     5.3057     82.003 9.9065e-02    36.0264    27.3709  0.000e+00
      8.341   5.700973  1023.4079 1.0745e-01   260.0399     0.9984     5.3121     82.102 9.9065e-02    36.0269    27.3710  0.000e+00
      8.440   5.701024  1023.4089 1.0745e-01   260.0399     0.9984     5.3149     82.145 9.9065e-02    36.0275    27.3707  0.000e+00
      8.341   5.701143  1023.4097 1.0745e-01   259.9752     0.9984     5.3216     82.249 9.9375e-02    36.0288    27.3701  0.000e+00
      8.374   5.701246  1023.4107 1.2454e-01   197.7860     0.8457     5.3243     82.291 9.9375e-02    36.0298    27.3698  0.000e+00
      8.407   5.701379  1023.4117 1.2943e-01    59.6236     0.8763     5.3310     82.394 9.9375e-02    36.0309    27.3696  0.000e+00
      8.440   5.701416  1023.4124 1.3065e-01    14.2597     0.8763     5.3300     82.379 9.9065e-02    36.0314    27.3692  0.000e+00
      8.465   5.701549  1023.4132 1.2943e-01    14.6480     0.8763     5.3405     82.542 9.9065e-02    36.0324    27.3692  0.000e+00
      8.440   5.701593  1023.4133 1.3065e-01    19.8898     0.8763     5.3435     82.588 9.9065e-02    36.0327    27.3692  0.000e+00
      8.407   5.701563  1023.4132 1.3065e-01    21.6370     0.8763     5.3463     82.632 9.9065e-02    36.0326    27.3690  0.000e+00
      8.497   5.701556  1023.4137 1.3187e-01    21.6370     0.8763     5.3490     82.673 9.9065e-02    36.0326    27.3689  0.000e+00
      8.464   5.701453  1023.4125 1.3187e-01    21.3782     0.8763     5.3475     82.649 9.9065e-02    36.0315    27.3694  0.000e+00
      8.497   5.701349  1023.4119 1.3187e-01    21.3782     0.8763     5.3535     82.742 9.9065e-02    36.0306    27.3696  0.000e+00
      8.464   5.701253  1023.4109 1.3065e-01    21.3134     0.8763     5.3557     82.776 9.9375e-02    36.0297    27.3699  0.000e+00
      8.464   5.701231  1023.4108 1.3065e-01    21.3134     0.8763     5.3577     82.807 9.9065e-02    36.0295    27.3700  0.000e+00
      8.497   5.701298  1023.4115 1.3065e-01    21.1193     0.8763     5.3593     82.832 9.9065e-02    36.0301    27.3698  0.000e+00
      8.530   5.701386  1023.4121 1.2943e-01    31.3440     0.8763     5.3608     82.856 9.9065e-02    36.0307    27.3698  0.000e+00
      8.497   5.701519  1023.4130 1.2698e-01   178.1779     0.7847     5.3661     82.937 9.9065e-02    36.0320    27.3694  0.000e+00
      8.530   5.701733  1023.4149 1.0501e-01   257.8397     0.9678     5.3671     82.953 9.9375e-02    36.0340    27.3687  0.000e+00
      8.497   5.701881  1023.4158 1.0623e-01   264.3110     0.9984     5.3678     82.964 9.9375e-02    36.0353    27.3685  0.000e+00
      8.530   5.702029  1023.4170 1.0745e-01   264.3110     0.9984     5.3685     82.975 9.9375e-02    36.0366    27.3681  0.000e+00
      8.563   5.702103  1023.4177 1.0745e-01   261.3342     0.9678     5.3691     82.984 9.9375e-02    36.0372    27.3679  0.000e+00
      8.530   5.702221  1023.4190 1.0745e-01   259.3928     0.9678     5.3692     82.986 9.9065e-02    36.0388    27.3671  0.000e+00
      8.621   5.702324  1023.4200 1.0745e-01   259.6517     0.9678     5.3733     83.048 9.9065e-02    36.0395    27.3670  0.000e+00
      8.530   5.702413  1023.4202 1.0745e-01   259.9752     0.9678     5.3733     83.049 9.9065e-02    36.0403    27.3669  0.000e+00
      8.563   5.702413  1023.4204 1.0623e-01   260.0399     0.9678     5.3731     83.046 9.9065e-02    36.0403    27.3668  0.000e+00
      8.588   5.702501  1023.4213 1.0623e-01   260.0399     0.9678     5.3729     83.042 9.9065e-02    36.0412    27.3665  0.000e+00
      8.646   5.702568  1023.4221 1.0623e-01   259.9752     0.9678     5.3727     83.039 9.9375e-02    36.0418    27.3663  0.000e+00
      8.563   5.702568  1023.4215 1.0623e-01   259.9752     0.9678     5.3761     83.092 9.9375e-02    36.0417    27.3665  0.000e+00
      8.588   5.702575  1023.4219 1.3187e-01   158.1816     0.7847     5.3759     83.089 9.9375e-02    36.0419    27.3663  0.000e+00
      8.621   5.702612  1023.4221 1.3065e-01    31.4734     0.8763     5.3754     83.081 9.9065e-02    36.0421    27.3663  0.000e+00
      8.588   5.702627  1023.4221 1.2943e-01    -0.5596     0.9068     5.3749     83.073 9.9375e-02    36.0423    27.3663  0.000e+00
      8.621   5.702597  1023.4221 1.2943e-01     3.0644     0.8763     5.3744     83.065 9.9065e-02    36.0421    27.3663  0.000e+00
      8.646   5.702516  1023.4216 1.3065e-01     7.7884     0.8457     5.3737     83.055 9.9065e-02    36.0413    27.3665  0.000e+00
      8.563   5.702486  1023.4209 1.2943e-01     9.0180     0.8457     5.3729     83.042 9.9375e-02    36.0410    27.3666  0.000e+00
      8.712   5.702553  1023.4220 1.2943e-01     8.8885     0.8457     5.3723     83.033 9.9065e-02    36.0415    27.3665  0.000e+00
      8.621   5.702649  1023.4224 1.2943e-01     8.6944     0.8457     5.3716     83.023 9.9065e-02    36.0424    27.3663  0.000e+00
      8.588   5.702767  1023.4232 1.2943e-01     8.6944     0.8457     5.3747     83.071 9.9065e-02    36.0435    27.3659  0.000e+00
      8.621   5.702774  1023.4234 1.2943e-01     8.6297     0.8457     5.3702     83.001 9.9065e-02    36.0436    27.3659  0.000e+00
      8.646   5.702804  1023.4238 1.2821e-01     8.6944     0.8763     5.3733     83.050 9.9065e-02    36.0439    27.3658  0.000e+00
      8.646   5.702819  1023.4239 1.2821e-01     8.6297     0.8457     5.3728     83.041 9.9065e-02    36.0440    27.3657  0.000e+00
      8.679   5.702782  1023.4238 1.2821e-01     8.6297     0.8457     5.3682     82.970 9.9065e-02    36.0437    27.3658  0.000e+00
      8.646   5.702767  1023.4235 1.2698e-01     8.7591     0.8457     5.3674     82.958 9.9375e-02    36.0435    27.3659  0.000e+00
      8.621   5.702664  1023.4226 1.2821e-01     8.7591     0.8457     5.3666     82.946 9.9375e-02    36.0426    27.3661  0.000e+00
      8.646   5.702693  1023.4229 1.2821e-01     8.7591     0.8457     5.3660     82.936 9.9065e-02    36.0429    27.3661  0.000e+00
      8.679   5.702708  1023.4232 1.2821e-01     8.7591     0.8457     5.3653     82.925 9.9065e-02    36.0431    27.3659  0.000e+00
      8.646   5.702715  1023.4229 1.2943e-01     8.8238     0.8457     5.3604     82.850 9.9065e-02    36.0429    27.3663  0.000e+00
      8.621   5.702656  1023.4226 1.2943e-01     8.6944     0.8457     5.3636     82.899 9.9065e-02    36.0426    27.3661  0.000e+00
      8.646   5.702627  1023.4224 1.2943e-01     8.7591     0.8457     5.3589     82.826 9.9065e-02    36.0423    27.3663  0.000e+00
      8.679   5.702627  1023.4225 1.2943e-01     8.7591     0.8457     5.3540     82.750 9.9065e-02    36.0422    27.3663  0.000e+00
      8.646   5.702693  1023.4227 1.2943e-01     8.8238     0.8457     5.3570     82.796 9.9375e-02    36.0427    27.3663  0.000e+00
      8.744   5.702693  1023.4233 1.3065e-01     8.7591     0.8457     5.3522     82.723 9.9375e-02    36.0428    27.3661  0.000e+00
      8.646   5.702679  1023.4226 1.3065e-01     8.8238     0.8457     5.3513     82.709 9.9065e-02    36.0426    27.3663  0.000e+00
      8.711   5.702679  1023.4227 1.2943e-01     8.8238     0.8457     5.3504     82.696 9.9065e-02    36.0424    27.3665  0.000e+00
      8.678   5.702664  1023.4225 1.3187e-01   144.1388     0.7236     5.3457     82.623 9.9065e-02    36.0423    27.3665  0.000e+00
      8.645   5.702671  1023.4226 1.0623e-01   251.1742     0.9068     5.3446     82.605 9.9065e-02    36.0426    27.3663  0.000e+00
      8.678   5.702612  1023.4222 1.0379e-01   264.3110     0.9678     5.3439     82.595 9.9375e-02    36.0420    27.3665  0.000e+00
      8.645   5.702649  1023.4223 1.0379e-01   264.3110     0.9678     5.3352     82.460 9.9065e-02    36.0423    27.3665  0.000e+00
      8.744   5.702642  1023.4226 1.0379e-01   263.0815     0.9678     5.3342     82.444 9.9375e-02    36.0421    27.3665  0.000e+00
      8.645   5.702627  1023.4222 1.0501e-01   259.5222     0.9678     5.3250     82.303 9.9065e-02    36.0421    27.3665  0.000e+00
      8.744   5.702560  1023.4220 1.0623e-01   259.5869     0.9678     5.3234     82.278 9.9065e-02    36.0414    27.3667  0.000e+00
      8.711   5.702501  1023.4216 1.0623e-01   259.9105     0.9678     5.3180     82.194 9.9065e-02    36.0410    27.3666  0.000e+00
      8.744   5.702509  1023.4218 1.0623e-01   260.0399     0.9678     5.3085     82.047 9.9065e-02    36.0411    27.3667  0.000e+00
