WS23139_STN10_08CTD.cnv
* Sea-Bird SBE 9 Data File:
* FileName = C:\ctd\Cruise_Data\WS23139_Rosenheim\WS23139_Rosenheim_STN10.hex
* Software Version Seasave V 7.26.7.121
* Temperature SN = 4097 MTG 177
* Conductivity SN = 1851 MTG 053
* Number of Bytes Per Scan = 40
* Number of Voltage Words = 5
* Number of Scans Averaged by the Deck Unit = 1
* NMEA Latitude = 04 58.09 N
* NMEA Longitude = 051 40.43 W
* NMEA UTC (Time) = Jun 11 2023 18:29:24
** Ship:
** Station:
** Operator:
# nquan = 12
# nvalues = 16058                                 
# units = specified
# name 0 = depSM: Depth [salt water, m]
# name 1 = c0S/m: Conductivity [S/m]
# name 2 = density00: Density [density, kg/m^3]
# name 3 = flSP: Fluorescence, Seapoint
# name 4 = wetCDOM: Fluorescence, WET Labs CDOM [mg/m^3]
# name 5 = flECO-AFL: Fluorescence, WET Labs ECO-AFL/FL [mg/m^3]
# name 6 = sbeox0Mg/L: Oxygen, SBE 43 [mg/l]
# name 7 = sbeox0PS: Oxygen, SBE 43 [% saturation]
# name 8 = par: PAR/Irradiance, Biospherical/Licor [Watts/m^2]
# name 9 = sal00: Salinity, Practical [PSU]
# name 10 = t090C: Temperature [ITS-90, deg C]
# name 11 = flag:  0.000e+00
# span 0 =      2.034,     51.542                 
# span 1 =   4.729937,   5.716638                 
# span 2 =  1017.4492,  1024.3775                 
# span 3 = 3.2967e-02, 1.6606e-01                 
# span 4 =    -0.6890,   264.3110                 
# span 5 =     0.0826,     2.0667                 
# span 6 =     4.4128,     6.7145                 
# span 7 =     66.667,    101.432                 
# span 8 = 2.4159e-01, 9.3720e+02                 
# span 9 =    28.5757,    36.4551                 
# span 10 =    25.8614,    28.4190                
# span 11 = 0.0000e+00, 0.0000e+00                
# interval = seconds: 0.0416667
# start_time = Jun 11 2023 18:29:24 [NMEA time, header]
# bad_flag = -9.990e-29
*END*
[from data line 9745]
     47.488   5.594489  1024.3592 1.1966e-01    20.7310     0.2963     4.5168     68.238 1.1623e+00    36.4279    25.8626  0.000e+00
     47.488   5.594519  1024.3596 1.1966e-01    20.7957     0.2963     4.5168     68.238 1.1590e+00    36.4283    25.8623  0.000e+00
     47.480   5.594489  1024.3594 1.2088e-01    20.5369     0.2963     4.5167     68.237 1.1558e+00    36.4280    25.8624  0.000e+00
     47.488   5.594511  1024.3596 1.2088e-01    20.5369     0.2963     4.5169     68.240 1.1525e+00    36.4283    25.8623  0.000e+00
     47.480   5.594504  1024.3594 1.1966e-01    20.5369     0.2963     4.5171     68.243 1.1492e+00    36.4281    25.8624  0.000e+00
     47.488   5.594475  1024.3592 1.2088e-01    20.4722     0.2963     4.5173     68.246 1.1460e+00    36.4279    25.8625  0.000e+00
     47.546   5.594511  1024.3596 1.2088e-01    20.5369     0.2658     4.5173     68.245 1.1395e+00    36.4280    25.8626  0.000e+00
     47.546   5.594504  1024.3596 1.2088e-01    28.8202     0.2963     4.5172     68.244 1.1427e+00    36.4281    25.8625  0.000e+00
     47.546   5.594490  1024.3597 1.1966e-01   174.9423     0.2352     4.5174     68.247 1.1362e+00    36.4281    25.8623  0.000e+00
     47.546   5.594533  1024.3599 9.7680e-02   258.2280     0.1437     4.5173     68.246 1.1330e+00    36.4283    25.8624  0.000e+00
     47.546   5.594511  1024.3598 9.6459e-02   264.3110     0.1131     4.5175     68.248 1.1362e+00    36.4283    25.8623  0.000e+00
     47.604   5.594490  1024.3599 9.7680e-02   264.3110     0.1437     4.5136     68.189 1.1266e+00    36.4280    25.8624  0.000e+00
     47.604   5.594504  1024.3600 9.7680e-02   261.2048     0.1437     4.5174     68.247 1.1266e+00    36.4282    25.8623  0.000e+00
     47.604   5.594468  1024.3597 9.7680e-02   259.3281     0.1437     4.5173     68.246 1.1266e+00    36.4278    25.8624  0.000e+00
     47.604   5.594512  1024.3599 9.7680e-02   259.5222     0.1437     4.5175     68.248 1.1170e+00    36.4281    25.8625  0.000e+00
     47.604   5.594533  1024.3601 9.7680e-02   259.7164     0.1437     4.5176     68.250 1.1107e+00    36.4283    25.8624  0.000e+00
     47.670   5.594519  1024.3604 9.7680e-02   259.7811     0.1437     4.5134     68.187 1.1139e+00    36.4283    25.8623  0.000e+00
     47.661   5.594497  1024.3603 9.7680e-02   259.7811     0.1437     4.5131     68.183 1.0920e+00    36.4282    25.8623  0.000e+00
     47.670   5.594490  1024.3602 9.8901e-02   259.7811     0.1437     4.5128     68.178 1.0827e+00    36.4281    25.8623  0.000e+00
     47.727   5.594519  1024.3604 9.7680e-02   259.7811     0.1437     4.5125     68.174 1.0796e+00    36.4280    25.8626  0.000e+00
     47.727   5.594490  1024.3605 9.7680e-02   259.7811     0.1437     4.5166     68.235 1.0735e+00    36.4280    25.8623  0.000e+00
     47.727   5.594453  1024.3601 9.7680e-02   259.5869     0.1437     4.5124     68.171 1.0674e+00    36.4276    25.8625  0.000e+00
     47.785   5.594475  1024.3607 9.7680e-02   259.7811     0.1437     4.5121     68.167 1.0644e+00    36.4280    25.8623  0.000e+00
     47.727   5.594504  1024.3604 9.7680e-02   259.7811     0.1437     4.5118     68.162 1.0614e+00    36.4280    25.8625  0.000e+00
     47.793   5.594497  1024.3607 9.7680e-02   259.7811     0.1437     4.5117     68.162 1.0494e+00    36.4280    25.8624  0.000e+00
     47.843   5.594519  1024.3611 9.6459e-02   259.7811     0.1437     4.5117     68.161 1.0464e+00    36.4282    25.8623  0.000e+00
     47.793   5.594534  1024.3609 9.6459e-02   259.7811     0.1437     4.5114     68.156 1.0405e+00    36.4283    25.8624  0.000e+00
     47.793   5.594519  1024.3607 9.6459e-02   259.7811     0.1437     4.5111     68.152 1.0346e+00    36.4281    25.8625  0.000e+00
     47.785   5.594497  1024.3608 9.7680e-02   259.7811     0.1437     4.5069     68.089 1.0316e+00    36.4281    25.8623  0.000e+00
     47.851   5.594490  1024.3610 9.7680e-02   259.7811     0.1437     4.5067     68.085 1.0287e+00    36.4280    25.8623  0.000e+00
     47.843   5.594504  1024.3611 9.7680e-02   259.8458     0.1437     4.5065     68.082 1.0258e+00    36.4282    25.8623  0.000e+00
     47.851   5.594526  1024.3613 9.7680e-02   259.7811     0.1437     4.5060     68.075 1.0258e+00    36.4284    25.8622  0.000e+00
     47.851   5.594563  1024.3613 9.8901e-02   259.7811     0.1437     4.5097     68.130 1.0229e+00    36.4284    25.8624  0.000e+00
     47.843   5.594548  1024.3613 9.8901e-02   259.7811     0.1437     4.5055     68.068 1.0171e+00    36.4284    25.8623  0.000e+00
     47.851   5.594490  1024.3606 9.8901e-02   259.7811     0.1437     4.5053     68.065 1.0113e+00    36.4277    25.8627  0.000e+00
     47.843   5.594512  1024.3608 9.7680e-02   259.7811     0.1742     4.5010     68.000 1.0113e+00    36.4279    25.8626  0.000e+00
     47.851   5.594504  1024.3607 9.7680e-02   259.7811     0.1742     4.5048     68.057 1.0056e+00    36.4278    25.8627  0.000e+00
     47.851   5.594534  1024.3608 9.7680e-02   259.7811     0.2047     4.5044     68.051 1.0056e+00    36.4279    25.8628  0.000e+00
     47.843   5.594541  1024.3607 9.7680e-02   259.7811     0.2047     4.5041     68.046 1.0056e+00    36.4279    25.8629  0.000e+00
     47.794   5.594534  1024.3605 9.8901e-02   259.7811     0.2047     4.5037     68.040 1.0027e+00    36.4280    25.8628  0.000e+00
     47.909   5.594563  1024.3611 9.8901e-02   259.7811     0.2047     4.4995     67.978 1.0027e+00    36.4281    25.8629  0.000e+00
     47.794   5.594563  1024.3605 9.8901e-02   259.7811     0.1742     4.5033     68.034 1.0027e+00    36.4280    25.8630  0.000e+00
     47.794   5.594512  1024.3605 9.7680e-02   259.7811     0.1742     4.5030     68.030 1.0084e+00    36.4279    25.8627  0.000e+00
     47.843   5.594556  1024.3607 9.8901e-02   259.7811     0.1742     4.5030     68.030 1.0142e+00    36.4280    25.8630  0.000e+00
     47.794   5.594548  1024.3606 9.8901e-02   259.7811     0.1742     4.4988     67.967 1.0113e+00    36.4280    25.8629  0.000e+00
     47.785   5.594548  1024.3606 9.8901e-02   259.7811     0.1742     4.5027     68.025 1.0171e+00    36.4281    25.8628  0.000e+00
     47.794   5.594475  1024.3602 9.8901e-02   259.7811     0.1742     4.5027     68.026 1.0229e+00    36.4275    25.8629  0.000e+00
     47.794   5.594512  1024.3604 9.8901e-02   259.7811     0.2047     4.4986     67.964 1.0200e+00    36.4277    25.8629  0.000e+00
     47.785   5.594548  1024.3606 9.7680e-02   259.7811     0.2047     4.5026     68.024 1.0258e+00    36.4281    25.8628  0.000e+00
     47.728   5.594512  1024.3603 9.7680e-02   259.7811     0.1742     4.5027     68.025 1.0316e+00    36.4279    25.8627  0.000e+00
     47.728   5.594519  1024.3604 9.7680e-02   259.7811     0.2047     4.5028     68.026 1.0346e+00    36.4280    25.8626  0.000e+00
     47.728   5.594534  1024.3604 9.7680e-02   259.8458     0.1742     4.5029     68.028 1.0346e+00    36.4281    25.8627  0.000e+00
     47.670   5.594519  1024.3601 9.7680e-02   259.7811     0.1742     4.5030     68.030 1.0346e+00    36.4280    25.8626  0.000e+00
     47.728   5.594497  1024.3603 9.7680e-02   259.7811     0.1742     4.5032     68.033 1.0405e+00    36.4279    25.8625  0.000e+00
     47.670   5.594555  1024.3602 9.8901e-02   259.7811     0.1742     4.5033     68.035 1.0375e+00    36.4282    25.8628  0.000e+00
     47.670   5.594548  1024.3604 9.7680e-02   259.7811     0.1742     4.5035     68.038 1.0375e+00    36.4283    25.8625  0.000e+00
     47.604   5.594548  1024.3602 9.7680e-02   259.7811     0.1742     4.5037     68.040 1.0405e+00    36.4284    25.8624  0.000e+00
     47.604   5.594541  1024.3599 1.1233e-01   206.9105     0.2658     4.5039     68.044 1.0434e+00    36.4282    25.8627  0.000e+00
     47.662   5.594563  1024.3603 1.1966e-01    61.8238     0.2352     4.5042     68.048 1.0584e+00    36.4284    25.8626  0.000e+00
     47.546   5.594533  1024.3596 1.1966e-01    10.2475     0.2658     4.5044     68.051 1.0644e+00    36.4281    25.8627  0.000e+00
     47.604   5.594497  1024.3600 1.1966e-01     9.2768     0.2352     4.5045     68.053 1.0674e+00    36.4281    25.8623  0.000e+00
     47.546   5.594519  1024.3598 1.1966e-01    14.7774     0.2658     4.5048     68.057 1.0827e+00    36.4282    25.8624  0.000e+00
     47.489   5.594504  1024.3596 1.1966e-01    16.7835     0.2658     4.5051     68.061 1.0858e+00    36.4282    25.8623  0.000e+00
     47.604   5.594504  1024.3598 1.1966e-01    16.7835     0.2658     4.5055     68.067 1.0858e+00    36.4280    25.8626  0.000e+00
     47.423   5.594467  1024.3591 1.1966e-01    16.6541     0.2658     4.5057     68.071 1.1076e+00    36.4280    25.8623  0.000e+00
     47.546   5.594511  1024.3599 1.1966e-01    16.5247     0.2658     4.5059     68.074 1.1170e+00    36.4283    25.8623  0.000e+00
     47.423   5.594519  1024.3594 1.2088e-01    16.5247     0.2658     4.5060     68.075 1.1170e+00    36.4283    25.8623  0.000e+00
     47.489   5.594497  1024.3594 1.2088e-01    16.5247     0.2658     4.5062     68.078 1.1266e+00    36.4281    25.8624  0.000e+00
     47.423   5.594519  1024.3594 1.2088e-01    16.5247     0.2658     4.5063     68.080 1.1330e+00    36.4283    25.8623  0.000e+00
     47.357   5.594504  1024.3589 1.2088e-01    16.0070     0.2658     4.5067     68.086 1.1330e+00    36.4282    25.8624  0.000e+00
     47.423   5.594475  1024.3590 1.2088e-01     5.8470     0.2658     4.5111     68.152 1.1492e+00    36.4279    25.8625  0.000e+00
     47.357   5.594453  1024.3586 1.1966e-01    -0.0419     0.2352     4.5073     68.095 1.1590e+00    36.4278    25.8624  0.000e+00
     47.365   5.594475  1024.3589 1.1966e-01    -0.6890     0.2352     4.5076     68.098 1.1623e+00    36.4280    25.8623  0.000e+00
     47.299   5.594504  1024.3588 1.1966e-01    -0.4949     0.2352     4.5118     68.163 1.1690e+00    36.4283    25.8623  0.000e+00
     47.299   5.594497  1024.3587 1.1844e-01    -0.2360     0.2352     4.5082     68.108 1.1756e+00    36.4281    25.8624  0.000e+00
     47.299   5.594489  1024.3587 1.1966e-01    -0.1713     0.2352     4.5084     68.111 1.1790e+00    36.4282    25.8623  0.000e+00
     47.299   5.594489  1024.3586 1.1966e-01    -0.2360     0.2352     4.5086     68.114 1.1890e+00    36.4281    25.8624  0.000e+00
     47.241   5.594475  1024.3584 1.1966e-01    -0.2360     0.2352     4.5086     68.114 1.2060e+00    36.4281    25.8623  0.000e+00
     47.241   5.594482  1024.3585 1.1966e-01    -0.3654     0.2352     4.5086     68.114 1.2095e+00    36.4282    25.8623  0.000e+00
     47.175   5.594489  1024.3582 1.1966e-01    -0.1713     0.2352     4.5127     68.176 1.2163e+00    36.4282    25.8623  0.000e+00
     47.241   5.594489  1024.3587 1.1966e-01    -0.3007     0.2352     4.5130     68.180 1.2267e+00    36.4284    25.8621  0.000e+00
     47.184   5.594401  1024.3578 1.1966e-01    -0.2360     0.2352     4.5134     68.186 1.2302e+00    36.4276    25.8623  0.000e+00
     47.118   5.594460  1024.3579 1.2088e-01    95.6688     0.2352     4.5136     68.189 1.2372e+00    36.4281    25.8623  0.000e+00
     47.184   5.594460  1024.3581 1.0379e-01   233.3782     0.2352     4.5097     68.130 1.2513e+00    36.4280    25.8623  0.000e+00
     47.118   5.594460  1024.3579 9.7680e-02   264.3110     0.1742     4.5135     68.188 1.2549e+00    36.4281    25.8623  0.000e+00
     47.118   5.594453  1024.3578 9.7680e-02   264.3110     0.1742     4.5137     68.191 1.2620e+00    36.4280    25.8623  0.000e+00
     47.060   5.594511  1024.3577 9.6459e-02   264.3110     0.2047     4.5138     68.193 1.2801e+00    36.4283    25.8625  0.000e+00
     47.052   5.594467  1024.3576 9.6459e-02   259.5869     0.2352     4.5181     68.258 1.2837e+00    36.4281    25.8623  0.000e+00
     47.060   5.594460  1024.3576 9.6459e-02   259.3281     0.2352     4.5144     68.201 1.2837e+00    36.4280    25.8623  0.000e+00
     47.060   5.594416  1024.3574 9.6459e-02   259.6517     0.2352     4.5143     68.200 1.2947e+00    36.4278    25.8623  0.000e+00
     46.994   5.594431  1024.3570 9.6459e-02   259.7811     0.2352     4.5103     68.139 1.3020e+00    36.4277    25.8625  0.000e+00
     47.060   5.594460  1024.3575 9.7680e-02   259.7811     0.2352     4.5143     68.200 1.3094e+00    36.4279    25.8624  0.000e+00
     46.994   5.594453  1024.3573 9.7680e-02   259.7811     0.2352     4.5103     68.139 1.3206e+00    36.4280    25.8623  0.000e+00
     46.994   5.594445  1024.3571 9.7680e-02   259.7811     0.2352     4.5140     68.196 1.3281e+00    36.4279    25.8624  0.000e+00
     46.936   5.594445  1024.3568 9.7680e-02   259.7811     0.2352     4.5100     68.135 1.3281e+00    36.4278    25.8625  0.000e+00
     46.936   5.594460  1024.3570 9.8901e-02   259.7811     0.2352     4.5098     68.133 1.3433e+00    36.4280    25.8624  0.000e+00
     46.936   5.594416  1024.3568 9.8901e-02   259.7811     0.2352     4.5095     68.128 1.3548e+00    36.4278    25.8623  0.000e+00
     46.936   5.594460  1024.3570 9.8901e-02   259.7811     0.2352     4.5093     68.125 1.3586e+00    36.4280    25.8624  0.000e+00
     46.870   5.594460  1024.3568 9.7680e-02   259.7811     0.2352     4.5092     68.123 1.3702e+00    36.4281    25.8623  0.000e+00
     46.879   5.594423  1024.3564 9.7680e-02   259.7811     0.2352     4.5090     68.121 1.3780e+00    36.4276    25.8626  0.000e+00
     46.870   5.594438  1024.3567 9.7680e-02   259.7811     0.2352     4.5048     68.056 1.3819e+00    36.4279    25.8623  0.000e+00
     46.879   5.594474  1024.3568 9.7680e-02   259.7811     0.2352     4.5003     67.989 1.3858e+00    36.4281    25.8625  0.000e+00
     46.813   5.594438  1024.3563 9.7680e-02   259.7811     0.2352     4.5038     68.042 1.4016e+00    36.4279    25.8624  0.000e+00
     46.813   5.594438  1024.3564 9.7680e-02   259.7811     0.2352     4.4994     67.975 1.4016e+00    36.4280    25.8623  0.000e+00
     46.813   5.594445  1024.3564 9.6459e-02   259.8458     0.2352     4.4989     67.967 1.4096e+00    36.4279    25.8624  0.000e+00
     46.813   5.594379  1024.3560 9.7680e-02   259.7811     0.2352     4.5025     68.021 1.4216e+00    36.4274    25.8625  0.000e+00
     46.747   5.594299  1024.3553 9.7680e-02   259.7811     0.2352     4.4981     67.954 1.4216e+00    36.4269    25.8624  0.000e+00
     46.813   5.594431  1024.3562 9.7680e-02   259.7811     0.2352     4.4976     67.948 1.4297e+00    36.4278    25.8625  0.000e+00
     46.747   5.594460  1024.3562 9.7680e-02   259.7811     0.2352     4.4971     67.940 1.4378e+00    36.4280    25.8624  0.000e+00
     46.689   5.594460  1024.3559 9.8901e-02   259.7811     0.2352     4.4966     67.933 1.4419e+00    36.4280    25.8625  0.000e+00
     46.755   5.594452  1024.3562 9.8901e-02   259.7811     0.2352     4.4921     67.865 1.4419e+00    36.4280    25.8624  0.000e+00
     46.689   5.594445  1024.3558 9.7680e-02   259.7811     0.2352     4.4955     67.917 1.4501e+00    36.4279    25.8625  0.000e+00
     46.755   5.594474  1024.3565 9.7680e-02   259.7811     0.2047     4.4952     67.912 1.4583e+00    36.4283    25.8623  0.000e+00
     46.689   5.594438  1024.3558 9.6459e-02   259.7811     0.2047     4.4948     67.906 1.4583e+00    36.4278    25.8625  0.000e+00
     46.689   5.594438  1024.3558 9.6459e-02   259.7811     0.1742     4.4945     67.901 1.4666e+00    36.4278    25.8625  0.000e+00
     46.631   5.594445  1024.3556 9.6459e-02   259.7811     0.1742     4.4941     67.895 1.4666e+00    36.4280    25.8624  0.000e+00
     46.689   5.594460  1024.3561 9.6459e-02   259.7811     0.2047     4.4979     67.953 1.4708e+00    36.4282    25.8623  0.000e+00
     46.689   5.594452  1024.3559 9.7680e-02   259.7811     0.1742     4.4937     67.890 1.4833e+00    36.4280    25.8624  0.000e+00
     46.631   5.594445  1024.3557 9.7680e-02   259.7811     0.2047     4.4934     67.885 1.4876e+00    36.4281    25.8623  0.000e+00
