WS23139_STN18_17CTD.cnv
* Sea-Bird SBE 9 Data File:
* FileName = C:\ctd\Cruise_Data\WS23139_Rosenheim\WS23139_Rosenheim_STN18.hex
* Software Version Seasave V 7.26.7.121
* Temperature SN = 4097 MTG 177
* Conductivity SN = 1851 MTG 053
* Number of Bytes Per Scan = 40
* Number of Voltage Words = 5
* Number of Scans Averaged by the Deck Unit = 1
* NMEA Latitude = 06 07.22 N
* NMEA Longitude = 054 05.07 W
* NMEA UTC (Time) = Jun 16 2023 11:19:15
** Ship:
** Station:
** Operator:
# nquan = 12
# nvalues = 9812                                  
# units = specified
# name 0 = depSM: Depth [salt water, m]
# name 1 = c0S/m: Conductivity [S/m]
# name 2 = density00: Density [density, kg/m^3]
# name 3 = flSP: Fluorescence, Seapoint
# name 4 = wetCDOM: Fluorescence, WET Labs CDOM [mg/m^3]
# name 5 = flECO-AFL: Fluorescence, WET Labs ECO-AFL/FL [mg/m^3]
# name 6 = sbeox0Mg/L: Oxygen, SBE 43 [mg/l]
# name 7 = sbeox0PS: Oxygen, SBE 43 [% saturation]
# name 8 = par: PAR/Irradiance, Biospherical/Licor [Watts/m^2]
# name 9 = sal00: Salinity, Practical [PSU]
# name 10 = t090C: Temperature [ITS-90, deg C]
# name 11 = flag:  0.000e+00
# span 0 =      1.265,     19.229                 
# span 1 =   5.695598,   5.701014                 
# span 2 =  1023.4152,  1023.4976                 
# span 3 = 6.7155e-02, 1.2698e-01                 
# span 4 =    -0.6890,   264.3110                 
# span 5 =     0.2658,     0.6626                 
# span 6 =     3.9988,     5.5799                 
# span 7 =     61.760,     86.188                 
# span 8 = 9.8755e-02, 4.9647e+03                 
# span 9 =    36.0419,    36.0641                 
# span 10 =    27.2919,    27.3324                
# span 11 = 0.0000e+00, 0.0000e+00                
# interval = seconds: 0.0416667
# start_time = Jun 16 2023 11:19:15 [NMEA time, header]
# bad_flag = -9.990e-29
*END*
[from data line 9384]
      2.024   5.700365  1023.4182 1.1844e-01     3.2585     0.3573     5.5760     86.134 1.3022e+03    36.0580    27.3276  0.000e+00
      2.057   5.700409  1023.4185 1.1844e-01     3.1938     0.3573     5.5757     86.131 1.2986e+03    36.0582    27.3278  0.000e+00
      2.024   5.700468  1023.4186 1.1966e-01     3.1938     0.3268     5.5714     86.065 1.2949e+03    36.0587    27.3278  0.000e+00
      2.057   5.700505  1023.4190 1.1966e-01     3.1938     0.3573     5.5749     86.119 1.2913e+03    36.0589    27.3278  0.000e+00
      2.057   5.700453  1023.4185 1.1966e-01     3.1938     0.3573     5.5743     86.110 1.3394e+03    36.0584    27.3280  0.000e+00
      2.024   5.700431  1023.4183 1.1966e-01     3.3879     0.3573     5.5739     86.103 1.7347e+03    36.0582    27.3280  0.000e+00
      2.057   5.700468  1023.4188 1.1966e-01     3.7762     0.3268     5.5697     86.037 1.9632e+03    36.0587    27.3278  0.000e+00
      1.967   5.700446  1023.4181 1.1844e-01     3.8409     0.3268     5.5691     86.029 1.9687e+03    36.0584    27.3280  0.000e+00
      2.057   5.700431  1023.4184 1.1722e-01     3.8409     0.3268     5.5728     86.086 1.6491e+03    36.0582    27.3280  0.000e+00
      1.967   5.700431  1023.4179 1.1844e-01     3.8409     0.3268     5.5726     86.083 1.4862e+03    36.0581    27.3282  0.000e+00
      2.000   5.700402  1023.4180 1.1844e-01     3.8409     0.3268     5.5764     86.142 1.4696e+03    36.0580    27.3280  0.000e+00
      2.057   5.700453  1023.4184 1.1844e-01     3.8409     0.3268     5.5724     86.080 1.4696e+03    36.0583    27.3282  0.000e+00
      1.909   5.700379  1023.4174 1.1844e-01     3.8409     0.3268     5.5721     86.075 1.4572e+03    36.0578    27.3282  0.000e+00
      2.000   5.700446  1023.4181 1.1844e-01     3.8409     0.3268     5.5678     86.009 1.4572e+03    36.0582    27.3282  0.000e+00
      1.967   5.700446  1023.4179 1.1966e-01     3.8409     0.3268     5.5713     86.062 1.4248e+03    36.0582    27.3282  0.000e+00
      1.934   5.700431  1023.4177 1.1966e-01     3.8409     0.3268     5.5711     86.060 1.3971e+03    36.0581    27.3282  0.000e+00
      1.967   5.700431  1023.4179 1.1966e-01     3.8409     0.3268     5.5709     86.057 1.3892e+03    36.0581    27.3282  0.000e+00
      1.876   5.700431  1023.4175 1.1966e-01     2.7408     0.3268     5.5747     86.115 1.4369e+03    36.0582    27.3282  0.000e+00
      1.934   5.700402  1023.4174 1.1844e-01     0.4111     0.3268     5.5709     86.057 1.5072e+03    36.0578    27.3283  0.000e+00
      1.909   5.700357  1023.4171 1.1844e-01    -0.3007     0.3268     5.5706     86.052 1.5200e+03    36.0575    27.3283  0.000e+00
      1.934   5.700372  1023.4173 1.1844e-01    -0.2360     0.3268     5.5706     86.052 1.5072e+03    36.0576    27.3283  0.000e+00
      1.843   5.700387  1023.4171 1.1844e-01    -0.1713     0.3268     5.5704     86.049 1.4862e+03    36.0578    27.3282  0.000e+00
      1.876   5.700387  1023.4174 1.1966e-01    -0.1066     0.2963     5.5704     86.048 1.4779e+03    36.0580    27.3280  0.000e+00
      1.876   5.700416  1023.4176 1.1844e-01    -0.1713     0.3268     5.5705     86.050 1.5200e+03    36.0582    27.3280  0.000e+00
      1.909   5.700401  1023.4173 1.1844e-01    -0.1713     0.2963     5.5703     86.048 1.6353e+03    36.0578    27.3283  0.000e+00
      1.810   5.700387  1023.4168 1.1844e-01    -0.1713     0.3268     5.5701     86.045 1.6725e+03    36.0577    27.3283  0.000e+00
      1.843   5.700387  1023.4170 1.1966e-01    -0.1713     0.3268     5.5660     85.981 1.6399e+03    36.0577    27.3283  0.000e+00
      1.810   5.700387  1023.4171 1.1966e-01    -0.1713     0.2963     5.5656     85.975 1.5243e+03    36.0580    27.3280  0.000e+00
      1.785   5.700416  1023.4170 1.1844e-01    -0.1713     0.3268     5.5652     85.969 1.4862e+03    36.0581    27.3282  0.000e+00
      1.810   5.700365  1023.4169 1.1722e-01    -0.1713     0.3268     5.5691     86.028 1.5030e+03    36.0577    27.3282  0.000e+00
      1.752   5.700342  1023.4167 1.1722e-01    -0.1713     0.3268     5.5651     85.966 1.5944e+03    36.0577    27.3280  0.000e+00
      1.843   5.700306  1023.4173 1.1844e-01    -0.1713     0.3268     5.5690     86.026 1.6399e+03    36.0578    27.3274  0.000e+00
      1.752   5.700291  1023.4169 1.1844e-01    -0.1713     0.3268     5.5649     85.963 1.6491e+03    36.0578    27.3274  0.000e+00
      1.785   5.700283  1023.4173 1.1966e-01    -0.1713     0.3268     5.5646     85.958 1.6772e+03    36.0580    27.3271  0.000e+00
      1.752   5.700291  1023.4174 1.1844e-01    -0.1713     0.3268     5.5644     85.954 1.6962e+03    36.0582    27.3269  0.000e+00
      1.752   5.700291  1023.4174 1.1966e-01    -0.1713     0.3268     5.5642     85.951 1.6914e+03    36.0582    27.3269  0.000e+00
      1.785   5.700224  1023.4173 1.1844e-01    -0.1713     0.3268     5.5680     86.010 1.6125e+03    36.0578    27.3267  0.000e+00
      1.752   5.700232  1023.4174 1.1844e-01    -0.1713     0.3268     5.5680     86.009 1.5634e+03    36.0580    27.3265  0.000e+00
      1.727   5.700217  1023.4172 1.1844e-01    -0.1713     0.3268     5.5680     86.009 1.5546e+03    36.0579    27.3265  0.000e+00
      1.810   5.700165  1023.4175 1.1844e-01    -0.1713     0.3268     5.5678     86.006 1.6079e+03    36.0577    27.3263  0.000e+00
      1.727   5.700187  1023.4174 1.1844e-01    -0.1713     0.3268     5.5635     85.940 1.6538e+03    36.0580    27.3261  0.000e+00
      1.752   5.700165  1023.4175 1.1844e-01    -0.1713     0.3268     5.5633     85.936 1.6631e+03    36.0580    27.3260  0.000e+00
      1.752   5.700254  1023.4179 1.1844e-01    -0.1713     0.3268     5.5630     85.932 1.8716e+03    36.0585    27.3261  0.000e+00
      1.727   5.700224  1023.4175 1.1844e-01    -0.1713     0.3268     5.5667     85.990 2.1299e+03    36.0582    27.3263  0.000e+00
      1.752   5.700202  1023.4176 1.1844e-01    -0.1713     0.3268     5.5629     85.931 2.1907e+03    36.0581    27.3262  0.000e+00
      1.727   5.700165  1023.4176 1.1844e-01    -0.1713     0.3268     5.5667     85.988 2.0767e+03    36.0581    27.3258  0.000e+00
      1.810   5.700084  1023.4180 1.1844e-01    -0.1713     0.3573     5.5665     85.985 1.9303e+03    36.0580    27.3252  0.000e+00
      1.694   5.700062  1023.4177 1.1844e-01    -0.1713     0.3268     5.5624     85.921 1.8821e+03    36.0581    27.3249  0.000e+00
      1.785   5.700055  1023.4184 1.1844e-01    -0.1713     0.3573     5.5662     85.979 1.9249e+03    36.0583    27.3245  0.000e+00
      1.752   5.700055  1023.4183 1.1844e-01    -0.1066     0.3268     5.5663     85.981 1.9854e+03    36.0583    27.3245  0.000e+00
      1.727   5.700062  1023.4181 1.1844e-01    -0.1713     0.3268     5.5664     85.982 2.0078e+03    36.0583    27.3247  0.000e+00
      1.752   5.700091  1023.4181 1.1844e-01    -0.1713     0.3268     5.5663     85.981 2.0248e+03    36.0583    27.3249  0.000e+00
      1.727   5.700136  1023.4181 1.1844e-01    -0.1713     0.3268     5.5664     85.983 2.0651e+03    36.0585    27.3251  0.000e+00
      1.752   5.700187  1023.4182 1.1966e-01    -0.1713     0.3573     5.5665     85.985 2.0884e+03    36.0586    27.3254  0.000e+00
      1.752   5.700202  1023.4181 1.1966e-01    -0.1713     0.3268     5.5666     85.987 2.1121e+03    36.0586    27.3256  0.000e+00
      1.785   5.700099  1023.4178 1.1844e-01    -0.1713     0.3268     5.5666     85.986 2.2468e+03    36.0579    27.3254  0.000e+00
      1.752   5.700091  1023.4172 1.1844e-01    -0.1713     0.3268     5.5704     86.045 2.3044e+03    36.0575    27.3260  0.000e+00
      1.727   5.700173  1023.4173 1.1966e-01    -0.1713     0.3573     5.5706     86.050 2.2915e+03    36.0579    27.3261  0.000e+00
      1.810   5.700232  1023.4178 1.1844e-01    -0.1713     0.3268     5.5710     86.055 2.1907e+03    36.0582    27.3264  0.000e+00
      1.752   5.700217  1023.4173 1.1966e-01    -0.1713     0.3573     5.5714     86.062 2.1420e+03    36.0579    27.3265  0.000e+00
      1.785   5.700269  1023.4179 1.1844e-01    -0.1713     0.3573     5.5677     86.005 2.1180e+03    36.0585    27.3263  0.000e+00
      1.810   5.700291  1023.4176 1.1844e-01    -0.1713     0.3879     5.5678     86.006 1.7892e+03    36.0582    27.3269  0.000e+00
      1.785   5.700291  1023.4173 1.1722e-01    -0.1713     0.3879     5.5716     86.066 1.6170e+03    36.0580    27.3271  0.000e+00
      1.752   5.700291  1023.4172 1.1844e-01    -0.1713     0.3573     5.5678     86.008 1.5900e+03    36.0581    27.3271  0.000e+00
      1.843   5.700291  1023.4181 1.1844e-01    -0.1713     0.3573     5.5720     86.071 1.6079e+03    36.0584    27.3265  0.000e+00
      1.810   5.700187  1023.4179 1.1844e-01    -0.1713     0.3879     5.5683     86.013 1.6170e+03    36.0581    27.3260  0.000e+00
      1.810   5.700121  1023.4187 1.1844e-01    -0.1713     0.3573     5.5726     86.079 1.6170e+03    36.0587    27.3247  0.000e+00
      1.843   5.700106  1023.4188 1.1844e-01    -0.1713     0.3573     5.5689     86.021 1.8248e+03    36.0586    27.3247  0.000e+00
      1.876   5.700003  1023.4193 1.1844e-01    -0.1713     0.3573     5.5691     86.022 2.0535e+03    36.0586    27.3236  0.000e+00
      1.843   5.699900  1023.4196 1.1844e-01    -0.1713     0.3573     5.5692     86.023 2.1121e+03    36.0587    27.3225  0.000e+00
      1.876   5.699811  1023.4196 1.1966e-01    -0.1713     0.3573     5.5693     86.024 1.9687e+03    36.0584    27.3221  0.000e+00
      1.876   5.699752  1023.4200 1.1966e-01    -0.1713     0.3573     5.5694     86.025 1.8095e+03    36.0586    27.3214  0.000e+00
      1.909   5.699767  1023.4202 1.1844e-01    -0.1713     0.3879     5.5695     86.026 1.7692e+03    36.0586    27.3214  0.000e+00
      1.933   5.699782  1023.4203 1.1844e-01    -0.1713     0.3573     5.5696     86.027 1.7250e+03    36.0587    27.3214  0.000e+00
      1.966   5.699782  1023.4204 1.1844e-01    -0.1713     0.3573     5.5696     86.028 1.6445e+03    36.0586    27.3216  0.000e+00
      1.999   5.699811  1023.4203 1.1844e-01    -0.1713     0.3573     5.5655     85.964 1.6216e+03    36.0585    27.3219  0.000e+00
      1.966   5.699863  1023.4201 1.1844e-01    -0.1713     0.3573     5.5651     85.958 1.6491e+03    36.0586    27.3223  0.000e+00
      1.999   5.699841  1023.4200 1.1844e-01    -0.1713     0.3573     5.5647     85.953 1.7250e+03    36.0583    27.3225  0.000e+00
      1.999   5.699929  1023.4201 1.1844e-01    -0.1713     0.3573     5.5645     85.951 1.7494e+03    36.0586    27.3229  0.000e+00
      2.090   5.699966  1023.4208 1.1844e-01    -0.1713     0.3573     5.5682     86.008 1.7105e+03    36.0590    27.3227  0.000e+00
      2.057   5.700003  1023.4204 1.1844e-01    -0.1713     0.3573     5.5682     86.008 1.5415e+03    36.0589    27.3232  0.000e+00
      2.090   5.700114  1023.4203 1.1844e-01    -0.1713     0.3879     5.5640     85.945 1.4779e+03    36.0589    27.3241  0.000e+00
      2.115   5.700151  1023.4196 1.1844e-01    -0.1713     0.3879     5.5676     86.001 1.4946e+03    36.0583    27.3252  0.000e+00
      2.090   5.700320  1023.4194 1.1844e-01    -0.1713     0.3573     5.5633     85.936 1.5944e+03    36.0587    27.3263  0.000e+00
      2.115   5.700453  1023.4194 1.1844e-01    -0.1713     0.3573     5.5668     85.993 1.6445e+03    36.0589    27.3273  0.000e+00
      2.181   5.700483  1023.4192 1.1844e-01    -0.1713     0.3879     5.5628     85.932 1.6399e+03    36.0586    27.3280  0.000e+00
      2.148   5.700483  1023.4189 1.1844e-01    -0.1713     0.3879     5.5666     85.991 1.5030e+03    36.0584    27.3282  0.000e+00
      2.238   5.700549  1023.4194 1.1844e-01    -0.1713     0.4184     5.5627     85.931 1.4248e+03    36.0587    27.3283  0.000e+00
      2.214   5.700638  1023.4195 1.1722e-01    -0.1713     0.4184     5.5625     85.928 1.4208e+03    36.0591    27.3287  0.000e+00
      2.238   5.700638  1023.4191 1.1844e-01    -0.2360     0.4184     5.5621     85.923 1.3096e+03    36.0587    27.3293  0.000e+00
      2.238   5.700653  1023.4188 1.1844e-01    -0.1713     0.4184     5.5618     85.918 1.2345e+03    36.0585    27.3296  0.000e+00
      2.271   5.700697  1023.4190 1.1966e-01    38.5271     0.3879     5.5614     85.913 1.2241e+03    36.0587    27.3298  0.000e+00
      2.304   5.700712  1023.4188 1.1355e-01   199.5332     0.4184     5.5613     85.911 1.1572e+03    36.0583    27.3304  0.000e+00
      2.271   5.700749  1023.4188 9.7680e-02   264.3110     0.4184     5.5649     85.967 1.1032e+03    36.0586    27.3304  0.000e+00
      2.304   5.700763  1023.4190 9.6459e-02   264.3110     0.4184     5.5649     85.968 1.0909e+03    36.0587    27.3304  0.000e+00
      2.329   5.700763  1023.4191 9.6459e-02   264.3110     0.4184     5.5610     85.908 1.1251e+03    36.0587    27.3304  0.000e+00
      2.362   5.700756  1023.4191 9.7680e-02   260.4929     0.4184     5.5607     85.903 1.1637e+03    36.0585    27.3305  0.000e+00
      2.362   5.700756  1023.4192 9.6459e-02   259.3281     0.4184     5.5606     85.901 1.1736e+03    36.0586    27.3304  0.000e+00
      2.395   5.700763  1023.4194 9.6459e-02   259.5869     0.4184     5.5605     85.899 1.1902e+03    36.0587    27.3304  0.000e+00
      2.362   5.700763  1023.4195 9.6459e-02   259.8458     0.3879     5.5564     85.835 1.2241e+03    36.0588    27.3302  0.000e+00
      2.395   5.700727  1023.4196 9.6459e-02   259.9105     0.4184     5.5601     85.893 1.2345e+03    36.0587    27.3300  0.000e+00
      2.420   5.700749  1023.4194 9.6459e-02   259.9105     0.4184     5.5600     85.891 1.1769e+03    36.0585    27.3304  0.000e+00
      2.453   5.700793  1023.4195 9.6459e-02   259.8458     0.4184     5.5599     85.890 1.0458e+03    36.0586    27.3307  0.000e+00
      2.420   5.700808  1023.4192 9.7680e-02   260.2988     0.4184     5.5558     85.827 1.0054e+03    36.0585    27.3309  0.000e+00
      2.486   5.700778  1023.4192 1.2210e-01   121.1010     0.3573     5.5596     85.886 9.8585e+02    36.0582    27.3311  0.000e+00
      2.453   5.700793  1023.4191 1.1966e-01    16.1364     0.4184     5.5557     85.826 9.1379e+02    36.0583    27.3311  0.000e+00
      2.543   5.700808  1023.4196 1.1966e-01    -0.6890     0.3879     5.5597     85.888 8.8596e+02    36.0584    27.3311  0.000e+00
      2.453   5.700808  1023.4192 1.1966e-01     1.7701     0.4184     5.5639     85.952 8.8347e+02    36.0584    27.3311  0.000e+00
      2.543   5.700808  1023.4194 1.1966e-01     5.7823     0.4184     5.5603     85.898 8.5898e+02    36.0582    27.3313  0.000e+00
      2.453   5.700830  1023.4192 1.1966e-01     6.6883     0.4184     5.5563     85.835 8.4699e+02    36.0584    27.3313  0.000e+00
      2.543   5.700815  1023.4200 1.1844e-01     6.6883     0.4184     5.5602     85.895 8.5416e+02    36.0587    27.3307  0.000e+00
      2.543   5.700778  1023.4203 1.1844e-01     6.3647     0.4184     5.5605     85.899 9.1122e+02    36.0589    27.3302  0.000e+00
      2.452   5.700697  1023.4199 1.1844e-01     6.4294     0.3879     5.5606     85.899 9.4514e+02    36.0587    27.3296  0.000e+00
      2.543   5.700601  1023.4206 1.1844e-01     6.4294     0.4184     5.5610     85.905 9.4780e+02    36.0587    27.3287  0.000e+00
      2.576   5.700542  1023.4206 1.1844e-01     6.4294     0.4184     5.5611     85.906 8.8845e+02    36.0585    27.3285  0.000e+00
      2.419   5.700424  1023.4203 1.1844e-01     6.3647     0.4184     5.5614     85.909 8.5176e+02    36.0585    27.3274  0.000e+00
      2.518   5.700358  1023.4207 1.1844e-01     7.7884     0.4184     5.5616     85.912 8.4699e+02    36.0583    27.3271  0.000e+00
      2.485   5.700306  1023.4210 1.1844e-01    10.5064     0.4184     5.5618     85.913 8.1430e+02    36.0585    27.3263  0.000e+00
      2.452   5.700262  1023.4213 1.1966e-01    11.3476     0.4184     5.5619     85.915 7.8728e+02    36.0588    27.3256  0.000e+00
