WS23139_STN12_12CTD.cnv
* Sea-Bird SBE 9 Data File:
* FileName = C:\ctd\Cruise_Data\WS23139_Rosenheim\WS23139_Rosenheim_STN12.hex
* Software Version Seasave V 7.26.7.121
* Temperature SN = 4097 MTG 177
* Conductivity SN = 1851 MTG 053
* Number of Bytes Per Scan = 40
* Number of Voltage Words = 5
* Number of Scans Averaged by the Deck Unit = 1
* NMEA Latitude = 04 36.81 N
* NMEA Longitude = 051 40.80 W
* NMEA UTC (Time) = Jun 12 2023 01:31:55
** Ship:
** Station:
** Operator:
# nquan = 12
# nvalues = 7366                                  
# units = specified
# name 0 = depSM: Depth [salt water, m]
# name 1 = c0S/m: Conductivity [S/m]
# name 2 = density00: Density [density, kg/m^3]
# name 3 = flSP: Fluorescence, Seapoint
# name 4 = wetCDOM: Fluorescence, WET Labs CDOM [mg/m^3]
# name 5 = flECO-AFL: Fluorescence, WET Labs ECO-AFL/FL [mg/m^3]
# name 6 = sbeox0Mg/L: Oxygen, SBE 43 [mg/l]
# name 7 = sbeox0PS: Oxygen, SBE 43 [% saturation]
# name 8 = par: PAR/Irradiance, Biospherical/Licor [Watts/m^2]
# name 9 = sal00: Salinity, Practical [PSU]
# name 10 = t090C: Temperature [ITS-90, deg C]
# name 11 = flag:  0.000e+00
# span 0 =      1.824,      5.936                 
# span 1 =   4.128599,   5.632351                 
# span 2 =  1014.3432,  1023.1450                 
# span 3 = 1.1233e-01, 1.6606e-01                 
# span 4 =    -0.6890,   264.3110                 
# span 5 =     1.0594,     2.3109                 
# span 6 =     4.6268,     6.2771                 
# span 7 =     71.197,     93.375                 
# span 8 = 9.8755e-02, 3.6671e-01                 
# span 9 =    24.4879,    35.6374                 
# span 10 =    27.2422,    28.5610                
# span 11 = 0.0000e+00, 0.0000e+00                
# interval = seconds: 0.0416667
# start_time = Jun 12 2023 01:31:55 [NMEA time, header]
# bad_flag = -9.990e-29
*END*
[from data line 5414]
      5.415   5.620061  1023.0567 1.5995e-01     9.2768     1.9446     4.7337     72.833 9.9065e-02    35.5320    27.2656  0.000e+00
      5.382   5.620047  1023.0566 1.6117e-01     9.3415     1.9446     4.7337     72.833 9.9065e-02    35.5321    27.2654  0.000e+00
      5.481   5.620054  1023.0572 1.6117e-01     9.3415     1.9446     4.7336     72.831 9.9065e-02    35.5322    27.2652  0.000e+00
      5.448   5.620208  1023.0586 1.5995e-01     9.3415     1.9446     4.7334     72.828 9.9375e-02    35.5339    27.2645  0.000e+00
      5.415   5.620304  1023.0586 1.6117e-01     9.3415     1.9446     4.7331     72.824 9.9065e-02    35.5343    27.2648  0.000e+00
      5.448   5.620355  1023.0585 1.6117e-01     9.3415     1.9446     4.7369     72.883 9.9375e-02    35.5342    27.2654  0.000e+00
      5.415   5.620472  1023.0589 1.6117e-01     9.3415     1.9446     4.7328     72.820 9.9065e-02    35.5349    27.2656  0.000e+00
      5.415   5.620737  1023.0604 1.5873e-01     9.3415     1.9446     4.7326     72.819 9.9065e-02    35.5370    27.2654  0.000e+00
      5.448   5.620927  1023.0624 1.5629e-01     9.3415     1.9446     4.7326     72.818 9.9065e-02    35.5390    27.2645  0.000e+00
      5.415   5.620942  1023.0627 1.5507e-01     9.3415     1.9446     4.7325     72.816 9.9375e-02    35.5394    27.2641  0.000e+00
      5.448   5.621015  1023.0634 1.5507e-01     9.2768     2.0362     4.7324     72.815 9.9065e-02    35.5401    27.2639  0.000e+00
      5.358   5.621059  1023.0636 1.5507e-01     7.9178     2.0667     4.7363     72.874 9.9375e-02    35.5407    27.2636  0.000e+00
      5.448   5.621096  1023.0641 1.5507e-01     3.8409     2.0973     4.7324     72.815 9.9065e-02    35.5409    27.2636  0.000e+00
      5.415   5.621125  1023.0643 1.5629e-01     2.2231     2.0973     4.7323     72.813 9.9065e-02    35.5413    27.2634  0.000e+00
      5.448   5.621089  1023.0641 1.5751e-01     2.1584     2.0973     4.7364     72.876 9.9065e-02    35.5408    27.2636  0.000e+00
      5.415   5.621067  1023.0642 1.5751e-01     2.2878     2.0973     4.7327     72.818 9.9375e-02    35.5410    27.2632  0.000e+00
      5.448   5.621111  1023.0646 1.5873e-01     2.3525     2.0973     4.7325     72.816 9.9375e-02    35.5413    27.2632  0.000e+00
      5.358   5.621118  1023.0642 1.5873e-01     2.4819     2.0973     4.7325     72.816 9.9375e-02    35.5414    27.2632  0.000e+00
      5.506   5.621140  1023.0648 1.5873e-01     2.3525     2.0973     4.7325     72.815 9.9375e-02    35.5414    27.2634  0.000e+00
      5.415   5.621206  1023.0646 1.5873e-01     2.3525     2.0973     4.7324     72.815 9.9065e-02    35.5417    27.2636  0.000e+00
      5.382   5.621243  1023.0648 1.5751e-01     2.3525     2.0973     4.7325     72.815 9.9065e-02    35.5421    27.2634  0.000e+00
      5.415   5.621419  1023.0661 1.5751e-01     2.4172     2.0973     4.7325     72.817 9.9065e-02    35.5435    27.2632  0.000e+00
      5.382   5.621757  1023.0684 1.5629e-01     2.3525     2.0973     4.7323     72.814 9.9375e-02    35.5465    27.2625  0.000e+00
      5.415   5.622036  1023.0707 1.5507e-01     2.4172     2.0973     4.7324     72.815 9.9375e-02    35.5490    27.2617  0.000e+00
      5.448   5.622219  1023.0721 1.5629e-01     7.3354     2.0667     4.7284     72.754 9.9065e-02    35.5506    27.2614  0.000e+00
      5.415   5.622248  1023.0725 1.5751e-01    10.5711     2.0667     4.7280     72.748 9.9065e-02    35.5511    27.2610  0.000e+00
      5.382   5.622285  1023.0726 1.5873e-01    11.1535     2.0667     4.7319     72.807 9.9375e-02    35.5514    27.2610  0.000e+00
      5.415   5.622344  1023.0732 1.5873e-01    10.9594     2.0667     4.7279     72.747 9.9065e-02    35.5519    27.2608  0.000e+00
      5.448   5.622168  1023.0724 1.5873e-01    10.8299     2.0667     4.7276     72.741 9.9065e-02    35.5506    27.2608  0.000e+00
      5.357   5.622057  1023.0711 1.5751e-01    10.7652     2.0362     4.7274     72.738 9.9065e-02    35.5496    27.2612  0.000e+00
      5.448   5.621999  1023.0708 1.5629e-01    10.8946     2.0667     4.7273     72.737 9.9065e-02    35.5489    27.2616  0.000e+00
      5.415   5.621903  1023.0698 1.5507e-01    10.8299     2.0667     4.7272     72.735 9.9065e-02    35.5479    27.2619  0.000e+00
      5.382   5.621889  1023.0699 1.5507e-01    10.7652     2.0667     4.7271     72.733 9.9065e-02    35.5481    27.2616  0.000e+00
      5.357   5.621764  1023.0690 1.5629e-01    10.8299     2.0667     4.7308     72.789 9.9375e-02    35.5471    27.2617  0.000e+00
      5.448   5.621676  1023.0692 1.5751e-01    10.8299     2.0667     4.7309     72.791 9.9375e-02    35.5467    27.2614  0.000e+00
      5.415   5.621581  1023.0683 1.5751e-01    10.7652     2.0667     4.7310     72.792 9.9065e-02    35.5458    27.2617  0.000e+00
      5.382   5.621536  1023.0675 1.5629e-01     9.6004     2.0362     4.7310     72.793 9.9065e-02    35.5452    27.2621  0.000e+00
      5.357   5.621463  1023.0669 1.5629e-01     7.7237     2.0362     4.7351     72.856 9.9065e-02    35.5445    27.2623  0.000e+00
      5.382   5.621419  1023.0666 1.5629e-01     7.2060     2.0362     4.7312     72.796 9.9375e-02    35.5441    27.2625  0.000e+00
      5.357   5.621360  1023.0662 1.5751e-01     7.2060     2.0362     4.7310     72.793 9.9375e-02    35.5437    27.2625  0.000e+00
      5.448   5.621309  1023.0659 1.5873e-01     7.2707     2.0362     4.7311     72.795 9.9065e-02    35.5430    27.2628  0.000e+00
      5.357   5.621250  1023.0653 1.5873e-01     7.3354     2.0362     4.7310     72.792 9.9375e-02    35.5426    27.2628  0.000e+00
      5.382   5.621214  1023.0652 1.5873e-01     7.3354     2.0362     4.7308     72.790 9.9065e-02    35.5423    27.2628  0.000e+00
      5.357   5.621272  1023.0651 1.5751e-01     7.3354     2.0362     4.7308     72.790 9.9065e-02    35.5425    27.2632  0.000e+00
      5.324   5.621316  1023.0653 1.5507e-01     7.3354     2.0362     4.7308     72.790 9.9065e-02    35.5429    27.2630  0.000e+00
      5.357   5.621302  1023.0655 1.5385e-01     7.3354     2.0362     4.7309     72.791 9.9065e-02    35.5430    27.2628  0.000e+00
      5.382   5.621294  1023.0656 1.5263e-01     7.2707     2.0362     4.7310     72.792 9.9375e-02    35.5429    27.2628  0.000e+00
      5.357   5.621280  1023.0656 1.5263e-01     7.3354     2.0362     4.7310     72.793 9.9065e-02    35.5430    27.2626  0.000e+00
      5.324   5.621316  1023.0657 1.5385e-01     7.3354     2.0362     4.7348     72.851 9.9375e-02    35.5432    27.2626  0.000e+00
      5.357   5.621338  1023.0659 1.5385e-01     6.8177     2.0362     4.7311     72.794 9.9065e-02    35.5434    27.2626  0.000e+00
      5.324   5.621360  1023.0657 1.5385e-01     6.5589     2.0362     4.7351     72.855 9.9375e-02    35.5434    27.2628  0.000e+00
      5.300   5.621250  1023.0652 1.5385e-01     6.5589     2.0362     4.7353     72.858 9.9375e-02    35.5428    27.2626  0.000e+00
      5.324   5.621236  1023.0650 1.5507e-01     6.5589     2.0362     4.7395     72.924 9.9065e-02    35.5425    27.2628  0.000e+00
      5.300   5.621302  1023.0651 1.5507e-01     6.5589     2.0362     4.7319     72.806 9.9065e-02    35.5428    27.2630  0.000e+00
      5.324   5.621272  1023.0654 1.5507e-01     6.5589     2.0362     4.7361     72.871 9.9065e-02    35.5429    27.2626  0.000e+00
      5.300   5.621221  1023.0647 1.5507e-01     6.6236     2.0362     4.7323     72.812 9.9065e-02    35.5423    27.2630  0.000e+00
      5.267   5.621140  1023.0640 1.5629e-01     6.6236     2.0362     4.7363     72.874 9.9375e-02    35.5416    27.2632  0.000e+00
      5.300   5.621096  1023.0640 1.5629e-01     6.6236     2.0362     4.7365     72.877 9.9375e-02    35.5414    27.2630  0.000e+00
      5.300   5.621074  1023.0636 1.5507e-01     6.6236     2.0362     4.7366     72.879 9.9065e-02    35.5410    27.2634  0.000e+00
      5.267   5.620788  1023.0614 1.5385e-01     6.5589     2.0362     4.7368     72.882 9.9065e-02    35.5385    27.2639  0.000e+00
      5.234   5.620230  1023.0575 1.5385e-01     6.6236     2.0362     4.7372     72.887 9.9375e-02    35.5338    27.2648  0.000e+00
      5.201   5.619988  1023.0555 1.5507e-01     5.1352     2.0362     4.7374     72.889 9.9065e-02    35.5317    27.2654  0.000e+00
      5.234   5.619959  1023.0554 1.5629e-01     3.7762     2.0057     4.7375     72.892 9.9375e-02    35.5313    27.2656  0.000e+00
      5.267   5.619981  1023.0556 1.5629e-01     3.4526     1.9446     4.7379     72.898 9.9375e-02    35.5315    27.2656  0.000e+00
      5.176   5.619834  1023.0543 1.5629e-01     3.4526     1.9141     4.7340     72.837 9.9065e-02    35.5303    27.2658  0.000e+00
      5.201   5.619570  1023.0526 1.5751e-01     3.5821     1.9141     4.7380     72.898 9.9375e-02    35.5282    27.2661  0.000e+00
      5.176   5.619526  1023.0521 1.5629e-01     3.7115     1.9446     4.7421     72.962 9.9065e-02    35.5277    27.2663  0.000e+00
      5.201   5.619628  1023.0530 1.5507e-01     3.5821     1.9446     4.7385     72.905 9.9065e-02    35.5286    27.2661  0.000e+00
      5.176   5.619672  1023.0531 1.5385e-01     3.5821     1.9446     4.7385     72.907 9.9375e-02    35.5289    27.2661  0.000e+00
      5.143   5.619577  1023.0523 1.5385e-01     3.5821     1.9446     4.7386     72.908 9.9375e-02    35.5281    27.2663  0.000e+00
      5.176   5.619291  1023.0504 1.5385e-01     3.5821     1.9446     4.7388     72.910 9.9065e-02    35.5256    27.2669  0.000e+00
      5.143   5.619012  1023.0483 1.5629e-01     3.5821     1.9446     4.7389     72.911 9.9375e-02    35.5232    27.2674  0.000e+00
      5.110   5.618880  1023.0473 1.5751e-01     3.5821     1.9446     4.7389     72.912 9.9065e-02    35.5221    27.2676  0.000e+00
      5.143   5.618719  1023.0462 1.5751e-01     3.5821     1.9446     4.7428     72.972 9.9375e-02    35.5207    27.2680  0.000e+00
      5.110   5.618491  1023.0449 1.5629e-01     3.7115     1.9446     4.7429     72.972 9.9065e-02    35.5191    27.2680  0.000e+00
      5.085   5.618227  1023.0432 1.5629e-01     3.6468     1.9446     4.7431     72.975 9.9375e-02    35.5171    27.2681  0.000e+00
      5.110   5.618095  1023.0421 1.5629e-01     3.5821     1.9446     4.7391     72.913 9.9375e-02    35.5157    27.2687  0.000e+00
      5.085   5.617794  1023.0399 1.5629e-01     3.6468     1.9141     4.7389     72.910 9.9065e-02    35.5132    27.2693  0.000e+00
      5.052   5.617486  1023.0376 1.5629e-01     3.6468     1.9141     4.7387     72.906 9.9065e-02    35.5106    27.2698  0.000e+00
      5.085   5.617009  1023.0344 1.5751e-01     3.6468     1.9446     4.7425     72.963 9.9065e-02    35.5065    27.2707  0.000e+00
      5.052   5.616701  1023.0322 1.5751e-01     3.7115     1.9446     4.7384     72.900 9.9065e-02    35.5040    27.2711  0.000e+00
      5.085   5.616576  1023.0310 1.5873e-01     3.6468     1.9446     4.7381     72.896 9.9375e-02    35.5025    27.2718  0.000e+00
      5.052   5.616518  1023.0304 1.5751e-01     3.6468     1.9446     4.7420     72.956 9.9375e-02    35.5020    27.2720  0.000e+00
      5.019   5.616598  1023.0302 1.5751e-01     3.6468     1.9446     4.7380     72.895 9.9375e-02    35.5022    27.2725  0.000e+00
      4.995   5.616738  1023.0314 1.5629e-01     3.6468     1.9141     4.7378     72.892 9.9065e-02    35.5036    27.2720  0.000e+00
      5.085   5.616745  1023.0319 1.5629e-01     3.6468     1.9446     4.7417     72.953 9.9375e-02    35.5037    27.2718  0.000e+00
      4.995   5.616598  1023.0306 1.5629e-01     3.4526     1.9446     4.7420     72.956 9.9375e-02    35.5026    27.2720  0.000e+00
      5.019   5.616341  1023.0290 1.5629e-01     3.3879     1.9446     4.7420     72.957 9.9065e-02    35.5005    27.2724  0.000e+00
      4.995   5.616165  1023.0273 1.5751e-01     3.3879     1.9446     4.7420     72.957 9.9375e-02    35.4987    27.2731  0.000e+00
      5.019   5.616033  1023.0265 1.5751e-01     3.3879     1.9752     4.7421     72.957 9.9065e-02    35.4976    27.2733  0.000e+00
      4.995   5.615960  1023.0255 1.5873e-01     3.3879     2.0057     4.7460     73.018 9.9065e-02    35.4966    27.2739  0.000e+00
      4.929   5.616077  1023.0262 1.5873e-01     3.3879     2.0057     4.7381     72.897 9.9065e-02    35.4978    27.2734  0.000e+00
      5.019   5.616371  1023.0287 1.5873e-01     3.3879     2.0057     4.7379     72.893 9.9065e-02    35.5003    27.2729  0.000e+00
      4.995   5.616826  1023.0318 1.5995e-01     3.3879     2.0057     4.7416     72.951 9.9375e-02    35.5042    27.2720  0.000e+00
      4.962   5.617060  1023.0335 1.5873e-01     3.3879     2.0057     4.7375     72.888 9.9065e-02    35.5063    27.2714  0.000e+00
      4.995   5.617163  1023.0345 1.5873e-01     3.3879     2.0057     4.7372     72.884 9.9065e-02    35.5073    27.2711  0.000e+00
      4.962   5.617222  1023.0350 1.5751e-01     3.3879     2.0057     4.7369     72.879 9.9065e-02    35.5080    27.2707  0.000e+00
      4.995   5.617200  1023.0350 1.5751e-01     3.4526     2.0057     4.7408     72.939 9.9065e-02    35.5079    27.2707  0.000e+00
      4.962   5.617163  1023.0345 1.5873e-01     2.9996     2.0057     4.7367     72.876 9.9375e-02    35.5075    27.2709  0.000e+00
      4.929   5.617046  1023.0339 1.5995e-01     2.5467     2.0057     4.7366     72.874 9.9375e-02    35.5068    27.2707  0.000e+00
      4.962   5.616833  1023.0327 1.6117e-01     2.4819     1.9752     4.7365     72.872 9.9065e-02    35.5051    27.2709  0.000e+00
      4.995   5.616576  1023.0310 1.5995e-01     2.4819     2.0057     4.7367     72.874 9.9065e-02    35.5029    27.2714  0.000e+00
      4.896   5.616393  1023.0288 1.5873e-01     2.4819     2.0057     4.7403     72.930 9.9065e-02    35.5009    27.2724  0.000e+00
      4.995   5.616290  1023.0285 1.5751e-01     2.4819     2.0057     4.7405     72.932 9.9375e-02    35.5000    27.2725  0.000e+00
      4.962   5.616268  1023.0276 1.5629e-01     2.4819     2.0057     4.7403     72.930 9.9065e-02    35.4993    27.2733  0.000e+00
      4.929   5.616334  1023.0283 1.5507e-01     2.5467     2.0057     4.7443     72.992 9.9375e-02    35.5002    27.2727  0.000e+00
      4.896   5.616363  1023.0280 1.5507e-01     2.4819     2.0057     4.7405     72.934 9.9065e-02    35.5001    27.2731  0.000e+00
      4.995   5.616356  1023.0284 1.5629e-01     2.5467     2.0057     4.7406     72.935 9.9065e-02    35.5000    27.2731  0.000e+00
      4.896   5.616363  1023.0281 1.5629e-01     2.4172     2.0057     4.7406     72.935 9.9065e-02    35.5003    27.2729  0.000e+00
      4.929   5.616363  1023.0284 1.5751e-01     2.4172     2.0057     4.7406     72.935 9.9375e-02    35.5004    27.2727  0.000e+00
      4.962   5.616297  1023.0282 1.5873e-01     2.4819     2.0057     4.7407     72.936 9.9065e-02    35.4999    27.2727  0.000e+00
      4.929   5.616202  1023.0269 1.5751e-01     2.7408     1.9752     4.7406     72.936 9.9065e-02    35.4987    27.2734  0.000e+00
      4.962   5.616107  1023.0260 1.5751e-01     2.8702     2.0057     4.7406     72.936 9.9065e-02    35.4976    27.2740  0.000e+00
      4.929   5.616019  1023.0254 1.5629e-01     2.8702     2.0057     4.7444     72.994 9.9375e-02    35.4969    27.2740  0.000e+00
      4.896   5.616026  1023.0250 1.5629e-01     2.8702     2.0057     4.7365     72.872 9.9375e-02    35.4967    27.2744  0.000e+00
      4.929   5.616070  1023.0257 1.5629e-01     2.9349     2.0667     4.7365     72.872 9.9065e-02    35.4973    27.2740  0.000e+00
      4.896   5.616048  1023.0254 1.5629e-01     2.9349     2.0973     4.7403     72.930 9.9375e-02    35.4971    27.2740  0.000e+00
      4.929   5.616173  1023.0264 1.5873e-01     2.9996     2.0973     4.7402     72.930 9.9065e-02    35.4982    27.2738  0.000e+00
      4.871   5.616290  1023.0266 1.5873e-01     2.9349     2.0973     4.7401     72.928 9.9065e-02    35.4989    27.2740  0.000e+00
