WS23139_Mystery_STN1.cnv
* Sea-Bird SBE 9 Data File:
* FileName = C:\ctd\Cruise_Data\WS23139_Rosenheim\WS23139_Rosenheim_STN1.hex
* Software Version Seasave V 7.26.7.121
* Temperature SN = 4097 MTG 177
* Conductivity SN = 1851 MTG 053
* Number of Bytes Per Scan = 40
* Number of Voltage Words = 5
* Number of Scans Averaged by the Deck Unit = 1
* NMEA Latitude = 02 40.39 N
* NMEA Longitude = 048 15.75 W
* NMEA UTC (Time) = Oct 22 2003  13:25:02
** Ship:
** Station:
** Operator:
# nquan = 12
# nvalues = 927                                   
# units = specified
# name 0 = depSM: Depth [salt water, m]
# name 1 = c0S/m: Conductivity [S/m]
# name 2 = density00: Density [density, kg/m^3]
# name 3 = flSP: Fluorescence, Seapoint
# name 4 = wetCDOM: Fluorescence, WET Labs CDOM [mg/m^3]
# name 5 = flECO-AFL: Fluorescence, WET Labs ECO-AFL/FL [mg/m^3]
# name 6 = sbeox0Mg/L: Oxygen, SBE 43 [mg/l]
# name 7 = sbeox0PS: Oxygen, SBE 43 [% saturation]
# name 8 = par: PAR/Irradiance, Biospherical/Licor [Watts/m^2]
# name 9 = sal00: Salinity, Practical [PSU]
# name 10 = t090C: Temperature [ITS-90, deg C]
# name 11 = flag:  0.000e+00
# span 0 =      2.310,      2.898                 
# span 1 =   5.854067,   5.860601                 
# span 2 =  1022.8902,  1022.9158                 
# span 3 = 8.5470e-02, 1.1477e-01                 
# span 4 =    -0.6890,   264.3110                 
# span 5 =    -0.1311,     0.0826                 
# span 6 =     5.4028,     6.1843                 
# span 7 =     85.522,     97.829                 
# span 8 = 7.2973e+02, 4.9368e+03                 
# span 9 =    36.0158,    36.0286                 
# span 10 =    28.7867,    28.8501                
# span 11 = 0.0000e+00, 0.0000e+00                
# interval = seconds: 0.0416667
# start_time = Oct 22 2003 13:25:02 [NMEA time, header]
# bad_flag = -9.990e-29
*END*
[from data line 121]
      2.417   5.860160  1022.8940 1.0989e-01    19.0485     0.0216     5.9257     93.810 3.6134e+03    36.0218    28.8443  0.000e+00
      2.483   5.860175  1022.8945 1.1111e-01    18.7249     0.0216     5.9263     93.819 3.9871e+03    36.0220    28.8442  0.000e+00
      2.392   5.860183  1022.8950 1.1111e-01    18.5955     0.0216     5.9269     93.827 2.8214e+03    36.0228    28.8433  0.000e+00
      2.483   5.860205  1022.8965 1.1111e-01    18.5955     0.0216     5.9273     93.832 1.6307e+03    36.0238    28.8422  0.000e+00
      2.450   5.860145  1022.8971 1.1111e-01    18.5955     0.0216     5.9278     93.839 1.3971e+03    36.0242    28.8410  0.000e+00
      2.483   5.860153  1022.8976 1.1111e-01    18.5955     0.0216     5.9358     93.966 1.3507e+03    36.0245    28.8407  0.000e+00
      2.450   5.860101  1022.8979 1.1111e-01    18.5955     0.0216     5.9366     93.976 1.2207e+03    36.0247    28.8399  0.000e+00
      2.417   5.860108  1022.8981 1.1111e-01    18.5955     0.0216     5.9411     94.048 1.1802e+03    36.0251    28.8396  0.000e+00
      2.507   5.859981  1022.8983 1.0989e-01    18.5955     0.0216     5.9382     94.000 1.4049e+03    36.0246    28.8390  0.000e+00
      2.540   5.859869  1022.8982 1.0989e-01    35.8739     0.0216     5.9390     94.012 2.5859e+03    36.0241    28.8386  0.000e+00
      2.540   5.859757  1022.8981 1.0623e-01   186.4612    -0.0090     5.9434     94.081 3.2564e+03    36.0237    28.8381  0.000e+00
      2.450   5.859779  1022.8982 8.7912e-02   260.8165    -0.1311     5.9440     94.090 3.1930e+03    36.0242    28.8377  0.000e+00
      2.540   5.859824  1022.8993 8.7912e-02   264.3110    -0.1311     5.9446     94.100 2.7432e+03    36.0249    28.8372  0.000e+00
      2.507   5.859839  1022.9001 8.6691e-02   264.3110    -0.1311     5.9489     94.166 2.5787e+03    36.0257    28.8362  0.000e+00
      2.540   5.859794  1022.9008 8.6691e-02   260.9459    -0.1311     5.9496     94.175 2.5642e+03    36.0261    28.8353  0.000e+00
      2.573   5.859720  1022.9009 8.6691e-02   259.3281    -0.1311     5.9503     94.187 2.4861e+03    36.0258    28.8350  0.000e+00
      2.606   5.859682  1022.9008 8.7912e-02   259.5869    -0.1311     5.9509     94.195 2.4377e+03    36.0256    28.8349  0.000e+00
      2.573   5.859660  1022.9002 8.7912e-02   259.9105    -0.1311     5.9512     94.201 2.4240e+03    36.0251    28.8353  0.000e+00
      2.606   5.859585  1022.8996 8.7912e-02   259.9105    -0.1311     5.9554     94.268 1.9966e+03    36.0243    28.8357  0.000e+00
      2.573   5.859511  1022.8988 8.9133e-02   259.9105    -0.1311     5.9559     94.275 1.7692e+03    36.0235    28.8361  0.000e+00
      2.606   5.859473  1022.8987 8.7912e-02   259.9752    -0.1311     5.9563     94.281 1.7396e+03    36.0233    28.8361  0.000e+00
      2.664   5.859488  1022.8990 8.7912e-02   259.9105    -0.1311     5.9606     94.351 1.7792e+03    36.0233    28.8361  0.000e+00
      2.631   5.859503  1022.8990 8.7912e-02   259.9105    -0.1311     5.9612     94.360 1.8095e+03    36.0235    28.8361  0.000e+00
      2.664   5.859458  1022.8987 8.7912e-02   259.9105    -0.1311     5.9614     94.362 1.8095e+03    36.0230    28.8363  0.000e+00
      2.573   5.859533  1022.8991 8.7912e-02   259.9752    -0.1311     5.9613     94.362 1.9742e+03    36.0238    28.8359  0.000e+00
      2.722   5.859541  1022.8997 8.7912e-02   259.9105    -0.1311     5.9577     94.304 2.1540e+03    36.0238    28.8359  0.000e+00
      2.631   5.859518  1022.8994 8.6691e-02   259.9105    -0.1311     5.9692     94.485 2.1968e+03    36.0238    28.8357  0.000e+00
      2.722   5.859473  1022.8994 8.7912e-02   259.9105    -0.1311     5.9696     94.492 2.5143e+03    36.0234    28.8359  0.000e+00
      2.631   5.859443  1022.8992 8.7912e-02   259.9105    -0.1311     5.9700     94.497 3.0525e+03    36.0235    28.8355  0.000e+00
      2.722   5.859458  1022.9003 8.7912e-02   259.9105    -0.1311     5.9663     94.439 3.2020e+03    36.0241    28.8348  0.000e+00
      2.722   5.859443  1022.9010 8.7912e-02   259.9105    -0.1311     5.9740     94.560 2.8453e+03    36.0247    28.8339  0.000e+00
      2.631   5.859458  1022.9009 8.7912e-02   259.9105    -0.1311     5.9704     94.502 2.2659e+03    36.0250    28.8337  0.000e+00
      2.722   5.859414  1022.9009 8.7912e-02   259.9105    -0.1311     5.9666     94.442 2.1240e+03    36.0245    28.8338  0.000e+00
      2.755   5.859339  1022.9006 8.7912e-02   259.9752    -0.1311     5.9703     94.501 1.9034e+03    36.0239    28.8339  0.000e+00
      2.664   5.859272  1022.8998 8.9133e-02   259.9105    -0.1311     5.9742     94.562 1.3698e+03    36.0234    28.8340  0.000e+00
      2.697   5.859272  1022.8994 8.9133e-02   259.9105    -0.1311     5.9780     94.623 1.2139e+03    36.0229    28.8346  0.000e+00
      2.722   5.859234  1022.8994 8.7912e-02   259.9752    -0.1005     5.9666     94.442 1.3622e+03    36.0228    28.8344  0.000e+00
      2.697   5.859249  1022.8996 8.7912e-02   259.9752    -0.0700     5.9701     94.497 2.2531e+03    36.0231    28.8342  0.000e+00
      2.722   5.859197  1022.8999 8.7912e-02   259.9752    -0.0700     5.9737     94.554 2.7509e+03    36.0231    28.8337  0.000e+00
      2.697   5.859197  1022.8998 8.7912e-02   259.9105    -0.0700     5.9735     94.550 2.7355e+03    36.0231    28.8337  0.000e+00
      2.722   5.859182  1022.8992 8.7912e-02   259.9752    -0.1005     5.9693     94.484 2.3701e+03    36.0225    28.8344  0.000e+00
      2.722   5.859160  1022.8977 8.7912e-02   259.9105    -0.0700     5.9766     94.601 2.2217e+03    36.0212    28.8359  0.000e+00
      2.697   5.859174  1022.8972 8.7912e-02   259.9105    -0.0700     5.9725     94.538 2.1784e+03    36.0209    28.8364  0.000e+00
      2.721   5.859197  1022.8971 8.9133e-02   259.9105    -0.0700     5.9684     94.474 1.4779e+03    36.0207    28.8368  0.000e+00
      2.697   5.859182  1022.8972 8.7912e-02   259.9105    -0.1005     5.9715     94.522 1.1703e+03    36.0209    28.8364  0.000e+00
      2.721   5.859197  1022.8977 8.7912e-02   259.9752    -0.0700     5.9671     94.452 1.1378e+03    36.0213    28.8361  0.000e+00
      2.697   5.859219  1022.8979 8.7912e-02   256.5454    -0.0700     5.9741     94.562 1.8768e+03    36.0216    28.8359  0.000e+00
      2.664   5.859189  1022.8980 1.1111e-01   109.7115     0.0521     5.9697     94.492 2.6597e+03    36.0217    28.8355  0.000e+00
      2.754   5.859197  1022.8986 1.0867e-01     8.7591     0.0521     5.9653     94.423 2.8135e+03    36.0219    28.8353  0.000e+00
      2.664   5.859219  1022.8981 1.0867e-01    -0.6890     0.0521     5.9723     94.534 2.4931e+03    36.0219    28.8355  0.000e+00
      2.697   5.859204  1022.8989 1.0867e-01    -0.6890     0.0521     5.9643     94.406 2.2468e+03    36.0223    28.8348  0.000e+00
      2.721   5.859257  1022.8989 1.0867e-01    -0.1713     0.0521     5.9635     94.393 2.2092e+03    36.0224    28.8351  0.000e+00
      2.721   5.859219  1022.8989 1.0867e-01     1.3171     0.0521     5.9588     94.319 2.3568e+03    36.0223    28.8349  0.000e+00
      2.697   5.859219  1022.8984 1.0867e-01     1.6407     0.0521     5.9654     94.424 2.5427e+03    36.0220    28.8353  0.000e+00
      2.664   5.859174  1022.8979 1.0867e-01     1.6407     0.0521     5.9649     94.417 2.5932e+03    36.0216    28.8355  0.000e+00
      2.754   5.859175  1022.8981 1.0867e-01     1.5760     0.0521     5.9606     94.349 2.4240e+03    36.0214    28.8357  0.000e+00
      2.664   5.859182  1022.8977 1.0989e-01     1.5112     0.0521     5.9640     94.402 2.1784e+03    36.0215    28.8357  0.000e+00
      2.697   5.859160  1022.8976 1.0989e-01     1.5760     0.0826     5.9634     94.393 2.1180e+03    36.0212    28.8359  0.000e+00
      2.721   5.859175  1022.8975 1.0989e-01     1.3818     0.0521     5.9628     94.384 2.2722e+03    36.0210    28.8362  0.000e+00
      2.697   5.859197  1022.8978 1.1111e-01     5.3940     0.0521     5.9662     94.437 2.7049e+03    36.0214    28.8359  0.000e+00
      2.664   5.859182  1022.8973 1.1111e-01    11.8006     0.0521     5.9658     94.432 2.8533e+03    36.0211    28.8362  0.000e+00
      2.721   5.859197  1022.8977 1.1111e-01    13.7420     0.0521     5.9693     94.487 2.4722e+03    36.0213    28.8361  0.000e+00
      2.697   5.859219  1022.8976 1.1111e-01    13.6126     0.0521     5.9731     94.547 1.4089e+03    36.0213    28.8363  0.000e+00
      2.721   5.859249  1022.8975 1.0989e-01    13.3537     0.0521     5.9692     94.487 1.1220e+03    36.0213    28.8366  0.000e+00
      2.697   5.859301  1022.8977 1.0989e-01    13.2890     0.0521     5.9729     94.545 1.1769e+03    36.0216    28.8366  0.000e+00
      2.664   5.859272  1022.8969 1.0989e-01    13.2890     0.0521     5.9766     94.604 1.6678e+03    36.0210    28.8372  0.000e+00
      2.697   5.859272  1022.8972 1.0989e-01    13.2890     0.0521     5.9767     94.605 1.9467e+03    36.0211    28.8370  0.000e+00
      2.664   5.859309  1022.8969 1.0989e-01    13.2890     0.0521     5.9768     94.608 1.9798e+03    36.0211    28.8374  0.000e+00
      2.697   5.859234  1022.8967 1.0989e-01    13.3537     0.0521     5.9808     94.671 2.1662e+03    36.0206    28.8374  0.000e+00
      2.664   5.859257  1022.8965 1.0989e-01    13.2890     0.0521     5.9810     94.674 2.2786e+03    36.0206    28.8375  0.000e+00
      2.696   5.859219  1022.8966 1.0989e-01    13.2890     0.0521     5.9814     94.680 2.2850e+03    36.0205    28.8374  0.000e+00
      2.663   5.859219  1022.8963 1.0989e-01    33.7384     0.0521     5.9816     94.684 2.0826e+03    36.0204    28.8375  0.000e+00
      2.663   5.859204  1022.8964 1.0623e-01   187.9496     0.0521     5.9857     94.748 1.9632e+03    36.0204    28.8374  0.000e+00
      2.696   5.859219  1022.8966 8.7912e-02   263.3403    -0.0700     5.9822     94.693 1.9412e+03    36.0205    28.8374  0.000e+00
      2.663   5.859204  1022.8962 8.7912e-02   264.3110    -0.1005     5.9859     94.752 1.7742e+03    36.0203    28.8375  0.000e+00
      2.630   5.859145  1022.8958 8.7912e-02   264.3110    -0.0700     5.9826     94.699 1.6399e+03    36.0199    28.8375  0.000e+00
      2.663   5.859182  1022.8961 8.7912e-02   260.8812    -0.0700     5.9869     94.766 1.6170e+03    36.0201    28.8375  0.000e+00
      2.630   5.859145  1022.8954 8.7912e-02   259.3928    -0.0700     5.9834     94.712 1.7544e+03    36.0196    28.8379  0.000e+00
      2.663   5.859167  1022.8957 8.7912e-02   259.6517    -0.0700     5.9796     94.652 1.9249e+03    36.0197    28.8379  0.000e+00
      2.696   5.859122  1022.8957 8.7912e-02   259.9105    -0.0700     5.9837     94.717 1.9687e+03    36.0195    28.8377  0.000e+00
      2.663   5.859122  1022.8956 8.6691e-02   259.9105    -0.1005     5.9800     94.658 2.0477e+03    36.0196    28.8377  0.000e+00
      2.630   5.859107  1022.8957 8.6691e-02   259.9105    -0.1005     5.9798     94.653 2.1784e+03    36.0197    28.8374  0.000e+00
      2.663   5.859122  1022.8959 8.6691e-02   259.9105    -0.1005     5.9758     94.591 2.2092e+03    36.0198    28.8374  0.000e+00
      2.606   5.859107  1022.8962 8.7912e-02   259.9105    -0.0700     5.9795     94.649 2.1240e+03    36.0202    28.8368  0.000e+00
      2.630   5.859122  1022.8970 1.1233e-01   138.1205     0.0521     5.9721     94.530 1.9577e+03    36.0208    28.8361  0.000e+00
      2.663   5.859107  1022.8975 1.0989e-01    18.9838     0.0521     5.9753     94.580 1.9195e+03    36.0211    28.8355  0.000e+00
      2.630   5.859122  1022.8980 1.0867e-01    -0.6890     0.0521     5.9710     94.512 2.0248e+03    36.0217    28.8349  0.000e+00
      2.606   5.859040  1022.8983 1.0867e-01    -0.6890     0.0521     5.9746     94.567 2.4037e+03    36.0218    28.8340  0.000e+00
      2.630   5.858995  1022.8987 1.0989e-01     0.6700     0.0521     5.9744     94.563 2.5570e+03    36.0219    28.8335  0.000e+00
      2.606   5.858950  1022.8978 1.0989e-01     2.3525     0.0521     5.9739     94.556 2.3502e+03    36.0212    28.8340  0.000e+00
      2.630   5.858883  1022.8971 1.0989e-01     2.6761     0.0521     5.9737     94.554 1.5157e+03    36.0203    28.8346  0.000e+00
      2.606   5.858846  1022.8953 1.0867e-01     2.5467     0.0521     5.9733     94.549 1.2485e+03    36.0188    28.8362  0.000e+00
      2.606   5.858793  1022.8943 1.0867e-01     2.4819     0.0826     5.9766     94.602 1.3207e+03    36.0178    28.8370  0.000e+00
      2.630   5.858823  1022.8946 1.0867e-01     2.4819     0.0521     5.9725     94.537 2.3502e+03    36.0180    28.8370  0.000e+00
      2.540   5.858823  1022.8944 1.0867e-01     2.4819     0.0521     5.9758     94.588 3.1307e+03    36.0182    28.8368  0.000e+00
      2.630   5.858838  1022.8948 1.0867e-01     2.4819     0.0521     5.9757     94.588 3.1751e+03    36.0183    28.8368  0.000e+00
      2.606   5.858793  1022.8954 1.0867e-01     3.8409     0.0521     5.9755     94.583 2.4861e+03    36.0187    28.8359  0.000e+00
      2.573   5.858719  1022.8950 1.0867e-01     7.4648     0.0521     5.9789     94.637 2.1480e+03    36.0183    28.8357  0.000e+00
      2.540   5.858756  1022.8949 1.0867e-01     8.7591     0.0521     5.9789     94.636 2.1180e+03    36.0185    28.8359  0.000e+00
      2.572   5.858756  1022.8950 1.0989e-01     8.8238     0.0521     5.9785     94.631 2.2468e+03    36.0184    28.8359  0.000e+00
      2.539   5.858749  1022.8952 1.0989e-01     8.6944     0.0521     5.9781     94.623 2.3436e+03    36.0187    28.8355  0.000e+00
      2.572   5.858838  1022.8964 1.0989e-01     8.6297     0.0521     5.9813     94.674 2.3568e+03    36.0198    28.8348  0.000e+00
      2.539   5.858883  1022.8977 1.0989e-01     8.6297     0.0521     5.9773     94.610 2.1480e+03    36.0212    28.8335  0.000e+00
      2.539   5.858913  1022.8985 1.0989e-01     8.6297     0.0521     5.9770     94.603 1.9577e+03    36.0219    28.8328  0.000e+00
      2.572   5.858898  1022.8999 1.0989e-01     8.6944     0.0521     5.9804     94.655 1.9195e+03    36.0229    28.8313  0.000e+00
      2.605   5.858868  1022.8999 1.0989e-01     8.5650     0.0521     5.9762     94.589 2.1784e+03    36.0227    28.8313  0.000e+00
      2.449   5.858816  1022.8988 1.0867e-01     8.6297     0.0521     5.9795     94.641 2.5642e+03    36.0222    28.8314  0.000e+00
      2.605   5.858816  1022.8990 1.0867e-01     8.6297     0.0521     5.9791     94.636 2.6747e+03    36.0218    28.8320  0.000e+00
      2.506   5.858838  1022.8985 1.0867e-01     8.6944     0.0826     5.9749     94.570 2.3568e+03    36.0218    28.8322  0.000e+00
      2.539   5.858823  1022.8982 1.0989e-01    11.3476     0.0521     5.9822     94.686 1.9034e+03    36.0214    28.8325  0.000e+00
      2.506   5.858838  1022.8975 1.0989e-01    12.7066     0.0521     5.9783     94.625 1.7842e+03    36.0210    28.8333  0.000e+00
      2.539   5.858823  1022.8974 1.0989e-01    12.9655     0.0521     5.9822     94.687 1.8146e+03    36.0207    28.8335  0.000e+00
      2.539   5.858913  1022.8980 1.0867e-01    12.7713     0.0826     5.9783     94.626 1.8927e+03    36.0215    28.8333  0.000e+00
      2.506   5.858898  1022.8974 1.0867e-01    12.7713     0.0521     5.9783     94.625 1.9088e+03    36.0211    28.8337  0.000e+00
      2.539   5.858943  1022.8967 1.0867e-01    12.7713     0.0216     5.9783     94.627 1.9632e+03    36.0205    28.8349  0.000e+00
      2.506   5.858943  1022.8959 1.0867e-01    12.7713     0.0216     5.9823     94.690 2.1968e+03    36.0199    28.8357  0.000e+00
      2.605   5.858920  1022.8965 1.0867e-01    12.7713     0.0216     5.9826     94.696 2.2979e+03    36.0200    28.8353  0.000e+00
      2.506   5.858965  1022.8970 1.0989e-01    12.9007     0.0216     5.9831     94.702 2.2979e+03    36.0209    28.8346  0.000e+00
      2.539   5.858935  1022.8970 1.1111e-01    12.7713     0.0216     5.9835     94.709 2.2850e+03    36.0207    28.8346  0.000e+00
