WS23139_Mystery_STN1.cnv
* Sea-Bird SBE 9 Data File:
* FileName = C:\ctd\Cruise_Data\WS23139_Rosenheim\WS23139_Rosenheim_STN1.hex
* Software Version Seasave V 7.26.7.121
* Temperature SN = 4097 MTG 177
* Conductivity SN = 1851 MTG 053
* Number of Bytes Per Scan = 40
* Number of Voltage Words = 5
* Number of Scans Averaged by the Deck Unit = 1
* NMEA Latitude = 02 40.39 N
* NMEA Longitude = 048 15.75 W
* NMEA UTC (Time) = Oct 22 2003  13:25:02
** Ship:
** Station:
** Operator:
# nquan = 12
# nvalues = 927                                   
# units = specified
# name 0 = depSM: Depth [salt water, m]
# name 1 = c0S/m: Conductivity [S/m]
# name 2 = density00: Density [density, kg/m^3]
# name 3 = flSP: Fluorescence, Seapoint
# name 4 = wetCDOM: Fluorescence, WET Labs CDOM [mg/m^3]
# name 5 = flECO-AFL: Fluorescence, WET Labs ECO-AFL/FL [mg/m^3]
# name 6 = sbeox0Mg/L: Oxygen, SBE 43 [mg/l]
# name 7 = sbeox0PS: Oxygen, SBE 43 [% saturation]
# name 8 = par: PAR/Irradiance, Biospherical/Licor [Watts/m^2]
# name 9 = sal00: Salinity, Practical [PSU]
# name 10 = t090C: Temperature [ITS-90, deg C]
# name 11 = flag:  0.000e+00
# span 0 =      2.310,      2.898                 
# span 1 =   5.854067,   5.860601                 
# span 2 =  1022.8902,  1022.9158                 
# span 3 = 8.5470e-02, 1.1477e-01                 
# span 4 =    -0.6890,   264.3110                 
# span 5 =    -0.1311,     0.0826                 
# span 6 =     5.4028,     6.1843                 
# span 7 =     85.522,     97.829                 
# span 8 = 7.2973e+02, 4.9368e+03                 
# span 9 =    36.0158,    36.0286                 
# span 10 =    28.7867,    28.8501                
# span 11 = 0.0000e+00, 0.0000e+00                
# interval = seconds: 0.0416667
# start_time = Oct 22 2003 13:25:02 [NMEA time, header]
# bad_flag = -9.990e-29
*END*
[from data line 482]
      2.477   5.860482  1022.8916 1.0867e-01    11.4771     0.0521     6.1619     97.555 2.6522e+03    36.0204    28.8491  0.000e+00
      2.444   5.860511  1022.8910 1.0989e-01    11.9948     0.0521     6.1652     97.609 2.4931e+03    36.0200    28.8499  0.000e+00
      2.411   5.860571  1022.8910 1.0989e-01    11.8006     0.0521     6.1609     97.541 2.4653e+03    36.0203    28.8501  0.000e+00
      2.444   5.860601  1022.8912 1.0989e-01    11.6712     0.0521     6.1603     97.532 2.1845e+03    36.0205    28.8501  0.000e+00
      2.411   5.860489  1022.8907 1.1111e-01    11.6065     0.0521     6.1596     97.520 1.9195e+03    36.0199    28.8499  0.000e+00
      2.386   5.860384  1022.8902 1.0989e-01    11.6712     0.0826     6.1590     97.510 1.8768e+03    36.0193    28.8497  0.000e+00
      2.411   5.860280  1022.8910 1.0989e-01    11.6712     0.0521     6.1585     97.500 1.6079e+03    36.0196    28.8484  0.000e+00
      2.444   5.860123  1022.8926 1.0989e-01    11.5418     0.0521     6.1581     97.489 1.2877e+03    36.0204    28.8459  0.000e+00
      2.411   5.859936  1022.8932 1.1111e-01   104.2109     0.0826     6.1613     97.538 1.2173e+03    36.0205    28.8440  0.000e+00
      2.411   5.859847  1022.8930 9.2796e-02   235.1901    -0.0395     6.1570     97.469 1.7544e+03    36.0202    28.8436  0.000e+00
      2.386   5.859839  1022.8929 8.7912e-02   264.3110    -0.1005     6.1562     97.457 3.6646e+03    36.0201    28.8436  0.000e+00
      2.353   5.859899  1022.8934 8.7912e-02   264.3110    -0.1005     6.1556     97.447 4.5888e+03    36.0208    28.8433  0.000e+00
      2.386   5.859832  1022.8942 8.7912e-02   264.3110    -0.0700     6.1551     97.437 3.9094e+03    36.0212    28.8422  0.000e+00
      2.411   5.859645  1022.8930 8.7912e-02   259.6517    -0.1005     6.1544     97.425 2.5714e+03    36.0196    28.8425  0.000e+00
      2.386   5.859495  1022.8923 8.7912e-02   259.4575    -0.1005     6.1575     97.474 2.2342e+03    36.0187    28.8423  0.000e+00
      2.353   5.859413  1022.8917 8.7912e-02   259.7811    -0.1311     6.1571     97.467 2.0593e+03    36.0182    28.8423  0.000e+00
      2.386   5.859443  1022.8920 8.6691e-02   259.9105    -0.1311     6.1566     97.459 1.4168e+03    36.0184    28.8423  0.000e+00
      2.353   5.859570  1022.8927 8.7912e-02   259.9752    -0.1311     6.1560     97.450 1.2104e+03    36.0194    28.8422  0.000e+00
      2.353   5.859772  1022.8936 8.7912e-02   259.9752    -0.1311     6.1555     97.443 1.2769e+03    36.0207    28.8423  0.000e+00
      2.443   5.859876  1022.8943 8.7912e-02   259.9105    -0.1311     6.1550     97.437 2.0884e+03    36.0212    28.8425  0.000e+00
      2.353   5.859914  1022.8938 8.7912e-02   259.9105    -0.1311     6.1546     97.430 2.6373e+03    36.0212    28.8429  0.000e+00
      2.386   5.859966  1022.8935 8.7912e-02   259.9105    -0.1311     6.1581     97.486 2.6973e+03    36.0210    28.8436  0.000e+00
      2.353   5.859936  1022.8928 8.7912e-02   259.9752    -0.1311     6.1578     97.482 2.9182e+03    36.0204    28.8442  0.000e+00
      2.386   5.860041  1022.8931 8.7912e-02   259.9752    -0.1311     6.1536     97.417 3.0611e+03    36.0209    28.8445  0.000e+00
      2.353   5.860115  1022.8932 8.7912e-02   259.9752    -0.1311     6.1532     97.412 3.0784e+03    36.0212    28.8447  0.000e+00
      2.386   5.860086  1022.8930 8.7912e-02   259.9752    -0.1311     6.1531     97.410 3.4351e+03    36.0209    28.8449  0.000e+00
      2.410   5.860183  1022.8934 8.7912e-02   259.9752    -0.1311     6.1529     97.407 3.7269e+03    36.0214    28.8451  0.000e+00
      2.320   5.860213  1022.8931 8.7912e-02   259.9752    -0.1311     6.1565     97.465 3.7797e+03    36.0215    28.8453  0.000e+00
      2.352   5.860257  1022.8930 8.6691e-02   259.9752    -0.1311     6.1565     97.464 2.2155e+03    36.0214    28.8458  0.000e+00
      2.410   5.860257  1022.8930 8.7912e-02   259.9752    -0.1311     6.1566     97.467 1.3244e+03    36.0212    28.8460  0.000e+00
      2.385   5.860235  1022.8925 8.6691e-02   259.9752    -0.1311     6.1569     97.471 1.1902e+03    36.0208    28.8464  0.000e+00
      2.352   5.860227  1022.8921 8.6691e-02   259.9752    -0.1311     6.1569     97.472 1.2841e+03    36.0206    28.8466  0.000e+00
      2.443   5.860317  1022.8928 8.6691e-02   259.9105    -0.1311     6.1570     97.474 1.3892e+03    36.0211    28.8467  0.000e+00
      2.352   5.860257  1022.8921 1.1111e-01   138.4441     0.0216     6.1609     97.535 1.4168e+03    36.0207    28.8468  0.000e+00
      2.385   5.860250  1022.8921 1.0867e-01    28.7554     0.0216     6.1572     97.477 1.5678e+03    36.0205    28.8469  0.000e+00
      2.352   5.860302  1022.8920 1.0867e-01     5.7823     0.0216     6.1610     97.538 1.8716e+03    36.0207    28.8471  0.000e+00
      2.443   5.860168  1022.8917 1.0989e-01    10.4416     0.0216     6.1612     97.541 1.9687e+03    36.0197    28.8471  0.000e+00
      2.352   5.860123  1022.8914 1.0867e-01    14.6480     0.0216     6.1574     97.481 2.0192e+03    36.0197    28.8467  0.000e+00
      2.410   5.860063  1022.8930 1.0867e-01    15.4893     0.0216     6.1614     97.541 2.1540e+03    36.0207    28.8449  0.000e+00
      2.385   5.860018  1022.8947 1.0867e-01    15.3598     0.0216     6.1616     97.542 2.1907e+03    36.0221    28.8427  0.000e+00
      2.410   5.859854  1022.8961 1.0989e-01    15.1657     0.0216     6.1619     97.542 2.3239e+03    36.0227    28.8403  0.000e+00
      2.385   5.859712  1022.8962 1.0989e-01    15.1657     0.0216     6.1620     97.542 2.7977e+03    36.0226    28.8392  0.000e+00
      2.410   5.859660  1022.8964 1.0989e-01    15.1657     0.0216     6.1622     97.545 3.0099e+03    36.0225    28.8388  0.000e+00
      2.385   5.859570  1022.8960 1.0989e-01    15.1657     0.0216     6.1662     97.608 2.9182e+03    36.0221    28.8386  0.000e+00
      2.410   5.859518  1022.8965 1.0989e-01    15.1657     0.0216     6.1625     97.548 2.4240e+03    36.0222    28.8379  0.000e+00
      2.385   5.859421  1022.8967 1.0989e-01    71.7249     0.0216     6.1626     97.549 2.2155e+03    36.0223    28.8370  0.000e+00
      2.476   5.859413  1022.8975 1.0012e-01   217.3293    -0.0700     6.1628     97.551 2.1784e+03    36.0226    28.8364  0.000e+00
      2.410   5.859346  1022.8969 8.7912e-02   264.3110    -0.1311     6.1665     97.609 1.8248e+03    36.0221    28.8364  0.000e+00
      2.385   5.859339  1022.8971 8.7912e-02   264.3110    -0.1311     6.1667     97.611 1.6538e+03    36.0224    28.8361  0.000e+00
      2.410   5.859361  1022.8982 8.7912e-02   264.3110    -0.1005     6.1669     97.614 1.6445e+03    36.0232    28.8351  0.000e+00
      2.443   5.859316  1022.8984 8.6691e-02   260.0399    -0.1311     6.1672     97.619 2.5143e+03    36.0232    28.8348  0.000e+00
      2.475   5.859316  1022.8989 8.6691e-02   259.3928    -0.1311     6.1635     97.559 3.3493e+03    36.0235    28.8344  0.000e+00
      2.442   5.859272  1022.8986 8.6691e-02   259.7164    -0.1311     6.1634     97.557 3.4935e+03    36.0233    28.8342  0.000e+00
      2.409   5.859301  1022.8987 8.6691e-02   259.9105    -0.1311     6.1632     97.554 2.5859e+03    36.0235    28.8342  0.000e+00
      2.442   5.859376  1022.8990 8.6691e-02   259.9752    -0.1311     6.1630     97.552 2.0305e+03    36.0239    28.8344  0.000e+00
      2.475   5.859443  1022.8982 8.7912e-02   259.9752    -0.1311     6.1589     97.488 1.9412e+03    36.0232    28.8359  0.000e+00
      2.475   5.859608  1022.8971 8.7912e-02   259.9105    -0.1311     6.1583     97.482 2.0078e+03    36.0227    28.8381  0.000e+00
      2.442   5.859750  1022.8961 8.7912e-02   255.1217    -0.1005     6.1579     97.478 2.0709e+03    36.0224    28.8398  0.000e+00
      2.475   5.859899  1022.8954 1.1111e-01   105.7640     0.0216     6.1573     97.472 2.0709e+03    36.0220    28.8416  0.000e+00
      2.500   5.859966  1022.8974 1.0989e-01    17.3659     0.0216     6.1570     97.465 2.4104e+03    36.0238    28.8399  0.000e+00
      2.475   5.859906  1022.8968 1.0867e-01     4.1645     0.0216     6.1565     97.458 3.0611e+03    36.0232    28.8401  0.000e+00
      2.500   5.859735  1022.8961 1.0867e-01    10.1181     0.0216     6.1562     97.451 3.2564e+03    36.0222    28.8399  0.000e+00
      2.533   5.859727  1022.8969 1.0867e-01    13.4832     0.0216     6.1519     97.382 2.6672e+03    36.0227    28.8392  0.000e+00
      2.500   5.859697  1022.8968 1.0989e-01    14.0009     0.0216     6.1514     97.374 1.7993e+03    36.0226    28.8390  0.000e+00
      2.533   5.859697  1022.8964 1.0989e-01    13.8067     0.0216     6.1509     97.367 1.5900e+03    36.0222    28.8396  0.000e+00
      2.533   5.859705  1022.8970 1.0867e-01    13.6773     0.0216     6.1544     97.421 1.6307e+03    36.0227    28.8390  0.000e+00
      2.500   5.859615  1022.8977 1.0867e-01    13.6126     0.0216     6.1542     97.416 1.7299e+03    36.0232    28.8375  0.000e+00
      2.599   5.859526  1022.8986 1.0867e-01    13.6126     0.0521     6.1540     97.413 1.7643e+03    36.0233    28.8364  0.000e+00
      2.500   5.859421  1022.8984 1.0989e-01    13.6773     0.0521     6.1537     97.406 1.9195e+03    36.0232    28.8357  0.000e+00
      2.599   5.859309  1022.8988 1.0989e-01    13.6126     0.0826     6.1536     97.403 2.9512e+03    36.0229    28.8350  0.000e+00
      2.566   5.859219  1022.8984 1.0989e-01    11.3476     0.0521     6.1573     97.461 3.5630e+03    36.0225    28.8348  0.000e+00
      2.599   5.859145  1022.8991 1.0989e-01     7.9178     0.0826     6.1536     97.401 3.3493e+03    36.0228    28.8337  0.000e+00
      2.566   5.858928  1022.9002 1.0989e-01     7.0766     0.0521     6.1496     97.334 1.6125e+03    36.0232    28.8311  0.000e+00
      2.599   5.858562  1022.9035 1.1111e-01     7.2060     0.0521     6.1535     97.388 1.1032e+03    36.0249    28.8255  0.000e+00
      2.623   5.858159  1022.9048 1.0989e-01     7.3354     0.0521     6.1535     97.382 1.0909e+03    36.0249    28.8218  0.000e+00
      2.656   5.857927  1022.9063 1.0989e-01     7.3354     0.0521     6.1535     97.377 1.8351e+03    36.0255    28.8190  0.000e+00
      2.598   5.857688  1022.9064 1.0989e-01     7.3354     0.0521     6.1573     97.435 2.4861e+03    36.0251    28.8172  0.000e+00
      2.623   5.857539  1022.9074 1.0989e-01     7.3354     0.0521     6.1575     97.436 2.5787e+03    36.0255    28.8154  0.000e+00
      2.656   5.857442  1022.9064 1.0989e-01     7.3354     0.0521     6.1575     97.436 2.7509e+03    36.0243    28.8160  0.000e+00
      2.623   5.857427  1022.9065 1.0989e-01     7.3354     0.0521     6.1575     97.436 2.9019e+03    36.0244    28.8157  0.000e+00
      2.656   5.857382  1022.9070 1.0989e-01     7.3354     0.0521     6.1537     97.375 2.9182e+03    36.0247    28.8150  0.000e+00
      2.689   5.857278  1022.9066 1.0989e-01     7.3354     0.0521     6.1575     97.433 2.1359e+03    36.0240    28.8150  0.000e+00
      2.656   5.857300  1022.9065 1.0989e-01    38.2683     0.0521     6.1615     97.497 1.5459e+03    36.0240    28.8151  0.000e+00
      2.689   5.857188  1022.9060 1.0379e-01   195.8446     0.0216     6.1617     97.500 1.4450e+03    36.0232    28.8152  0.000e+00
      2.714   5.857061  1022.9056 8.7912e-02   264.3110    -0.0700     6.1582     97.444 2.0078e+03    36.0224    28.8150  0.000e+00
      2.656   5.856971  1022.9056 8.7912e-02   264.3110    -0.1005     6.1622     97.507 3.1220e+03    36.0225    28.8142  0.000e+00
      2.689   5.856941  1022.9067 8.7912e-02   264.3110    -0.0700     6.1625     97.509 3.4935e+03    36.0231    28.8130  0.000e+00
      2.714   5.856986  1022.9094 8.7912e-02   260.6871    -0.1005     6.1630     97.514 2.7820e+03    36.0254    28.8104  0.000e+00
      2.689   5.856919  1022.9109 8.7912e-02   259.3928    -0.1005     6.1596     97.457 1.8821e+03    36.0266    28.8082  0.000e+00
      2.714   5.856800  1022.9118 8.7912e-02   259.6517    -0.1005     6.1637     97.521 1.6914e+03    36.0270    28.8066  0.000e+00
      2.689   5.856680  1022.9115 8.7912e-02   259.9105    -0.0700     6.1641     97.525 1.6867e+03    36.0265    28.8061  0.000e+00
      2.656   5.856591  1022.9112 8.6691e-02   259.9752    -0.0700     6.1644     97.529 1.6725e+03    36.0262    28.8058  0.000e+00
      2.689   5.856740  1022.9105 8.6691e-02   259.9752    -0.1005     6.1647     97.537 1.6678e+03    36.0258    28.8076  0.000e+00
      2.713   5.856844  1022.9060 8.6691e-02   259.9105    -0.1005     6.1645     97.542 1.7153e+03    36.0222    28.8133  0.000e+00
      2.689   5.856777  1022.9019 8.5470e-02   259.9105    -0.1005     6.1606     97.484 1.9303e+03    36.0187    28.8174  0.000e+00
      2.713   5.856687  1022.9007 1.0989e-01   130.9374     0.0521     6.1646     97.547 2.0248e+03    36.0173    28.8183  0.000e+00
      2.656   5.856598  1022.9012 1.0867e-01    22.8666     0.0521     6.1690     97.615 1.9966e+03    36.0178    28.8169  0.000e+00
      2.746   5.856635  1022.9015 1.0867e-01     1.3171     0.0521     6.1658     97.565 1.7842e+03    36.0178    28.8172  0.000e+00
      2.656   5.856665  1022.9014 1.0989e-01     6.2353     0.0521     6.1661     97.571 1.7009e+03    36.0182    28.8170  0.000e+00
      2.689   5.856837  1022.9023 1.1111e-01    10.3769     0.0521     6.1627     97.517 1.6867e+03    36.0192    28.8172  0.000e+00
      2.713   5.857083  1022.9020 1.0989e-01    11.2182     0.0521     6.1664     97.579 1.6772e+03    36.0195    28.8191  0.000e+00
      2.688   5.857352  1022.9015 1.0989e-01    11.0241     0.0521     6.1665     97.583 1.6631e+03    36.0198    28.8211  0.000e+00
      2.655   5.857524  1022.9023 1.0989e-01    10.8946     0.0521     6.1666     97.587 1.6678e+03    36.0211    28.8211  0.000e+00
      2.746   5.857606  1022.9038 1.0989e-01    10.8299     0.0521     6.1709     97.653 2.6747e+03    36.0222    28.8203  0.000e+00
      2.655   5.857397  1022.9048 1.0989e-01    10.8299     0.0521     6.1674     97.594 3.7374e+03    36.0228    28.8176  0.000e+00
      2.688   5.857113  1022.9053 1.0989e-01    10.8299     0.0521     6.1676     97.594 3.9536e+03    36.0224    28.8155  0.000e+00
      2.713   5.856964  1022.9062 1.0989e-01    10.8299     0.0521     6.1678     97.595 2.6822e+03    36.0226    28.8138  0.000e+00
      2.655   5.856949  1022.9066 1.0989e-01    73.7957     0.0521     6.1678     97.594 1.9195e+03    36.0232    28.8130  0.000e+00
      2.688   5.856941  1022.9074 9.7680e-02   219.6590    -0.0090     6.1679     97.594 1.8095e+03    36.0237    28.8122  0.000e+00
      2.655   5.856844  1022.9076 8.7912e-02   264.3110    -0.1005     6.1679     97.593 1.9798e+03    36.0237    28.8113  0.000e+00
      2.688   5.856725  1022.9085 8.7912e-02   264.3110    -0.1005     6.1680     97.592 2.1845e+03    36.0241    28.8098  0.000e+00
      2.655   5.856643  1022.9095 8.7912e-02   264.3110    -0.1005     6.1640     97.526 2.2279e+03    36.0248    28.8080  0.000e+00
      2.688   5.856658  1022.9107 8.7912e-02   259.9752    -0.0700     6.1636     97.519 1.8981e+03    36.0258    28.8068  0.000e+00
      2.713   5.856837  1022.9093 8.7912e-02   259.3928    -0.0700     6.1629     97.512 1.4613e+03    36.0249    28.8096  0.000e+00
      2.622   5.857143  1022.9059 8.6691e-02   259.7164    -0.1005     6.1621     97.506 1.3507e+03    36.0232    28.8147  0.000e+00
      2.655   5.857449  1022.9041 8.6691e-02   259.7811    -0.1005     6.1614     97.501 1.6034e+03    36.0223    28.8187  0.000e+00
      2.713   5.857838  1022.9033 8.6691e-02   259.9752    -0.0700     6.1608     97.497 2.2915e+03    36.0225    28.8220  0.000e+00
      2.688   5.858166  1022.9022 8.6691e-02   259.9752    -0.1005     6.1602     97.491 2.5714e+03    36.0225    28.8250  0.000e+00
      2.597   5.858338  1022.9004 8.7912e-02   259.9105    -0.1005     6.1518     97.362 2.4104e+03    36.0218    28.8276  0.000e+00
