WS23139_STN11_10CTD.cnv
* Sea-Bird SBE 9 Data File:
* FileName = C:\ctd\Cruise_Data\WS23139_Rosenheim\WS23139_Rosenheim_STN11.hex
* Software Version Seasave V 7.26.7.121
* Temperature SN = 4097 MTG 177
* Conductivity SN = 1851 MTG 053
* Number of Bytes Per Scan = 40
* Number of Voltage Words = 5
* Number of Scans Averaged by the Deck Unit = 1
* NMEA Latitude = 04 49.64 N
* NMEA Longitude = 051 43.27 W
* NMEA UTC (Time) = Jun 11 2023 21:56:30
** Ship:
** Station:
** Operator:
# nquan = 12
# nvalues = 11271                                 
# units = specified
# name 0 = depSM: Depth [salt water, m]
# name 1 = c0S/m: Conductivity [S/m]
# name 2 = density00: Density [density, kg/m^3]
# name 3 = flSP: Fluorescence, Seapoint
# name 4 = wetCDOM: Fluorescence, WET Labs CDOM [mg/m^3]
# name 5 = flECO-AFL: Fluorescence, WET Labs ECO-AFL/FL [mg/m^3]
# name 6 = sbeox0Mg/L: Oxygen, SBE 43 [mg/l]
# name 7 = sbeox0PS: Oxygen, SBE 43 [% saturation]
# name 8 = par: PAR/Irradiance, Biospherical/Licor [Watts/m^2]
# name 9 = sal00: Salinity, Practical [PSU]
# name 10 = t090C: Temperature [ITS-90, deg C]
# name 11 = flag:  0.000e+00
# span 0 =      2.217,     26.983                 
# span 1 =   4.528934,   5.727231                 
# span 2 =  1016.0399,  1024.0058                 
# span 3 = 6.4713e-02, 1.6361e-01                 
# span 4 =    -0.6890,   264.3110                 
# span 5 =     0.4184,     2.3415                 
# span 6 =     4.1712,     6.8951                 
# span 7 =     63.591,    104.456                 
# span 8 = 9.8755e-02, 5.3964e-01                 
# span 9 =    26.9218,    36.3427                 
# span 10 =    26.4368,    29.0907                
# span 11 = 0.0000e+00, 0.0000e+00                
# interval = seconds: 0.0416667
# start_time = Jun 11 2023 21:56:30 [NMEA time, header]
# bad_flag = -9.990e-29
*END*
[from data line 9384]
     11.276   5.706452  1023.7415 1.0989e-01   123.0424     0.5405     5.9311     91.333 9.9065e-02    36.3151    27.0494  0.000e+00
     11.234   5.706474  1023.7416 8.7912e-02   244.1205     0.6626     5.9309     91.330 9.9065e-02    36.3154    27.0493  0.000e+00
     11.234   5.706430  1023.7413 8.5470e-02   264.3110     0.6931     5.9308     91.328 9.9065e-02    36.3151    27.0493  0.000e+00
     11.210   5.706386  1023.7410 8.5470e-02   264.3110     0.6931     5.9344     91.384 9.9065e-02    36.3148    27.0493  0.000e+00
     11.177   5.706578  1023.7398 8.5470e-02   264.2463     0.6931     5.9340     91.381 9.9065e-02    36.3144    27.0516  0.000e+00
     11.152   5.706902  1023.7376 8.5470e-02   259.5222     0.6931     5.9297     91.320 9.9065e-02    36.3134    27.0558  0.000e+00
     11.234   5.707154  1023.7366 8.5470e-02   259.4575     0.6931     5.9291     91.315 9.9065e-02    36.3129    27.0587  0.000e+00
     11.053   5.707382  1023.7356 8.4249e-02   259.7811     0.6931     5.9287     91.312 9.9065e-02    36.3133    27.0604  0.000e+00
     11.152   5.707375  1023.7352 8.4249e-02   259.9752     0.6931     5.9286     91.311 9.9065e-02    36.3125    27.0613  0.000e+00
     11.111   5.707419  1023.7350 8.6691e-02   259.9752     0.6626     5.9325     91.371 9.9065e-02    36.3127    27.0615  0.000e+00
     11.111   5.707419  1023.7354 8.7912e-02   259.9105     0.6931     5.9326     91.373 9.9065e-02    36.3130    27.0611  0.000e+00
     11.086   5.707471  1023.7342 8.7912e-02   259.9752     0.6931     5.9284     91.310 9.9065e-02    36.3122    27.0626  0.000e+00
     11.053   5.707597  1023.7339 1.0012e-01   210.3403     0.6321     5.9280     91.305 9.9065e-02    36.3124    27.0635  0.000e+00
     11.028   5.707634  1023.7332 1.0989e-01    56.4526     0.6015     5.9317     91.363 9.9065e-02    36.3120    27.0644  0.000e+00
     11.053   5.707774  1023.7331 1.0989e-01    -0.5596     0.6321     5.9317     91.365 9.9065e-02    36.3121    27.0655  0.000e+00
     10.995   5.707826  1023.7328 1.0989e-01    -0.6890     0.6321     5.9318     91.367 9.9065e-02    36.3122    27.0659  0.000e+00
     10.970   5.707818  1023.7320 1.0501e-01     2.8055     0.6321     5.9319     91.370 9.9065e-02    36.3116    27.0666  0.000e+00
     10.929   5.707818  1023.7315 1.0256e-01     5.2646     0.6626     5.9318     91.369 9.9065e-02    36.3113    27.0670  0.000e+00
     10.970   5.707862  1023.7319 1.0379e-01     5.5882     0.6321     5.9320     91.372 9.9065e-02    36.3116    27.0670  0.000e+00
     10.929   5.707833  1023.7317 1.0501e-01     5.3940     0.6626     5.9322     91.374 9.9065e-02    36.3116    27.0668  0.000e+00
     10.929   5.707885  1023.7318 1.0501e-01     5.3293     0.6626     5.9324     91.377 9.9065e-02    36.3118    27.0670  0.000e+00
     10.970   5.707944  1023.7318 1.0501e-01     5.3293     0.6626     5.9326     91.381 9.9065e-02    36.3118    27.0675  0.000e+00
     10.871   5.707929  1023.7312 1.0623e-01     5.3293     0.6626     5.9327     91.383 9.9375e-02    36.3116    27.0677  0.000e+00
     10.904   5.707951  1023.7313 1.0745e-01     5.3293     0.6321     5.9329     91.387 9.9065e-02    36.3116    27.0679  0.000e+00
     10.929   5.707929  1023.7312 1.0623e-01     5.2646     0.6321     5.9332     91.391 9.9375e-02    36.3114    27.0679  0.000e+00
     10.871   5.707944  1023.7309 1.0623e-01     2.8055     0.6626     5.9334     91.394 9.9065e-02    36.3114    27.0681  0.000e+00
     10.847   5.707929  1023.7306 1.0501e-01     1.3171     0.6626     5.9294     91.332 9.9065e-02    36.3112    27.0682  0.000e+00
     10.805   5.707951  1023.7305 1.0379e-01     1.0583     0.6626     5.9292     91.329 9.9065e-02    36.3113    27.0682  0.000e+00
     10.847   5.707988  1023.7311 1.0501e-01     1.1230     0.6626     5.9293     91.331 9.9065e-02    36.3117    27.0681  0.000e+00
     10.805   5.707973  1023.7303 1.0623e-01     1.1877     0.6626     5.9293     91.331 9.9065e-02    36.3112    27.0686  0.000e+00
     10.805   5.708062  1023.7305 1.0501e-01     1.1877     0.6626     5.9333     91.395 9.9065e-02    36.3116    27.0690  0.000e+00
     10.781   5.708209  1023.7300 1.0379e-01     1.1230     0.6626     5.9335     91.399 9.9065e-02    36.3116    27.0703  0.000e+00
     10.805   5.708269  1023.7296 1.0256e-01     1.1877     0.6626     5.9297     91.342 9.9065e-02    36.3113    27.0711  0.000e+00
     10.781   5.708217  1023.7289 1.0012e-01     1.1877     0.6626     5.9336     91.403 9.9065e-02    36.3107    27.0715  0.000e+00
     10.748   5.708224  1023.7288 1.0379e-01     1.1877     0.6626     5.9297     91.342 9.9065e-02    36.3107    27.0715  0.000e+00
     10.748   5.708217  1023.7287 1.0745e-01     1.2524     0.6626     5.9298     91.344 9.9065e-02    36.3107    27.0715  0.000e+00
     10.781   5.708202  1023.7288 1.0379e-01     1.1877     0.6626     5.9300     91.347 9.9065e-02    36.3106    27.0715  0.000e+00
     10.748   5.708158  1023.7287 9.7680e-02     3.6468     0.6321     5.9340     91.408 9.9065e-02    36.3105    27.0712  0.000e+00
     10.723   5.708113  1023.7292 9.5238e-02     7.2060     0.6626     5.9344     91.413 9.9065e-02    36.3109    27.0703  0.000e+00
     10.690   5.708032  1023.7295 9.4017e-02     8.2414     0.6626     5.9347     91.416 9.9065e-02    36.3111    27.0694  0.000e+00
     10.748   5.708010  1023.7298 9.5238e-02     8.1767     0.6626     5.9309     91.357 9.9065e-02    36.3111    27.0691  0.000e+00
     10.665   5.708010  1023.7298 9.5238e-02     8.0473     0.6626     5.9308     91.356 9.9375e-02    36.3114    27.0688  0.000e+00
     10.748   5.707973  1023.7299 9.6459e-02     7.9826     0.6626     5.9349     91.418 9.9065e-02    36.3111    27.0688  0.000e+00
     10.723   5.707988  1023.7301 9.5238e-02     7.9826     0.6931     5.9351     91.421 9.9065e-02    36.3113    27.0686  0.000e+00
     10.624   5.708010  1023.7296 9.5238e-02     7.9826     0.6931     5.9312     91.361 9.9065e-02    36.3114    27.0688  0.000e+00
     10.748   5.708106  1023.7301 9.5238e-02     7.9826     0.6626     5.9352     91.424 9.9065e-02    36.3116    27.0694  0.000e+00
     10.665   5.708246  1023.7292 9.4017e-02     8.0473     0.6626     5.9390     91.484 9.9065e-02    36.3115    27.0708  0.000e+00
     10.690   5.708320  1023.7282 9.4017e-02     8.0473     0.6931     5.9390     91.487 9.9065e-02    36.3107    27.0724  0.000e+00
     10.665   5.708202  1023.7280 9.4017e-02     7.9826     0.6931     5.9352     91.428 9.9065e-02    36.3103    27.0719  0.000e+00
     10.690   5.707980  1023.7302 9.4017e-02    33.9325     0.6626     5.9355     91.427 9.9065e-02    36.3116    27.0682  0.000e+00
     10.624   5.707604  1023.7318 9.0354e-02   191.4441     0.6321     5.9358     91.425 9.9065e-02    36.3122    27.0640  0.000e+00
     10.665   5.707427  1023.7329 7.8144e-02   264.3110     0.7542     5.9359     91.425 9.9065e-02    36.3126    27.0618  0.000e+00
     10.624   5.707338  1023.7333 8.1807e-02   264.3110     0.7542     5.9401     91.488 9.9065e-02    36.3128    27.0608  0.000e+00
     10.665   5.707338  1023.7343 7.9365e-02   264.3110     0.7542     5.9406     91.493 9.9065e-02    36.3135    27.0598  0.000e+00
     10.624   5.707559  1023.7333 7.6923e-02   260.8165     0.7542     5.9364     91.433 9.9065e-02    36.3134    27.0620  0.000e+00
     10.624   5.707663  1023.7335 7.8144e-02   259.3928     0.7542     5.9403     91.493 9.9065e-02    36.3139    27.0624  0.000e+00
     10.599   5.707648  1023.7339 7.9365e-02   259.6517     0.7542     5.9363     91.432 9.9065e-02    36.3142    27.0618  0.000e+00
     10.624   5.707744  1023.7338 7.8144e-02   259.9105     0.7542     5.9362     91.430 9.9065e-02    36.3143    27.0626  0.000e+00
     10.599   5.707737  1023.7332 7.8144e-02   259.9752     0.7236     5.9362     91.431 9.9065e-02    36.3139    27.0631  0.000e+00
     10.624   5.707759  1023.7339 8.3028e-02   259.7811     0.7542     5.9363     91.432 9.9065e-02    36.3144    27.0626  0.000e+00
     10.624   5.707707  1023.7340 8.5470e-02   259.9752     0.7542     5.9362     91.430 9.9065e-02    36.3144    27.0622  0.000e+00
     10.599   5.707589  1023.7342 8.4249e-02   259.9105     0.7542     5.9401     91.489 9.9065e-02    36.3144    27.0611  0.000e+00
     10.624   5.707611  1023.7338 8.0586e-02   259.9105     0.7542     5.9403     91.493 9.9065e-02    36.3139    27.0618  0.000e+00
     10.599   5.707633  1023.7333 7.9365e-02   259.9105     0.7542     5.9405     91.497 9.9375e-02    36.3137    27.0624  0.000e+00
     10.566   5.707737  1023.7331 7.9365e-02   259.9752     0.7542     5.9406     91.500 9.9065e-02    36.3139    27.0631  0.000e+00
     10.566   5.707803  1023.7322 7.9365e-02   259.9752     0.7542     5.9367     91.441 9.9065e-02    36.3133    27.0644  0.000e+00
     10.665   5.707619  1023.7325 7.8144e-02   259.9105     0.7542     5.9369     91.443 9.9065e-02    36.3127    27.0635  0.000e+00
     10.566   5.707441  1023.7329 7.9365e-02   259.9752     0.7236     5.9411     91.504 9.9065e-02    36.3130    27.0615  0.000e+00
     10.599   5.707294  1023.7335 8.3028e-02   259.9105     0.7236     5.9414     91.507 9.9065e-02    36.3130    27.0602  0.000e+00
     10.624   5.707190  1023.7345 8.5470e-02   259.9105     0.7236     5.9458     91.572 9.9065e-02    36.3135    27.0586  0.000e+00
     10.566   5.707168  1023.7350 8.4249e-02   259.9105     0.7236     5.9422     91.516 9.9065e-02    36.3141    27.0576  0.000e+00
     10.599   5.707271  1023.7347 8.4249e-02   259.9752     0.7236     5.9423     91.519 9.9065e-02    36.3139    27.0588  0.000e+00
     10.566   5.707338  1023.7342 8.6691e-02   259.9752     0.7236     5.9464     91.583 9.9065e-02    36.3139    27.0595  0.000e+00
     10.599   5.707353  1023.7336 9.1575e-02   259.9752     0.7236     5.9467     91.589 9.9065e-02    36.3132    27.0604  0.000e+00
     10.624   5.707286  1023.7334 1.1233e-01   197.4624     0.6321     5.9471     91.595 9.9065e-02    36.3128    27.0604  0.000e+00
     10.624   5.707235  1023.7344 1.1966e-01    45.7103     0.6321     5.9433     91.535 9.9065e-02    36.3135    27.0589  0.000e+00
     10.541   5.707146  1023.7346 1.1600e-01    -0.6890     0.6626     5.9433     91.532 9.9065e-02    36.3138    27.0578  0.000e+00
     10.624   5.707087  1023.7351 1.1477e-01    -0.6890     0.6626     5.9432     91.531 9.9065e-02    36.3137    27.0573  0.000e+00
     10.665   5.707175  1023.7351 1.1355e-01    -0.6890     0.6626     5.9431     91.529 9.9065e-02    36.3138    27.0580  0.000e+00
     10.624   5.707220  1023.7348 1.1477e-01     0.3464     0.6626     5.9470     91.591 9.9065e-02    36.3139    27.0584  0.000e+00
     10.624   5.707316  1023.7345 1.1477e-01     1.2524     0.6626     5.9432     91.533 9.9065e-02    36.3138    27.0593  0.000e+00
     10.599   5.707353  1023.7338 1.1355e-01     1.3818     0.6321     5.9469     91.592 9.9065e-02    36.3134    27.0602  0.000e+00
     10.624   5.707419  1023.7337 1.1111e-01     1.3818     0.6626     5.9471     91.595 9.9065e-02    36.3134    27.0608  0.000e+00
     10.665   5.707478  1023.7337 1.1111e-01     1.2524     0.6626     5.9430     91.534 9.9065e-02    36.3134    27.0613  0.000e+00
     10.624   5.707537  1023.7332 1.1111e-01     1.2524     0.6626     5.9427     91.529 9.9065e-02    36.3133    27.0620  0.000e+00
     10.624   5.705935  1023.7244 1.1233e-01     1.2524     0.6626     5.9428     91.525 9.9065e-02    36.3016    27.0622  0.000e+00
     10.723   5.705115  1023.7202 1.1355e-01     9.4710     0.6626     5.9470     91.587 9.9375e-02    36.2956    27.0624  0.000e+00
     10.624   5.706836  1023.7288 1.1477e-01   166.7237     0.5710     5.9466     91.588 9.9375e-02    36.3077    27.0628  0.000e+00
     10.665   5.707508  1023.7326 9.2796e-02   257.9044     0.7236     5.9466     91.590 9.9065e-02    36.3125    27.0628  0.000e+00
     10.747   5.707515  1023.7328 9.2796e-02   264.3110     0.7236     5.9465     91.589 9.9065e-02    36.3124    27.0629  0.000e+00
     10.624   5.707559  1023.7325 9.2796e-02   264.3110     0.7236     5.9462     91.585 9.9065e-02    36.3127    27.0629  0.000e+00
     10.723   5.707552  1023.7329 9.2796e-02   261.9166     0.7236     5.9503     91.648 9.9065e-02    36.3126    27.0629  0.000e+00
     10.747   5.707537  1023.7329 9.2796e-02   259.3928     0.7236     5.9466     91.590 9.9065e-02    36.3125    27.0629  0.000e+00
     10.723   5.707611  1023.7330 9.2796e-02   259.5869     0.7236     5.9463     91.586 9.9375e-02    36.3129    27.0631  0.000e+00
     10.690   5.707663  1023.7323 9.2796e-02   259.8458     0.7236     5.9502     91.647 9.9065e-02    36.3126    27.0640  0.000e+00
     10.747   5.707678  1023.7325 9.2796e-02   259.9105     0.7236     5.9465     91.592 9.9065e-02    36.3125    27.0642  0.000e+00
     10.723   5.707648  1023.7322 9.2796e-02   259.9105     0.7236     5.9467     91.594 9.9065e-02    36.3123    27.0642  0.000e+00
     10.747   5.707700  1023.7324 8.9133e-02   259.9105     0.6931     5.9506     91.654 9.9065e-02    36.3125    27.0644  0.000e+00
     10.780   5.707700  1023.7321 8.9133e-02   259.9105     0.6931     5.9467     91.595 9.9065e-02    36.3121    27.0650  0.000e+00
     10.747   5.707715  1023.7315 1.1600e-01   162.7762     0.5710     5.9465     91.592 9.9065e-02    36.3118    27.0655  0.000e+00
     10.747   5.707722  1023.7314 1.1722e-01    33.0912     0.6321     5.9463     91.590 9.9065e-02    36.3117    27.0657  0.000e+00
     10.780   5.707759  1023.7317 1.1477e-01    -0.6890     0.6626     5.9464     91.592 9.9065e-02    36.3120    27.0657  0.000e+00
     10.805   5.707752  1023.7320 1.1722e-01     2.2878     0.6626     5.9465     91.593 9.9065e-02    36.3120    27.0655  0.000e+00
     10.723   5.707663  1023.7316 1.1722e-01     7.1413     0.6626     5.9503     91.651 9.9065e-02    36.3118    27.0650  0.000e+00
     10.805   5.707530  1023.7324 1.1722e-01     8.5003     0.6626     5.9467     91.594 9.9065e-02    36.3119    27.0637  0.000e+00
     10.805   5.707493  1023.7332 1.1600e-01     8.3708     0.6626     5.9506     91.652 9.9065e-02    36.3125    27.0626  0.000e+00
     10.780   5.707493  1023.7336 1.1600e-01     8.1767     0.6321     5.9466     91.590 9.9065e-02    36.3129    27.0620  0.000e+00
     10.805   5.707493  1023.7337 1.1600e-01     8.1120     0.6626     5.9464     91.586 9.9375e-02    36.3129    27.0620  0.000e+00
     10.780   5.707523  1023.7336 1.1722e-01     8.1767     0.6626     5.9421     91.520 9.9065e-02    36.3130    27.0622  0.000e+00
     10.805   5.707537  1023.7336 1.1600e-01     8.1120     0.6626     5.9456     91.575 9.9065e-02    36.3129    27.0624  0.000e+00
     10.805   5.707567  1023.7334 1.1600e-01     8.1767     0.6321     5.9415     91.512 9.9065e-02    36.3129    27.0628  0.000e+00
     10.723   5.707626  1023.7331 1.1722e-01     7.6590     0.6321     5.9451     91.568 9.9065e-02    36.3130    27.0631  0.000e+00
     10.805   5.707596  1023.7334 1.1844e-01     5.6529     0.6321     5.9451     91.568 9.9065e-02    36.3129    27.0629  0.000e+00
     10.780   5.707582  1023.7336 1.1722e-01     4.7469     0.6626     5.9450     91.566 9.9065e-02    36.3131    27.0626  0.000e+00
     10.805   5.707515  1023.7335 1.1722e-01     4.7469     0.6626     5.9408     91.500 9.9065e-02    36.3128    27.0624  0.000e+00
     10.805   5.707567  1023.7336 1.1966e-01     4.8116     0.6626     5.9402     91.492 9.9065e-02    36.3130    27.0626  0.000e+00
     10.722   5.707552  1023.7330 1.1966e-01     4.8116     0.6626     5.9438     91.548 9.9065e-02    36.3128    27.0628  0.000e+00
     10.747   5.707641  1023.7325 1.2088e-01     4.7469     0.6321     5.9396     91.484 9.9065e-02    36.3124    27.0640  0.000e+00
     10.780   5.707744  1023.7321 1.2088e-01     4.8116     0.6321     5.9394     91.483 9.9065e-02    36.3123    27.0651  0.000e+00
