WS23139_STN21_19CTD.cnv
* Sea-Bird SBE 9 Data File:
* FileName = C:\ctd\Cruise_Data\WS23139_Rosenheim\WS23139_Rosenheim_STN21.hex
* Software Version Seasave V 7.26.7.121
* Temperature SN = 4097 MTG 177
* Conductivity SN = 1851 MTG 053
* Number of Bytes Per Scan = 40
* Number of Voltage Words = 5
* Number of Scans Averaged by the Deck Unit = 1
* NMEA Latitude = 06 01.23 N
* NMEA Longitude = 054 01.33 W
* NMEA UTC (Time) = Jun 16 2023 21:59:06
** Ship:
** Station:
** Operator:
# nquan = 12
# nvalues = 10417                                 
# units = specified
# name 0 = depSM: Depth [salt water, m]
# name 1 = c0S/m: Conductivity [S/m]
# name 2 = density00: Density [density, kg/m^3]
# name 3 = flSP: Fluorescence, Seapoint
# name 4 = wetCDOM: Fluorescence, WET Labs CDOM [mg/m^3]
# name 5 = flECO-AFL: Fluorescence, WET Labs ECO-AFL/FL [mg/m^3]
# name 6 = sbeox0Mg/L: Oxygen, SBE 43 [mg/l]
# name 7 = sbeox0PS: Oxygen, SBE 43 [% saturation]
# name 8 = par: PAR/Irradiance, Biospherical/Licor [Watts/m^2]
# name 9 = sal00: Salinity, Practical [PSU]
# name 10 = t090C: Temperature [ITS-90, deg C]
# name 11 = flag:  0.000e+00
# span 0 =      1.044,     15.478                 
# span 1 =   5.367870,   5.706796                 
# span 2 =  1021.2236,  1023.4850                 
# span 3 = 7.6923e-02, 1.6484e-01                 
# span 4 =    -0.6890,   264.3110                 
# span 5 =     0.6015,     2.1583                 
# span 6 =     4.9966,     6.0744                 
# span 7 =     76.686,     93.241                 
# span 8 = 9.8755e-02, 1.0959e+01                 
# span 9 =    33.3505,    36.0810                 
# span 10 =    27.3499,    27.8144                
# span 11 = 0.0000e+00, 0.0000e+00                
# interval = seconds: 0.0416667
# start_time = Jun 16 2023 21:59:06 [NMEA time, header]
# bad_flag = -9.990e-29
*END*
[from data line 5053]
     14.685   5.706699  1023.4815 1.3065e-01    14.7127     0.7847     5.2576     81.260 9.9065e-02    36.0802    27.3524  0.000e+00
     14.660   5.706663  1023.4808 1.3187e-01    12.2536     0.8152     5.2576     81.259 9.9375e-02    36.0796    27.3528  0.000e+00
     14.685   5.706677  1023.4812 1.3065e-01     6.0412     0.8152     5.2578     81.263 9.9065e-02    36.0799    27.3525  0.000e+00
     14.685   5.706626  1023.4809 1.3065e-01     3.8409     0.8152     5.2621     81.328 9.9375e-02    36.0795    27.3525  0.000e+00
     14.660   5.706648  1023.4807 1.3065e-01     3.8409     0.8152     5.2581     81.267 9.9375e-02    36.0795    27.3528  0.000e+00
     14.685   5.706685  1023.4812 1.3065e-01     4.0998     0.8152     5.2619     81.326 9.9375e-02    36.0799    27.3525  0.000e+00
     14.619   5.706729  1023.4811 1.3065e-01     4.1645     0.8152     5.2579     81.264 9.9065e-02    36.0802    27.3526  0.000e+00
     14.660   5.706677  1023.4808 1.3187e-01     4.1645     0.8152     5.2577     81.261 9.9065e-02    36.0796    27.3529  0.000e+00
     14.619   5.706677  1023.4808 1.3065e-01     4.1645     0.7847     5.2575     81.258 9.9065e-02    36.0798    27.3527  0.000e+00
     14.685   5.706699  1023.4812 1.3065e-01     4.1645     0.7847     5.2574     81.256 9.9065e-02    36.0800    27.3526  0.000e+00
     14.536   5.706729  1023.4805 1.2943e-01     4.1645     0.8152     5.2573     81.255 9.9375e-02    36.0800    27.3529  0.000e+00
     14.619   5.706707  1023.4808 1.2943e-01     4.1645     0.8152     5.2572     81.253 9.9375e-02    36.0799    27.3528  0.000e+00
     14.619   5.706663  1023.4807 1.3065e-01     4.1645     0.7847     5.2570     81.250 9.9065e-02    36.0797    27.3527  0.000e+00
     14.536   5.706714  1023.4805 1.3065e-01     9.9887     0.7847     5.2567     81.247 9.9375e-02    36.0799    27.3529  0.000e+00
     14.619   5.706685  1023.4807 1.3187e-01   163.7469     0.6931     5.2566     81.245 9.9375e-02    36.0797    27.3528  0.000e+00
     14.561   5.706685  1023.4804 1.0745e-01   257.2573     0.8763     5.2524     81.180 9.9065e-02    36.0797    27.3529  0.000e+00
     14.536   5.706692  1023.4802 1.0745e-01   264.3110     0.9068     5.2520     81.174 9.9065e-02    36.0797    27.3530  0.000e+00
     14.503   5.706692  1023.4802 1.0745e-01   264.3110     0.8763     5.2519     81.171 9.9065e-02    36.0798    27.3529  0.000e+00
     14.561   5.706692  1023.4805 1.0745e-01   262.1108     0.8763     5.2518     81.170 9.9065e-02    36.0798    27.3528  0.000e+00
     14.478   5.706736  1023.4802 1.0745e-01   259.4575     0.8763     5.2514     81.164 9.9065e-02    36.0799    27.3531  0.000e+00
     14.503   5.706707  1023.4801 1.0745e-01   259.5869     0.8763     5.2511     81.159 9.9065e-02    36.0797    27.3531  0.000e+00
     14.503   5.706729  1023.4802 1.0745e-01   259.9105     0.8763     5.2507     81.154 9.9065e-02    36.0798    27.3532  0.000e+00
     14.412   5.706707  1023.4797 1.0745e-01   259.9752     0.8763     5.2506     81.152 9.9065e-02    36.0797    27.3531  0.000e+00
     14.437   5.706729  1023.4800 1.0745e-01   259.9105     0.8763     5.2505     81.151 9.9065e-02    36.0800    27.3530  0.000e+00
     14.437   5.706722  1023.4799 1.0623e-01   259.9752     0.8457     5.2505     81.150 9.9065e-02    36.0798    27.3531  0.000e+00
     14.412   5.706699  1023.4797 1.0623e-01   259.9752     0.8457     5.2504     81.149 9.9065e-02    36.0797    27.3531  0.000e+00
     14.379   5.706692  1023.4796 1.3187e-01   164.3293     0.6626     5.2504     81.149 9.9065e-02    36.0797    27.3530  0.000e+00
     14.297   5.706692  1023.4792 1.3187e-01    29.5967     0.7542     5.2503     81.148 9.9065e-02    36.0797    27.3531  0.000e+00
     14.379   5.706699  1023.4798 1.3065e-01    -0.6890     0.7847     5.2544     81.210 9.9375e-02    36.0799    27.3528  0.000e+00
     14.313   5.706729  1023.4794 1.3065e-01    -0.6890     0.7847     5.2503     81.148 9.9065e-02    36.0799    27.3531  0.000e+00
     14.297   5.706707  1023.4794 1.3065e-01     0.2170     0.7847     5.2502     81.145 9.9375e-02    36.0799    27.3529  0.000e+00
     14.256   5.706662  1023.4789 1.3065e-01     2.1584     0.7847     5.2542     81.207 9.9375e-02    36.0796    27.3530  0.000e+00
     14.256   5.706714  1023.4791 1.3065e-01     2.6761     0.7847     5.2544     81.211 9.9065e-02    36.0798    27.3531  0.000e+00
     14.231   5.706721  1023.4792 1.2943e-01     2.6114     0.7847     5.2586     81.276 9.9375e-02    36.0800    27.3530  0.000e+00
     14.132   5.706729  1023.4785 1.2943e-01     2.4819     0.7847     5.2548     81.217 9.9065e-02    36.0799    27.3533  0.000e+00
     14.132   5.706707  1023.4783 1.2943e-01     2.4819     0.7847     5.2588     81.279 9.9375e-02    36.0796    27.3534  0.000e+00
     14.173   5.706692  1023.4787 1.2943e-01     2.4819     0.7847     5.2591     81.283 9.9065e-02    36.0797    27.3531  0.000e+00
     14.074   5.706729  1023.4783 1.2943e-01     2.4819     0.7847     5.2595     81.289 9.9065e-02    36.0799    27.3533  0.000e+00
     14.008   5.706721  1023.4779 1.3065e-01    36.1327     0.7542     5.2596     81.292 9.9065e-02    36.0798    27.3534  0.000e+00
     14.049   5.706699  1023.4780 1.2332e-01   196.4270     0.7236     5.2641     81.361 9.9375e-02    36.0797    27.3533  0.000e+00
     14.008   5.706692  1023.4779 1.0623e-01   264.3110     0.8457     5.2647     81.370 9.9375e-02    36.0797    27.3532  0.000e+00
     13.951   5.706662  1023.4774 1.0745e-01   264.3110     0.8763     5.2653     81.379 9.9375e-02    36.0794    27.3533  0.000e+00
     13.926   5.706647  1023.4773 1.0623e-01   264.3110     0.8457     5.2657     81.385 9.9375e-02    36.0793    27.3533  0.000e+00
     13.893   5.706692  1023.4775 1.0745e-01   260.7518     0.8457     5.2702     81.455 9.9065e-02    36.0797    27.3532  0.000e+00
     13.893   5.706662  1023.4772 1.0623e-01   259.4575     0.8457     5.2708     81.464 9.9065e-02    36.0795    27.3533  0.000e+00
     13.802   5.706677  1023.4770 1.0623e-01   259.7164     0.8457     5.2673     81.410 9.9065e-02    36.0797    27.3532  0.000e+00
     13.769   5.706692  1023.4769 1.0623e-01   259.9752     0.8457     5.2718     81.479 9.9065e-02    36.0797    27.3533  0.000e+00
     13.802   5.706662  1023.4769 1.0623e-01   259.9752     0.8457     5.2725     81.491 9.9375e-02    36.0796    27.3532  0.000e+00
     13.703   5.706655  1023.4764 1.0623e-01   259.9752     0.8457     5.2729     81.497 9.9065e-02    36.0795    27.3533  0.000e+00
     13.703   5.706684  1023.4767 1.0623e-01   259.9752     0.8457     5.2734     81.504 9.9375e-02    36.0798    27.3531  0.000e+00
     13.687   5.706692  1023.4764 1.0623e-01   259.9752     0.8457     5.2778     81.573 9.9065e-02    36.0796    27.3534  0.000e+00
     13.588   5.706625  1023.4758 1.0623e-01   259.9752     0.8763     5.2744     81.519 9.9065e-02    36.0793    27.3533  0.000e+00
     13.645   5.706632  1023.4761 1.0623e-01   259.9752     0.8763     5.2790     81.591 9.9375e-02    36.0794    27.3532  0.000e+00
     13.563   5.706655  1023.4758 1.0623e-01   260.0399     0.8763     5.2755     81.537 9.9065e-02    36.0795    27.3533  0.000e+00
     13.522   5.706684  1023.4758 1.0623e-01   259.9752     0.8763     5.2800     81.606 9.9375e-02    36.0797    27.3533  0.000e+00
     13.464   5.706625  1023.4754 1.0623e-01   259.9752     0.8763     5.2805     81.614 9.9375e-02    36.0794    27.3532  0.000e+00
     13.497   5.706632  1023.4754 1.0745e-01   259.9752     0.8763     5.2810     81.621 9.9065e-02    36.0794    27.3533  0.000e+00
     13.406   5.706677  1023.4752 1.0623e-01   260.0399     0.8763     5.2813     81.627 9.9065e-02    36.0796    27.3534  0.000e+00
     13.439   5.706669  1023.4756 1.0623e-01   259.9752     0.8763     5.2818     81.634 9.9375e-02    36.0798    27.3531  0.000e+00
     13.340   5.706654  1023.4749 1.0501e-01   260.0399     0.8763     5.2861     81.700 9.9065e-02    36.0796    27.3533  0.000e+00
     13.406   5.706647  1023.4751 1.0623e-01   260.0399     0.8763     5.2826     81.647 9.9065e-02    36.0794    27.3534  0.000e+00
     13.258   5.706647  1023.4745 1.0623e-01   259.9752     0.8763     5.2828     81.650 9.9375e-02    36.0795    27.3533  0.000e+00
     13.283   5.706647  1023.4747 1.0623e-01   259.9752     0.8763     5.2831     81.655 9.9065e-02    36.0796    27.3532  0.000e+00
     13.217   5.706654  1023.4743 1.2332e-01   202.2512     0.7542     5.2833     81.657 9.9065e-02    36.0795    27.3534  0.000e+00
     13.258   5.706617  1023.4743 1.3065e-01    62.4062     0.7542     5.2873     81.719 9.9065e-02    36.0792    27.3534  0.000e+00
     13.159   5.706632  1023.4741 1.3065e-01    14.9716     0.7847     5.2874     81.720 9.9065e-02    36.0795    27.3533  0.000e+00
     13.192   5.706647  1023.4743 1.3065e-01    14.7774     0.8152     5.2875     81.722 9.9065e-02    36.0796    27.3533  0.000e+00
     13.101   5.706654  1023.4740 1.3065e-01    20.0839     0.7847     5.2875     81.722 9.9065e-02    36.0797    27.3532  0.000e+00
     13.101   5.706654  1023.4741 1.3065e-01    21.9606     0.7847     5.2834     81.660 9.9065e-02    36.0798    27.3531  0.000e+00
     13.076   5.706676  1023.4741 1.2943e-01    21.9606     0.7847     5.2872     81.717 9.9375e-02    36.0799    27.3532  0.000e+00
     13.035   5.706625  1023.4735 1.2943e-01    21.7664     0.7847     5.2870     81.715 9.9375e-02    36.0795    27.3533  0.000e+00
     12.977   5.706632  1023.4733 1.2943e-01    21.6370     0.7847     5.2828     81.650 9.9065e-02    36.0795    27.3533  0.000e+00
     13.010   5.706625  1023.4732 1.2943e-01    21.6370     0.7847     5.2864     81.706 9.9065e-02    36.0792    27.3535  0.000e+00
     12.977   5.706639  1023.4730 1.3065e-01    21.6370     0.7847     5.2861     81.702 9.9065e-02    36.0793    27.3536  0.000e+00
     12.895   5.706580  1023.4723 1.3065e-01    21.8311     0.7847     5.2858     81.696 9.9375e-02    36.0788    27.3537  0.000e+00
     12.911   5.706551  1023.4723 1.3065e-01    29.3379     0.8152     5.2855     81.691 9.9375e-02    36.0787    27.3536  0.000e+00
     12.911   5.706588  1023.4722 1.2943e-01   174.5540     0.7236     5.2850     81.685 9.9065e-02    36.0787    27.3539  0.000e+00
     12.829   5.706610  1023.4721 1.0623e-01   257.9691     0.8763     5.2847     81.680 9.9065e-02    36.0790    27.3538  0.000e+00
     12.854   5.706573  1023.4720 1.0501e-01   264.3110     0.9373     5.2843     81.673 9.9065e-02    36.0787    27.3538  0.000e+00
     12.854   5.706617  1023.4723 1.0623e-01   264.3110     0.9373     5.2837     81.664 9.9065e-02    36.0791    27.3537  0.000e+00
     12.829   5.706617  1023.4723 1.0501e-01   261.5283     0.9068     5.2833     81.658 9.9065e-02    36.0792    27.3536  0.000e+00
     12.796   5.706602  1023.4722 1.0501e-01   259.4575     0.9068     5.2829     81.651 9.9065e-02    36.0792    27.3535  0.000e+00
     12.771   5.706610  1023.4720 1.0379e-01   259.6517     0.9068     5.2826     81.647 9.9065e-02    36.0792    27.3536  0.000e+00
     12.730   5.706610  1023.4719 1.0501e-01   259.9752     0.9068     5.2821     81.639 9.9065e-02    36.0792    27.3536  0.000e+00
     12.796   5.706602  1023.4723 1.0501e-01   260.1047     0.9068     5.2818     81.634 9.9065e-02    36.0793    27.3534  0.000e+00
     12.705   5.706632  1023.4721 1.0501e-01   259.9752     0.9068     5.2853     81.689 9.9375e-02    36.0795    27.3534  0.000e+00
     12.730   5.706580  1023.4719 1.0501e-01   259.9752     0.9068     5.2852     81.686 9.9065e-02    36.0791    27.3534  0.000e+00
     12.796   5.706632  1023.4726 1.0501e-01   259.9752     0.9068     5.2889     81.745 9.9375e-02    36.0796    27.3533  0.000e+00
     12.705   5.706654  1023.4721 1.3187e-01   158.6346     0.7236     5.2890     81.746 9.9065e-02    36.0795    27.3535  0.000e+00
     12.730   5.706647  1023.4721 1.3065e-01    26.2316     0.8152     5.2891     81.747 9.9065e-02    36.0794    27.3536  0.000e+00
     12.705   5.706617  1023.4720 1.2943e-01    -0.6890     0.8457     5.2851     81.685 9.9065e-02    36.0794    27.3534  0.000e+00
     12.730   5.706602  1023.4719 1.2943e-01    -0.6890     0.8457     5.2849     81.682 9.9065e-02    36.0792    27.3535  0.000e+00
     12.672   5.706580  1023.4715 1.2943e-01    -0.6890     0.8457     5.2888     81.743 9.9375e-02    36.0790    27.3536  0.000e+00
     12.705   5.706558  1023.4712 1.2943e-01     0.6053     0.8457     5.2890     81.745 9.9065e-02    36.0786    27.3539  0.000e+00
     12.730   5.706551  1023.4712 1.2943e-01     1.2524     0.8457     5.2889     81.744 9.9375e-02    36.0785    27.3540  0.000e+00
     12.672   5.706551  1023.4710 1.2821e-01     1.3171     0.8457     5.2849     81.682 9.9065e-02    36.0785    27.3540  0.000e+00
     12.705   5.706521  1023.4709 1.2821e-01     1.2524     0.8457     5.2887     81.742 9.9065e-02    36.0782    27.3541  0.000e+00
     12.672   5.706514  1023.4706 1.2943e-01     1.1877     0.8457     5.2887     81.742 9.9065e-02    36.0781    27.3542  0.000e+00
     12.705   5.706580  1023.4712 1.2943e-01     1.1877     0.8457     5.2847     81.680 9.9065e-02    36.0786    27.3541  0.000e+00
     12.672   5.706565  1023.4707 1.2943e-01     1.1877     0.8457     5.2846     81.679 9.9065e-02    36.0783    27.3543  0.000e+00
     12.672   5.706521  1023.4706 1.2943e-01    36.0033     0.8152     5.2843     81.674 9.9375e-02    36.0780    27.3543  0.000e+00
     12.705   5.706506  1023.4709 1.2332e-01   196.8800     0.7542     5.2883     81.735 9.9065e-02    36.0781    27.3540  0.000e+00
     12.672   5.706551  1023.4708 1.0501e-01   264.3110     0.9068     5.2881     81.733 9.9375e-02    36.0783    27.3542  0.000e+00
     12.705   5.706492  1023.4707 1.0501e-01   264.3110     0.8763     5.2882     81.734 9.9375e-02    36.0780    27.3541  0.000e+00
     12.730   5.706529  1023.4709 1.0501e-01   264.3110     0.8457     5.2882     81.734 9.9375e-02    36.0782    27.3542  0.000e+00
     12.672   5.706484  1023.4707 1.0501e-01   260.7518     0.8457     5.2842     81.672 9.9065e-02    36.0781    27.3539  0.000e+00
     12.705   5.706492  1023.4706 1.0501e-01   259.4575     0.8457     5.2840     81.669 9.9065e-02    36.0779    27.3542  0.000e+00
     12.672   5.706588  1023.4712 1.0501e-01   259.7164     0.8152     5.2838     81.665 9.9065e-02    36.0787    27.3540  0.000e+00
     12.730   5.706536  1023.4712 1.0501e-01   259.9752     0.8457     5.2838     81.665 9.9065e-02    36.0784    27.3539  0.000e+00
     12.647   5.706506  1023.4705 1.0501e-01   260.0399     0.8457     5.2794     81.598 9.9065e-02    36.0780    27.3542  0.000e+00
     12.796   5.706506  1023.4713 1.0501e-01   259.9752     0.8457     5.2791     81.593 9.9065e-02    36.0782    27.3539  0.000e+00
     12.647   5.706573  1023.4710 1.0501e-01   260.0399     0.8152     5.2785     81.584 9.9065e-02    36.0786    27.3540  0.000e+00
     12.730   5.706543  1023.4713 1.0501e-01   259.9752     0.8457     5.2821     81.639 9.9065e-02    36.0785    27.3539  0.000e+00
     12.730   5.706543  1023.4713 1.3065e-01   135.4026     0.6626     5.2780     81.576 9.9375e-02    36.0785    27.3538  0.000e+00
     12.647   5.706551  1023.4709 1.2821e-01    31.2145     0.7542     5.2736     81.509 9.9065e-02    36.0785    27.3540  0.000e+00
     12.730   5.706551  1023.4715 1.2821e-01    10.5064     0.7542     5.2732     81.502 9.9375e-02    36.0787    27.3537  0.000e+00
     12.730   5.706551  1023.4714 1.2943e-01    15.2951     0.7542     5.2727     81.494 9.9065e-02    36.0786    27.3538  0.000e+00
     12.771   5.706595  1023.4717 1.2943e-01    19.3073     0.7542     5.2681     81.423 9.9065e-02    36.0788    27.3539  0.000e+00
     12.730   5.706573  1023.4715 1.2943e-01    20.0839     0.7542     5.2674     81.412 9.9065e-02    36.0787    27.3538  0.000e+00
