WS23139_STN10_08CTD.cnv
* Sea-Bird SBE 9 Data File:
* FileName = C:\ctd\Cruise_Data\WS23139_Rosenheim\WS23139_Rosenheim_STN10.hex
* Software Version Seasave V 7.26.7.121
* Temperature SN = 4097 MTG 177
* Conductivity SN = 1851 MTG 053
* Number of Bytes Per Scan = 40
* Number of Voltage Words = 5
* Number of Scans Averaged by the Deck Unit = 1
* NMEA Latitude = 04 58.09 N
* NMEA Longitude = 051 40.43 W
* NMEA UTC (Time) = Jun 11 2023 18:29:24
** Ship:
** Station:
** Operator:
# nquan = 12
# nvalues = 16058                                 
# units = specified
# name 0 = depSM: Depth [salt water, m]
# name 1 = c0S/m: Conductivity [S/m]
# name 2 = density00: Density [density, kg/m^3]
# name 3 = flSP: Fluorescence, Seapoint
# name 4 = wetCDOM: Fluorescence, WET Labs CDOM [mg/m^3]
# name 5 = flECO-AFL: Fluorescence, WET Labs ECO-AFL/FL [mg/m^3]
# name 6 = sbeox0Mg/L: Oxygen, SBE 43 [mg/l]
# name 7 = sbeox0PS: Oxygen, SBE 43 [% saturation]
# name 8 = par: PAR/Irradiance, Biospherical/Licor [Watts/m^2]
# name 9 = sal00: Salinity, Practical [PSU]
# name 10 = t090C: Temperature [ITS-90, deg C]
# name 11 = flag:  0.000e+00
# span 0 =      2.034,     51.542                 
# span 1 =   4.729937,   5.716638                 
# span 2 =  1017.4492,  1024.3775                 
# span 3 = 3.2967e-02, 1.6606e-01                 
# span 4 =    -0.6890,   264.3110                 
# span 5 =     0.0826,     2.0667                 
# span 6 =     4.4128,     6.7145                 
# span 7 =     66.667,    101.432                 
# span 8 = 2.4159e-01, 9.3720e+02                 
# span 9 =    28.5757,    36.4551                 
# span 10 =    25.8614,    28.4190                
# span 11 = 0.0000e+00, 0.0000e+00                
# interval = seconds: 0.0416667
# start_time = Jun 11 2023 18:29:24 [NMEA time, header]
# bad_flag = -9.990e-29
*END*
[from data line 12151]
     35.625   5.617488  1024.2486 1.2210e-01    12.1889     0.4184     5.4018     81.895 6.7337e+00    36.4353    26.0698  0.000e+00
     35.567   5.617348  1024.2478 1.2210e-01    12.0595     0.4184     5.4013     81.887 6.7527e+00    36.4345    26.0695  0.000e+00
     35.559   5.617187  1024.2473 1.2210e-01    11.9948     0.4184     5.4050     81.941 6.7718e+00    36.4336    26.0691  0.000e+00
     35.559   5.617135  1024.2473 1.2332e-01    11.9300     0.4184     5.4045     81.934 6.7718e+00    36.4335    26.0688  0.000e+00
     35.559   5.617106  1024.2470 1.2332e-01    12.0595     0.4184     5.4042     81.930 6.7718e+00    36.4332    26.0689  0.000e+00
     35.501   5.617091  1024.2470 1.2332e-01    12.0595     0.4184     5.3999     81.864 6.7909e+00    36.4334    26.0686  0.000e+00
     35.501   5.617121  1024.2470 1.2332e-01    11.1535     0.4184     5.3994     81.857 6.8100e+00    36.4335    26.0688  0.000e+00
     35.501   5.617135  1024.2469 1.2332e-01    10.0534     0.4184     5.3990     81.850 6.8100e+00    36.4334    26.0690  0.000e+00
     35.501   5.617201  1024.2471 1.2332e-01     9.7945     0.4184     5.4026     81.906 6.8292e+00    36.4338    26.0691  0.000e+00
     35.435   5.617201  1024.2470 1.2332e-01     9.7945     0.4184     5.3983     81.841 6.8292e+00    36.4339    26.0690  0.000e+00
     35.501   5.617216  1024.2482 1.2332e-01     9.8592     0.4184     5.4024     81.901 6.8485e+00    36.4348    26.0680  0.000e+00
     35.435   5.617297  1024.2497 1.2210e-01     9.9887     0.4184     5.3981     81.836 6.8485e+00    36.4365    26.0666  0.000e+00
     35.377   5.617451  1024.2503 1.2210e-01     9.8592     0.4184     5.3980     81.834 6.8678e+00    36.4377    26.0666  0.000e+00
     35.435   5.617502  1024.2506 1.2210e-01     9.9239     0.4184     5.3977     81.830 6.9066e+00    36.4378    26.0668  0.000e+00
     35.435   5.617576  1024.2491 1.2210e-01     9.8592     0.4184     5.3933     81.766 6.9066e+00    36.4367    26.0689  0.000e+00
     35.386   5.617568  1024.2476 1.2210e-01     9.8592     0.4184     5.3970     81.824 6.9066e+00    36.4356    26.0703  0.000e+00
     35.377   5.617554  1024.2480 1.2332e-01     9.9239     0.4184     5.3930     81.762 6.9066e+00    36.4359    26.0697  0.000e+00
     35.377   5.617656  1024.2487 1.2332e-01     9.8592     0.4184     5.3887     81.697 6.9066e+00    36.4367    26.0697  0.000e+00
     35.377   5.617759  1024.2495 1.2210e-01    44.4807     0.3879     5.3883     81.691 6.9456e+00    36.4377    26.0694  0.000e+00
     35.320   5.617986  1024.2492 1.1600e-01   199.7921     0.4489     5.3878     81.686 6.9456e+00    36.4383    26.0708  0.000e+00
     35.377   5.618148  1024.2493 1.0012e-01   264.3110     0.4184     5.3875     81.682 6.9456e+00    36.4385    26.0719  0.000e+00
     35.254   5.618162  1024.2485 1.0012e-01   264.3110     0.4184     5.3830     81.615 6.9456e+00    36.4383    26.0724  0.000e+00
     35.386   5.618155  1024.2489 1.0012e-01   264.3110     0.4184     5.3868     81.673 6.9652e+00    36.4381    26.0725  0.000e+00
     35.254   5.618324  1024.2475 1.0012e-01   260.2988     0.4184     5.3823     81.608 6.9652e+00    36.4379    26.0744  0.000e+00
     35.377   5.618471  1024.2479 9.8901e-02   259.3281     0.4184     5.3822     81.608 6.9848e+00    36.4381    26.0754  0.000e+00
     35.254   5.618581  1024.2484 9.8901e-02   259.5222     0.4184     5.3819     81.603 6.9848e+00    36.4393    26.0749  0.000e+00
     35.320   5.618647  1024.2493 9.8901e-02   259.7811     0.4184     5.3777     81.539 7.0045e+00    36.4400    26.0746  0.000e+00
     35.254   5.618691  1024.2499 9.8901e-02   259.7811     0.4184     5.3774     81.533 7.0045e+00    36.4409    26.0740  0.000e+00
     35.254   5.618632  1024.2495 1.0012e-01   259.7811     0.4184     5.3730     81.467 7.0045e+00    36.4404    26.0741  0.000e+00
     35.320   5.618471  1024.2493 1.0012e-01   259.7811     0.4184     5.3727     81.462 7.0441e+00    36.4395    26.0736  0.000e+00
     35.320   5.618228  1024.2487 1.0012e-01   259.7811     0.4184     5.3725     81.457 7.0243e+00    36.4384    26.0728  0.000e+00
     35.254   5.618118  1024.2482 1.2576e-01   132.7493     0.3879     5.3679     81.386 7.0243e+00    36.4380    26.0724  0.000e+00
     35.254   5.618162  1024.2487 1.2332e-01    27.4612     0.4184     5.3673     81.377 7.0243e+00    36.4385    26.0721  0.000e+00
     35.254   5.618162  1024.2485 1.2332e-01     6.6883     0.4184     5.3669     81.371 7.0243e+00    36.4383    26.0724  0.000e+00
     35.254   5.618155  1024.2485 1.2454e-01    11.5418     0.4184     5.3623     81.302 7.0243e+00    36.4383    26.0723  0.000e+00
     35.320   5.618089  1024.2485 1.2332e-01    15.6187     0.4489     5.3620     81.297 7.0441e+00    36.4379    26.0722  0.000e+00
     35.196   5.618016  1024.2480 1.2332e-01    16.3952     0.4489     5.3574     81.225 7.0441e+00    36.4378    26.0717  0.000e+00
     35.254   5.617913  1024.2479 1.2332e-01    16.2011     0.4489     5.3565     81.212 7.0639e+00    36.4372    26.0715  0.000e+00
     35.254   5.617876  1024.2478 1.2332e-01    15.9423     0.4489     5.3517     81.138 7.0441e+00    36.4370    26.0714  0.000e+00
     35.254   5.617942  1024.2476 1.2332e-01    16.0070     0.4489     5.3509     81.127 7.0441e+00    36.4370    26.0720  0.000e+00
     35.254   5.618030  1024.2476 1.2332e-01    16.0070     0.4489     5.3459     81.053 7.0639e+00    36.4373    26.0725  0.000e+00
     35.254   5.618089  1024.2477 1.2332e-01    16.0070     0.4489     5.3452     81.042 7.0441e+00    36.4375    26.0727  0.000e+00
     35.196   5.618206  1024.2475 1.2332e-01    16.0070     0.4489     5.3401     80.966 7.0441e+00    36.4378    26.0734  0.000e+00
     35.254   5.618272  1024.2479 1.2332e-01    79.1669     0.3879     5.3351     80.890 7.0441e+00    36.4381    26.0736  0.000e+00
     35.254   5.618287  1024.2477 1.0989e-01   221.4710     0.4794     5.3381     80.937 7.0441e+00    36.4380    26.0739  0.000e+00
     35.254   5.618287  1024.2480 1.0012e-01   264.3110     0.4489     5.3292     80.801 7.0441e+00    36.4382    26.0736  0.000e+00
     35.196   5.618353  1024.2479 1.0012e-01   264.3110     0.4489     5.3240     80.723 7.0441e+00    36.4385    26.0739  0.000e+00
     35.254   5.618514  1024.2484 9.8901e-02   264.3110     0.4489     5.3226     80.703 7.0639e+00    36.4391    26.0746  0.000e+00
     35.254   5.618793  1024.2490 9.8901e-02   259.7811     0.4489     5.3172     80.623 7.0639e+00    36.4404    26.0756  0.000e+00
     35.196   5.618984  1024.2489 1.0012e-01   259.3281     0.4489     5.3199     80.665 7.0639e+00    36.4410    26.0766  0.000e+00
     35.196   5.619094  1024.2491 1.0012e-01   259.5869     0.4489     5.3188     80.650 7.0639e+00    36.4414    26.0771  0.000e+00
     35.254   5.619057  1024.2488 1.0012e-01   259.7811     0.4489     5.3142     80.580 7.0639e+00    36.4409    26.0774  0.000e+00
     35.196   5.618955  1024.2481 9.8901e-02   259.7811     0.4489     5.3094     80.507 7.0441e+00    36.4402    26.0773  0.000e+00
     35.196   5.618867  1024.2482 9.8901e-02   259.7811     0.4489     5.3087     80.496 7.0839e+00    36.4401    26.0767  0.000e+00
     35.130   5.618712  1024.2479 9.8901e-02   259.7811     0.4489     5.3080     80.483 7.0839e+00    36.4396    26.0758  0.000e+00
     35.254   5.618595  1024.2479 1.0134e-01   248.5857     0.4794     5.3074     80.474 7.0839e+00    36.4389    26.0756  0.000e+00
     35.073   5.618492  1024.2471 1.2332e-01    87.5796     0.3879     5.3028     80.403 7.0839e+00    36.4386    26.0751  0.000e+00
     35.197   5.618441  1024.2480 1.2210e-01     1.3171     0.4489     5.3026     80.398 7.0839e+00    36.4388    26.0743  0.000e+00
     35.131   5.618324  1024.2474 1.2210e-01    -0.6890     0.4489     5.3021     80.392 7.1038e+00    36.4382    26.0740  0.000e+00
     35.131   5.618287  1024.2477 1.2210e-01    -0.6890     0.4184     5.2981     80.329 7.0839e+00    36.4384    26.0734  0.000e+00
     35.131   5.618148  1024.2475 1.2210e-01    -0.6890     0.4184     5.2978     80.324 7.1239e+00    36.4379    26.0727  0.000e+00
     35.131   5.618001  1024.2473 1.2210e-01    -0.6890     0.4184     5.2937     80.260 7.1239e+00    36.4374    26.0721  0.000e+00
     35.073   5.617964  1024.2473 1.2210e-01    -0.2360     0.4184     5.2935     80.257 7.1239e+00    36.4375    26.0716  0.000e+00
     35.073   5.617935  1024.2474 1.2332e-01    -0.1066     0.4489     5.2933     80.253 7.1641e+00    36.4375    26.0714  0.000e+00
     35.081   5.617810  1024.2473 1.2332e-01    -0.0419     0.4184     5.2853     80.132 7.1440e+00    36.4371    26.0708  0.000e+00
     35.015   5.617715  1024.2469 1.2210e-01    -0.1066     0.4489     5.2850     80.126 7.1641e+00    36.4367    26.0703  0.000e+00
     35.073   5.617722  1024.2473 1.2210e-01    -0.1066     0.4489     5.2847     80.121 7.1641e+00    36.4369    26.0702  0.000e+00
     35.015   5.617766  1024.2469 1.2210e-01    -0.1066     0.4489     5.2844     80.118 7.1843e+00    36.4368    26.0707  0.000e+00
     35.015   5.617781  1024.2469 1.2210e-01    -0.1066     0.4489     5.2803     80.055 7.1843e+00    36.4369    26.0708  0.000e+00
     35.015   5.617817  1024.2470 1.2210e-01    -0.1066     0.4489     5.2802     80.054 7.2249e+00    36.4371    26.0708  0.000e+00
     34.949   5.617898  1024.2471 1.2210e-01    -0.1066     0.4184     5.2719     79.928 7.2046e+00    36.4376    26.0709  0.000e+00
     34.958   5.617949  1024.2465 1.2210e-01    -0.1066     0.4489     5.2758     79.988 7.2453e+00    36.4372    26.0719  0.000e+00
     34.949   5.617927  1024.2463 1.2210e-01    -0.1066     0.4489     5.2717     79.927 7.2453e+00    36.4370    26.0720  0.000e+00
     34.949   5.617751  1024.2457 1.2332e-01    -0.1066     0.4184     5.2718     79.928 7.2657e+00    36.4360    26.0715  0.000e+00
     34.892   5.617385  1024.2453 1.2332e-01    -0.1066     0.4489     5.2722     79.931 7.2862e+00    36.4350    26.0695  0.000e+00
     34.892   5.616592  1024.2439 1.2332e-01    -0.1066     0.4489     5.2728     79.933 7.3067e+00    36.4318    26.0663  0.000e+00
     34.892   5.615257  1024.2414 1.2454e-01    -0.1066     0.4184     5.2697     79.877 7.2862e+00    36.4262    26.0610  0.000e+00
     34.892   5.613783  1024.2415 1.2454e-01    -0.0419     0.4184     5.2707     79.878 7.3067e+00    36.4226    26.0519  0.000e+00
     34.900   5.612764  1024.2412 1.2454e-01    -0.1066     0.4489     5.2757     79.945 7.3067e+00    36.4198    26.0461  0.000e+00
     34.826   5.612537  1024.2395 1.2454e-01    -0.1066     0.4489     5.2764     79.955 7.3480e+00    36.4180    26.0463  0.000e+00
     34.826   5.612566  1024.2390 1.2332e-01    -0.1066     0.4489     5.2770     79.965 7.3687e+00    36.4176    26.0470  0.000e+00
     34.826   5.612339  1024.2396 1.2210e-01    -0.1066     0.4489     5.2780     79.977 7.3895e+00    36.4176    26.0450  0.000e+00
     34.826   5.612126  1024.2394 1.2332e-01    -0.1066     0.4489     5.2791     79.991 7.3895e+00    36.4169    26.0439  0.000e+00
     34.768   5.612104  1024.2390 1.2454e-01    -0.1066     0.4489     5.2799     80.005 7.4103e+00    36.4167    26.0439  0.000e+00
     34.826   5.612119  1024.2389 1.2454e-01    -0.1066     0.4489     5.2851     80.083 7.4103e+00    36.4164    26.0445  0.000e+00
     34.768   5.612053  1024.2391 1.2454e-01    -0.1066     0.4489     5.2863     80.101 7.4312e+00    36.4167    26.0436  0.000e+00
     34.710   5.611965  1024.2390 1.2332e-01    -0.1066     0.4184     5.2877     80.121 7.4312e+00    36.4166    26.0428  0.000e+00
     34.826   5.611869  1024.2388 1.2332e-01    -0.1066     0.4184     5.2890     80.141 7.4522e+00    36.4157    26.0430  0.000e+00
     34.710   5.611737  1024.2379 1.2332e-01    -0.1066     0.3879     5.2904     80.160 7.4732e+00    36.4151    26.0426  0.000e+00
     34.768   5.611605  1024.2375 1.2332e-01    -0.1066     0.4184     5.2958     80.242 7.4942e+00    36.4141    26.0426  0.000e+00
     34.710   5.611466  1024.2369 1.2332e-01    -0.1066     0.4184     5.2974     80.266 7.4942e+00    36.4135    26.0421  0.000e+00
     34.710   5.611224  1024.2375 1.2332e-01    -0.1066     0.4184     5.2991     80.289 7.5154e+00    36.4134    26.0401  0.000e+00
     34.768   5.611048  1024.2384 1.2332e-01     3.0644     0.4184     5.3007     80.310 7.5366e+00    36.4135    26.0383  0.000e+00
     34.710   5.611048  1024.2377 1.2576e-01   155.3989     0.3879     5.3023     80.335 7.5578e+00    36.4132    26.0387  0.000e+00
     34.645   5.611158  1024.2380 1.0134e-01   255.5100     0.4184     5.3035     80.354 7.5578e+00    36.4139    26.0388  0.000e+00
     34.768   5.611297  1024.2387 1.0012e-01   264.3110     0.4184     5.3047     80.373 7.5578e+00    36.4145    26.0394  0.000e+00
     34.645   5.611407  1024.2388 1.0012e-01   264.3110     0.4184     5.3017     80.329 7.5578e+00    36.4153    26.0394  0.000e+00
     34.711   5.611459  1024.2396 1.0012e-01   262.2402     0.4184     5.3068     80.405 7.5791e+00    36.4158    26.0392  0.000e+00
     34.711   5.611539  1024.2398 1.0012e-01   259.3281     0.3879     5.3081     80.426 7.5791e+00    36.4162    26.0394  0.000e+00
     34.711   5.611635  1024.2405 1.0012e-01   259.4575     0.4184     5.3096     80.448 7.6005e+00    36.4171    26.0392  0.000e+00
     34.587   5.611554  1024.2394 1.0134e-01   259.7164     0.4184     5.3067     80.405 7.6005e+00    36.4164    26.0394  0.000e+00
     34.711   5.611517  1024.2397 1.0134e-01   259.7811     0.4184     5.3078     80.420 7.6005e+00    36.4161    26.0394  0.000e+00
     34.645   5.611385  1024.2392 1.0134e-01   259.7811     0.4184     5.3088     80.434 7.6005e+00    36.4155    26.0389  0.000e+00
     34.711   5.611231  1024.2390 1.0134e-01   259.7811     0.4184     5.3099     80.451 7.6005e+00    36.4147    26.0384  0.000e+00
     34.645   5.611129  1024.2385 1.0012e-01   259.7811     0.4184     5.3111     80.468 7.6005e+00    36.4143    26.0381  0.000e+00
     34.645   5.611004  1024.2386 9.8901e-02   259.7811     0.4184     5.3080     80.420 7.6219e+00    36.4140    26.0372  0.000e+00
     34.645   5.610865  1024.2385 1.0012e-01   259.7811     0.3879     5.3089     80.432 7.6219e+00    36.4137    26.0365  0.000e+00
     34.711   5.610806  1024.2391 1.0012e-01   259.7811     0.4184     5.3099     80.446 7.6219e+00    36.4138    26.0357  0.000e+00
     34.595   5.610755  1024.2385 1.0012e-01   259.7164     0.4184     5.3064     80.394 7.6219e+00    36.4135    26.0356  0.000e+00
     34.711   5.610703  1024.2384 1.0012e-01   259.7811     0.4184     5.3071     80.403 7.6219e+00    36.4129    26.0359  0.000e+00
     34.587   5.610865  1024.2388 1.0012e-01   259.7811     0.4184     5.2991     80.284 7.6219e+00    36.4141    26.0359  0.000e+00
     34.645   5.611195  1024.2401 1.0012e-01   259.7811     0.4184     5.2950     80.222 7.6219e+00    36.4159    26.0367  0.000e+00
     34.645   5.611635  1024.2403 1.0012e-01   259.7811     0.4184     5.2905     80.159 7.6434e+00    36.4171    26.0392  0.000e+00
     34.645   5.611950  1024.2402 9.8901e-02   259.7811     0.4184     5.2896     80.148 7.6434e+00    36.4178    26.0412  0.000e+00
     34.645   5.612199  1024.2407 9.8901e-02   259.7811     0.4489     5.2847     80.076 7.6650e+00    36.4189    26.0421  0.000e+00
     34.587   5.612427  1024.2409 9.8901e-02   259.7811     0.4489     5.2797     80.002 7.6650e+00    36.4199    26.0430  0.000e+00
     34.653   5.612588  1024.2410 9.8901e-02   259.7811     0.4489     5.2706     79.865 7.6434e+00    36.4202    26.0441  0.000e+00
     34.587   5.612602  1024.2404 1.0501e-01   239.7200     0.4794     5.2649     79.780 7.6650e+00    36.4199    26.0446  0.000e+00
     34.587   5.612544  1024.2399 1.2454e-01    83.8263     0.3879     5.2552     79.632 7.6650e+00    36.4193    26.0448  0.000e+00
