WS23139_STN05_04CTD.cnv
* Sea-Bird SBE 9 Data File:
* FileName = C:\ctd\Cruise_Data\WS23139_Rosenheim\WS23139_Rosenheim_STN05.hex
* Software Version Seasave V 7.26.7.121
* Temperature SN = 4097 MTG 177
* Conductivity SN = 1851 MTG 053
* Number of Bytes Per Scan = 40
* Number of Voltage Words = 5
* Number of Scans Averaged by the Deck Unit = 1
* NMEA Latitude = 01 36.61 N
* NMEA Longitude = 049 35.71 W
* NMEA UTC (Time) = Jun 08 2023 19:21:18
** Ship:
** Station:
** Operator:
# nquan = 12
# nvalues = 8946                                  
# units = specified
# name 0 = depSM: Depth [salt water, m]
# name 1 = c0S/m: Conductivity [S/m]
# name 2 = density00: Density [density, kg/m^3]
# name 3 = flSP: Fluorescence, Seapoint
# name 4 = wetCDOM: Fluorescence, WET Labs CDOM [mg/m^3]
# name 5 = flECO-AFL: Fluorescence, WET Labs ECO-AFL/FL [mg/m^3]
# name 6 = sbeox0Mg/L: Oxygen, SBE 43 [mg/l]
# name 7 = sbeox0PS: Oxygen, SBE 43 [% saturation]
# name 8 = par: PAR/Irradiance, Biospherical/Licor [Watts/m^2]
# name 9 = sal00: Salinity, Practical [PSU]
# name 10 = t090C: Temperature [ITS-90, deg C]
# name 11 = flag:  0.000e+00
# span 0 =      1.598,      7.996                 
# span 1 =   0.286384,   0.406249                 
# span 2 =   996.7241,   997.2963                 
# span 3 = 1.1722e-01, 1.4652e-01                 
# span 4 =    17.0424,    26.5552                 
# span 5 =     1.2120,     1.9446                 
# span 6 =     3.9161,     5.7156                 
# span 7 =     51.917,     75.914                 
# span 8 = 9.8755e-02, 6.8789e+02                 
# span 9 =     1.3432,     1.9493                 
# span 10 =    29.4673,    29.8063                
# span 11 = 0.0000e+00, 0.0000e+00                
# interval = seconds: 0.0416667
# start_time = Jun 08 2023 19:21:18 [NMEA time, header]
# bad_flag = -9.990e-29
*END*
[from data line 7219]
      2.310   0.399739   997.2412 1.2210e-01    18.2072     1.2426     4.8575     64.410 1.0214e+01     1.9221    29.5219  0.000e+00
      2.277   0.399725   997.2410 1.2210e-01    18.2072     1.2426     4.8649     64.507 9.9589e+00     1.9220    29.5218  0.000e+00
      2.376   0.399715   997.2414 1.2210e-01    18.2072     1.2426     4.8721     64.604 9.8197e+00     1.9220    29.5218  0.000e+00
      2.277   0.399712   997.2410 1.2210e-01    18.4661     1.2426     4.8793     64.699 9.7646e+00     1.9220    29.5219  0.000e+00
      2.310   0.399695   997.2411 1.2210e-01    18.5955     1.2426     4.8815     64.728 9.3346e+00     1.9219    29.5218  0.000e+00
      2.343   0.399699   997.2412 1.2210e-01    18.5955     1.2426     4.8882     64.816 9.0500e+00     1.9219    29.5219  0.000e+00
      2.376   0.399702   997.2413 1.2210e-01    18.5955     1.2426     4.8902     64.843 8.9992e+00     1.9219    29.5220  0.000e+00
      2.343   0.399699   997.2412 1.2210e-01    18.5955     1.2120     4.8966     64.929 8.5545e+00     1.9219    29.5220  0.000e+00
      2.310   0.399699   997.2411 1.2210e-01    18.5955     1.2120     4.8982     64.950 8.2239e+00     1.9219    29.5219  0.000e+00
      2.343   0.399678   997.2411 1.2210e-01    18.4014     1.2120     4.9045     65.032 8.1777e+00     1.9218    29.5220  0.000e+00
      2.376   0.399668   997.2411 1.2332e-01    18.5955     1.2120     4.9102     65.109 7.7518e+00     1.9217    29.5221  0.000e+00
      2.376   0.399665   997.2412 1.2454e-01    18.5955     1.2120     4.9116     65.127 7.3067e+00     1.9217    29.5219  0.000e+00
      2.401   0.399665   997.2413 1.2332e-01    18.5955     1.2120     4.9173     65.203 7.2046e+00     1.9217    29.5220  0.000e+00
      2.310   0.399682   997.2408 1.2454e-01    18.5955     1.2120     4.9183     65.216 6.8485e+00     1.9218    29.5223  0.000e+00
      2.401   0.399668   997.2413 1.2454e-01    18.5955     1.2120     4.9240     65.292 6.3649e+00     1.9217    29.5220  0.000e+00
      2.376   0.399662   997.2411 1.2454e-01    18.4661     1.2120     4.9250     65.305 6.2583e+00     1.9217    29.5221  0.000e+00
      2.401   0.399638   997.2411 1.2576e-01    18.2072     1.2120     4.9255     65.312 6.0333e+00     1.9216    29.5223  0.000e+00
      2.376   0.399648   997.2410 1.2576e-01    18.0778     1.2120     4.9304     65.377 5.6867e+00     1.9216    29.5222  0.000e+00
      2.401   0.399635   997.2411 1.2698e-01    18.0778     1.2120     4.9306     65.380 5.5757e+00     1.9216    29.5223  0.000e+00
      2.434   0.399625   997.2412 1.2698e-01    18.0778     1.2120     4.9308     65.382 5.4668e+00     1.9215    29.5223  0.000e+00
      2.343   0.399628   997.2408 1.2698e-01    18.0778     1.2120     4.9353     65.442 5.1965e+00     1.9215    29.5224  0.000e+00
      2.434   0.399628   997.2412 1.2698e-01    18.0131     1.2120     4.9352     65.441 5.1238e+00     1.9215    29.5223  0.000e+00
      2.459   0.399625   997.2412 1.2576e-01    18.0778     1.2120     4.9395     65.497 5.0237e+00     1.9215    29.5225  0.000e+00
      2.376   0.399618   997.2409 1.2576e-01    18.0778     1.2120     4.9344     65.429 4.6688e+00     1.9215    29.5224  0.000e+00
      2.459   0.399601   997.2412 1.2576e-01    18.0778     1.2120     4.9337     65.420 4.5135e+00     1.9214    29.5223  0.000e+00
      2.434   0.399598   997.2410 1.2454e-01    18.0778     1.2120     4.9327     65.407 4.4254e+00     1.9214    29.5225  0.000e+00
      2.401   0.399601   997.2409 1.2576e-01    18.0778     1.2120     4.9315     65.391 3.8653e+00     1.9214    29.5224  0.000e+00
      2.434   0.399601   997.2410 1.2698e-01    18.0778     1.2120     4.9300     65.371 3.6123e+00     1.9214    29.5225  0.000e+00
      2.459   0.399594   997.2411 1.2576e-01    18.4661     1.2120     4.9331     65.413 3.5517e+00     1.9213    29.5225  0.000e+00
      2.492   0.399578   997.2412 1.2576e-01    18.7896     1.2120     4.9269     65.331 2.8501e+00     1.9213    29.5226  0.000e+00
      2.401   0.399571   997.2408 1.2454e-01    18.7896     1.2120     4.9251     65.306 2.4959e+00     1.9212    29.5225  0.000e+00
      2.492   0.399578   997.2411 1.2454e-01    18.7896     1.2120     4.9233     65.283 2.4540e+00     1.9213    29.5227  0.000e+00
      2.459   0.399561   997.2409 1.2454e-01    18.7896     1.2120     4.9215     65.259 1.9300e+00     1.9212    29.5228  0.000e+00
      2.492   0.399564   997.2411 1.2576e-01    18.8543     1.2120     4.9151     65.173 1.6240e+00     1.9212    29.5225  0.000e+00
      2.459   0.399561   997.2409 1.2576e-01    18.7896     1.2120     4.9172     65.202 1.5787e+00     1.9212    29.5227  0.000e+00
      2.492   0.399537   997.2410 1.2454e-01    18.7896     1.2120     4.9059     65.052 1.2764e+00     1.9210    29.5228  0.000e+00
      2.525   0.399544   997.2412 1.2576e-01    18.7896     1.2120     4.9033     65.018 1.0614e+00     1.9211    29.5227  0.000e+00
      2.434   0.399534   997.2406 1.2576e-01    18.7896     1.2120     4.9006     64.983 1.0200e+00     1.9210    29.5229  0.000e+00
      2.525   0.399527   997.2411 1.2576e-01    18.7896     1.2120     4.8982     64.949 8.6727e-01     1.9210    29.5228  0.000e+00
      2.492   0.399510   997.2408 1.2576e-01    18.7896     1.2120     4.8910     64.855 7.1849e-01     1.9209    29.5229  0.000e+00
      2.525   0.399514   997.2410 1.2576e-01    18.5955     1.2120     4.8930     64.881 6.8835e-01     1.9209    29.5229  0.000e+00
      2.558   0.399517   997.2411 1.2454e-01    18.2719     1.2120     4.8812     64.724 5.9832e-01     1.9209    29.5230  0.000e+00
      2.459   0.399507   997.2406 1.2454e-01    18.2072     1.2120     4.8784     64.688 4.8661e-01     1.9209    29.5231  0.000e+00
      2.558   0.399487   997.2409 1.2454e-01    18.2072     1.2120     4.8712     64.593 4.5807e-01     1.9208    29.5233  0.000e+00
      2.525   0.399460   997.2407 1.2454e-01    18.2072     1.2120     4.8686     64.557 4.0815e-01     1.9206    29.5232  0.000e+00
      2.492   0.399440   997.2404 1.2576e-01    18.2719     1.2120     4.8660     64.523 3.1993e-01     1.9205    29.5233  0.000e+00
      2.525   0.399423   997.2406 1.2576e-01    18.2072     1.2120     4.8590     64.430 2.9658e-01     1.9205    29.5231  0.000e+00
      2.558   0.399386   997.2405 1.2454e-01    18.2072     1.2120     4.8517     64.333 2.7975e-01     1.9203    29.5234  0.000e+00
      2.525   0.399342   997.2402 1.2454e-01    18.2072     1.2120     4.8445     64.239 2.3251e-01     1.9200    29.5233  0.000e+00
      2.492   0.399298   997.2398 1.2454e-01    18.2072     1.2120     4.8418     64.202 2.1789e-01     1.9198    29.5234  0.000e+00
      2.583   0.399258   997.2400 1.2454e-01    18.2072     1.2120     4.8347     64.108 2.1343e-01     1.9196    29.5235  0.000e+00
      2.492   0.399228   997.2395 1.2332e-01    18.2072     1.2120     4.8274     64.012 1.9700e-01     1.9194    29.5236  0.000e+00
      2.525   0.399221   997.2396 1.2332e-01    18.3366     1.2120     4.8249     63.979 1.9009e-01     1.9194    29.5236  0.000e+00
      2.492   0.399221   997.2395 1.2332e-01    18.5308     1.2120     4.8178     63.884 1.9009e-01     1.9194    29.5235  0.000e+00
      2.583   0.399251   997.2399 1.2454e-01    18.6602     1.2120     4.8153     63.852 1.9180e-01     1.9195    29.5238  0.000e+00
      2.492   0.399261   997.2396 1.2454e-01    18.6602     1.2120     4.8082     63.757 1.9237e-01     1.9196    29.5236  0.000e+00
      2.525   0.399255   997.2397 1.2454e-01    18.6602     1.2120     4.8058     63.726 1.9410e-01     1.9196    29.5239  0.000e+00
      2.492   0.399211   997.2394 1.2454e-01    18.6602     1.2120     4.7989     63.633 2.3876e-01     1.9193    29.5238  0.000e+00
      2.459   0.399171   997.2391 1.2332e-01    18.6602     1.2120     4.7919     63.542 2.7089e-01     1.9191    29.5238  0.000e+00
      2.492   0.399134   997.2390 1.2332e-01    18.6602     1.2120     4.7898     63.513 2.7569e-01     1.9189    29.5241  0.000e+00
      2.434   0.399103   997.2386 1.2332e-01    18.6602     1.2120     4.7830     63.423 3.5831e-01     1.9188    29.5240  0.000e+00
      2.525   0.399073   997.2389 1.2332e-01    18.6602     1.2120     4.7811     63.398 4.3366e-01     1.9186    29.5242  0.000e+00
      2.434   0.399067   997.2384 1.2332e-01    18.6602     1.2120     4.7792     63.372 4.4763e-01     1.9186    29.5243  0.000e+00
      2.459   0.399030   997.2383 1.2332e-01    18.6602     1.2120     4.7776     63.352 5.8476e-01     1.9184    29.5246  0.000e+00
      2.434   0.398986   997.2380 1.2332e-01    18.6602     1.2120     4.7761     63.333 7.6943e-01     1.9182    29.5247  0.000e+00
      2.459   0.398956   997.2379 1.2332e-01    18.4014     1.2120     4.7702     63.254 8.1226e-01     1.9180    29.5248  0.000e+00
      2.434   0.398942   997.2377 1.2332e-01    18.2719     1.2120     4.7690     63.238 1.0113e+00     1.9179    29.5251  0.000e+00
      2.401   0.398925   997.2373 1.2454e-01    18.2072     1.2426     4.7679     63.224 1.3977e+00     1.9178    29.5257  0.000e+00
      2.377   0.398912   997.2371 1.2454e-01    18.2072     1.2120     4.7669     63.211 1.5173e+00     1.9177    29.5258  0.000e+00
      2.401   0.398898   997.2371 1.2454e-01    18.2072     1.2120     4.7663     63.204 1.8187e+00     1.9177    29.5260  0.000e+00
      2.377   0.398895   997.2369 1.2454e-01    18.2072     1.2120     4.7705     63.259 2.5966e+00     1.9176    29.5260  0.000e+00
      2.344   0.398905   997.2366 1.2454e-01    18.2072     1.2120     4.7706     63.261 2.8988e+00     1.9177    29.5267  0.000e+00
      2.377   0.398898   997.2368 1.2454e-01    18.2072     1.2120     4.7660     63.200 3.2452e+00     1.9176    29.5266  0.000e+00
      2.401   0.398902   997.2368 1.2454e-01    18.2072     1.2120     4.7660     63.200 4.5391e+00     1.9177    29.5268  0.000e+00
      2.311   0.398898   997.2362 1.2332e-01    18.2072     1.2120     4.7707     63.263 5.1238e+00     1.9176    29.5272  0.000e+00
      2.344   0.398892   997.2363 1.2210e-01    18.2072     1.2120     4.7758     63.330 5.4668e+00     1.9176    29.5275  0.000e+00
      2.311   0.398895   997.2361 1.2210e-01    18.2072     1.2120     4.7765     63.341 7.2249e+00     1.9176    29.5275  0.000e+00
      2.344   0.398895   997.2361 1.2210e-01    18.2719     1.2120     4.7823     63.417 8.1548e+00     1.9176    29.5281  0.000e+00
      2.311   0.398895   997.2360 1.2210e-01    18.5955     1.2120     4.7835     63.434 8.4350e+00     1.9176    29.5280  0.000e+00
      2.344   0.398898   997.2361 1.2210e-01    18.6602     1.2120     4.7849     63.452 1.0418e+01     1.9176    29.5283  0.000e+00
      2.311   0.398895   997.2358 1.2210e-01    18.7249     1.2120     4.7956     63.595 1.1593e+01     1.9176    29.5284  0.000e+00
      2.278   0.398902   997.2357 1.2210e-01    18.6602     1.2120     4.8022     63.682 1.1758e+01     1.9176    29.5286  0.000e+00
      2.311   0.398895   997.2357 1.2210e-01    18.5955     1.2120     4.8043     63.710 1.2938e+01     1.9175    29.5288  0.000e+00
      2.344   0.398902   997.2359 1.2210e-01    18.6602     1.2120     4.8113     63.803 1.3726e+01     1.9176    29.5286  0.000e+00
      2.253   0.398909   997.2355 1.2332e-01    18.6602     1.2120     4.8135     63.832 1.3803e+01     1.9176    29.5287  0.000e+00
      2.344   0.398915   997.2359 1.2454e-01    18.6602     1.2120     4.8251     63.986 1.3345e+01     1.9176    29.5290  0.000e+00
      2.311   0.398912   997.2357 1.2454e-01    18.6602     1.2120     4.8278     64.023 1.2975e+01     1.9176    29.5290  0.000e+00
      2.278   0.398902   997.2355 1.2332e-01    18.6602     1.2120     4.8353     64.121 1.2938e+01     1.9176    29.5291  0.000e+00
      2.311   0.398912   997.2350 1.2332e-01    18.6602     1.2120     4.8426     64.220 1.1758e+01     1.9175    29.5312  0.000e+00
      2.344   0.398912   997.2340 1.2332e-01    18.7249     1.2120     4.8502     64.325 1.0715e+01     1.9174    29.5345  0.000e+00
      2.311   0.398922   997.2328 1.2332e-01    18.3366     1.2120     4.8530     64.366 1.0506e+01     1.9173    29.5381  0.000e+00
      2.278   0.398922   997.2319 1.2332e-01    18.2719     1.2120     4.8605     64.468 9.5741e+00     1.9172    29.5402  0.000e+00
      2.311   0.398932   997.2319 1.2332e-01    18.2072     1.2120     4.8681     64.570 8.4587e+00     1.9173    29.5408  0.000e+00
      2.344   0.398925   997.2316 1.2210e-01    18.2719     1.2120     4.8759     64.674 8.2008e+00     1.9172    29.5422  0.000e+00
      2.377   0.398919   997.2299 1.2210e-01    18.2072     1.2120     4.8789     64.720 7.4103e+00     1.9169    29.5475  0.000e+00
      2.344   0.398949   997.2278 1.2210e-01    18.2072     1.2120     4.8861     64.823 6.2056e+00     1.9168    29.5538  0.000e+00
      2.253   0.398959   997.2266 1.2210e-01    18.2072     1.2120     4.8889     64.863 5.8823e+00     1.9168    29.5566  0.000e+00
      2.401   0.398952   997.2270 1.2088e-01    18.2072     1.2120     4.8964     64.963 5.3450e+00     1.9167    29.5573  0.000e+00
      2.377   0.398949   997.2271 1.2088e-01    18.2072     1.2120     4.9040     65.063 4.2064e+00     1.9167    29.5564  0.000e+00
      2.344   0.398969   997.2277 1.2088e-01    18.2072     1.2120     4.9070     65.101 3.8653e+00     1.9169    29.5543  0.000e+00
      2.434   0.398979   997.2291 1.2088e-01    18.2072     1.2120     4.9144     65.196 3.5718e+00     1.9171    29.5516  0.000e+00
      2.401   0.398982   997.2301 1.2088e-01    18.2072     1.2120     4.9127     65.170 2.6710e+00     1.9172    29.5481  0.000e+00
      2.377   0.398986   997.2310 1.2088e-01    18.2072     1.2120     4.9151     65.198 2.3789e+00     1.9174    29.5451  0.000e+00
      2.492   0.398986   997.2324 1.2088e-01    18.2719     1.2120     4.9220     65.286 2.2802e+00     1.9175    29.5423  0.000e+00
      2.344   0.398979   997.2325 1.2088e-01    18.2719     1.2120     4.9193     65.248 1.7580e+00     1.9175    29.5401  0.000e+00
      2.492   0.398972   997.2338 1.2210e-01    18.2719     1.2120     4.9211     65.270 1.5565e+00     1.9176    29.5380  0.000e+00
      2.401   0.398962   997.2338 1.2210e-01    18.2719     1.2120     4.9270     65.346 1.5216e+00     1.9176    29.5366  0.000e+00
      2.434   0.398939   997.2344 1.2210e-01    18.4014     1.2120     4.9235     65.298 1.2337e+00     1.9175    29.5351  0.000e+00
      2.525   0.398922   997.2351 1.2210e-01    18.2719     1.2120     4.9244     65.308 1.0982e+00     1.9175    29.5338  0.000e+00
      2.492   0.398912   997.2352 1.2210e-01    18.2719     1.2120     4.9247     65.312 1.0827e+00     1.9175    29.5330  0.000e+00
      2.459   0.398898   997.2353 1.2210e-01    18.2719     1.2120     4.9203     65.252 9.1548e-01     1.9174    29.5321  0.000e+00
      2.492   0.398878   997.2356 1.2210e-01    18.3366     1.2120     4.9248     65.311 8.2392e-01     1.9173    29.5316  0.000e+00
      2.459   0.398865   997.2355 1.2210e-01    18.2719     1.2120     4.9201     65.248 8.1226e-01     1.9173    29.5311  0.000e+00
      2.558   0.398861   997.2360 1.2210e-01    18.2719     1.2120     4.9151     65.181 7.3299e-01     1.9173    29.5308  0.000e+00
      2.525   0.398855   997.2360 1.2210e-01    18.3366     1.2120     4.9186     65.228 6.7279e-01     1.9173    29.5305  0.000e+00
      2.492   0.398838   997.2358 1.2210e-01    18.2719     1.2120     4.9130     65.154 6.6324e-01     1.9172    29.5302  0.000e+00
      2.525   0.398818   997.2360 1.2210e-01    18.4014     1.2120     4.9071     65.075 6.2457e-01     1.9171    29.5301  0.000e+00
      2.558   0.398804   997.2361 1.2210e-01    18.2719     1.2120     4.9054     65.053 5.8981e-01     1.9170    29.5301  0.000e+00
      2.583   0.398798   997.2363 1.2210e-01    18.3366     1.2120     4.8991     64.968 5.8142e-01     1.9170    29.5297  0.000e+00
