WS23139_STN07_06CTD.cnv
* Sea-Bird SBE 9 Data File:
* FileName = C:\ctd\Cruise_Data\WS23139_Rosenheim\WS23139_Rosenheim_STN07.hex
* Software Version Seasave V 7.26.7.121
* Temperature SN = 4097 MTG 177
* Conductivity SN = 1851 MTG 053
* Number of Bytes Per Scan = 40
* Number of Voltage Words = 5
* Number of Scans Averaged by the Deck Unit = 1
* NMEA Latitude = 01 02.54 N
* NMEA Longitude = 049 25.36 W
* NMEA UTC (Time) = Jun 09 2023 17:46:24
** Ship:
** Station:
** Operator:
# nquan = 12
# nvalues = 10385                                 
# units = specified
# name 0 = depSM: Depth [salt water, m]
# name 1 = c0S/m: Conductivity [S/m]
# name 2 = density00: Density [density, kg/m^3]
# name 3 = flSP: Fluorescence, Seapoint
# name 4 = wetCDOM: Fluorescence, WET Labs CDOM [mg/m^3]
# name 5 = flECO-AFL: Fluorescence, WET Labs ECO-AFL/FL [mg/m^3]
# name 6 = sbeox0Mg/L: Oxygen, SBE 43 [mg/l]
# name 7 = sbeox0PS: Oxygen, SBE 43 [% saturation]
# name 8 = par: PAR/Irradiance, Biospherical/Licor [Watts/m^2]
# name 9 = sal00: Salinity, Practical [PSU]
# name 10 = t090C: Temperature [ITS-90, deg C]
# name 11 = flag:  0.000e+00
# span 0 =      2.474,     14.182                 
# span 1 =   0.009135,   0.016392                 
# span 2 =   995.8073,   995.9283                 
# span 3 = 1.1966e-01, 1.3919e-01                 
# span 4 =    20.2133,    23.2548                 
# span 5 =     1.3647,     1.5478                 
# span 6 =     4.3493,     6.1310                 
# span 7 =     57.097,     80.714                 
# span 8 = 9.8755e-02, 1.0476e+01                 
# span 9 =     0.0453,     0.0749                 
# span 10 =    29.4476,    29.6959                
# span 11 = 0.0000e+00, 0.0000e+00                
# interval = seconds: 0.0416667
# start_time = Jun 09 2023 17:46:24 [NMEA time, header]
# bad_flag = -9.990e-29
*END*
[from data line 2166]
     12.590   0.013907   995.8861 1.3431e-01    21.9606     1.4257     4.7925     62.944 9.9065e-02     0.0647    29.5600  0.000e+00
     12.614   0.013907   995.8866 1.3431e-01    22.0900     1.4562     4.7938     62.960 9.9065e-02     0.0647    29.5588  0.000e+00
     12.557   0.013916   995.8867 1.3431e-01    21.9606     1.4562     4.7950     62.974 9.9065e-02     0.0648    29.5577  0.000e+00
     12.614   0.013907   995.8872 1.3553e-01    21.9606     1.4562     4.8009     63.051 9.9065e-02     0.0647    29.5570  0.000e+00
     12.656   0.013907   995.8875 1.3553e-01    21.9606     1.4562     4.8023     63.069 9.9065e-02     0.0647    29.5564  0.000e+00
     12.614   0.013919   995.8876 1.3553e-01    21.9606     1.4562     4.8080     63.143 9.9065e-02     0.0648    29.5557  0.000e+00
     12.672   0.013916   995.8881 1.3431e-01    21.9606     1.4562     4.8049     63.100 9.9065e-02     0.0648    29.5547  0.000e+00
     12.713   0.013919   995.8885 1.3431e-01    21.9606     1.4562     4.8107     63.176 9.9065e-02     0.0648    29.5542  0.000e+00
     12.672   0.013919   995.8884 1.3309e-01    21.8959     1.4562     4.8215     63.318 9.9065e-02     0.0648    29.5538  0.000e+00
     12.672   0.013916   995.8884 1.3309e-01    22.0900     1.4562     4.8184     63.277 9.9065e-02     0.0648    29.5536  0.000e+00
     12.779   0.013913   995.8889 1.3431e-01    21.9606     1.4562     4.8292     63.419 9.9065e-02     0.0648    29.5536  0.000e+00
     12.738   0.013902   995.8886 1.3431e-01    22.0900     1.4562     4.8309     63.442 9.9065e-02     0.0647    29.5538  0.000e+00
     12.796   0.013905   995.8889 1.3309e-01    22.3489     1.4562     4.8374     63.527 9.9065e-02     0.0647    29.5540  0.000e+00
     12.779   0.013925   995.8889 1.3309e-01    22.3489     1.4562     4.8393     63.552 9.9065e-02     0.0648    29.5538  0.000e+00
     12.796   0.013930   995.8886 1.3553e-01    22.3489     1.4562     4.8458     63.639 9.9065e-02     0.0648    29.5549  0.000e+00
     12.796   0.013927   995.8878 1.3553e-01    22.3489     1.4562     4.8525     63.729 9.9065e-02     0.0648    29.5579  0.000e+00
     12.895   0.013942   995.8872 1.3431e-01    22.3489     1.4562     4.8545     63.759 9.9065e-02     0.0649    29.5612  0.000e+00
     12.862   0.013950   995.8858 1.3431e-01    22.3489     1.4868     4.8657     63.911 9.9065e-02     0.0649    29.5655  0.000e+00
     12.862   0.013956   995.8848 1.3553e-01    22.3489     1.4562     4.8684     63.950 9.9065e-02     0.0649    29.5690  0.000e+00
     12.862   0.013953   995.8840 1.3553e-01    22.3489     1.4562     4.8758     64.050 9.9065e-02     0.0649    29.5718  0.000e+00
     12.961   0.013956   995.8834 1.3675e-01    22.3489     1.4562     4.8736     64.026 9.9065e-02     0.0649    29.5751  0.000e+00
     12.920   0.013962   995.8823 1.3553e-01    22.3489     1.4562     4.8805     64.120 9.9065e-02     0.0649    29.5782  0.000e+00
     12.862   0.013956   995.8812 1.3553e-01    22.3489     1.4562     4.8830     64.156 9.9065e-02     0.0649    29.5812  0.000e+00
     12.961   0.013950   995.8806 1.3553e-01    22.2194     1.4562     4.8853     64.190 9.9065e-02     0.0649    29.5846  0.000e+00
     12.977   0.013942   995.8799 1.3553e-01    22.3489     1.4562     4.8923     64.285 9.9065e-02     0.0648    29.5871  0.000e+00
     12.920   0.013939   995.8787 1.3553e-01    22.3489     1.4562     4.8945     64.317 9.9065e-02     0.0648    29.5901  0.000e+00
     12.961   0.013922   995.8781 1.3675e-01    22.3489     1.4562     4.8968     64.350 9.9065e-02     0.0648    29.5927  0.000e+00
     12.977   0.013925   995.8774 1.3675e-01    22.3489     1.4562     4.8941     64.318 9.9065e-02     0.0648    29.5953  0.000e+00
     13.043   0.013922   995.8769 1.3553e-01    22.3489     1.4562     4.9004     64.403 9.9065e-02     0.0648    29.5979  0.000e+00
     12.961   0.013913   995.8760 1.3553e-01    22.3489     1.4562     4.9021     64.428 9.9065e-02     0.0647    29.5996  0.000e+00
     12.977   0.013902   995.8755 1.3553e-01    22.3489     1.4562     4.9039     64.453 9.9065e-02     0.0647    29.6012  0.000e+00
     13.043   0.013887   995.8754 1.3553e-01    22.3489     1.4562     4.9054     64.474 9.9065e-02     0.0646    29.6025  0.000e+00
     12.977   0.013876   995.8746 1.3553e-01    22.3489     1.4562     4.9115     64.556 9.9065e-02     0.0646    29.6040  0.000e+00
     13.018   0.013873   995.8745 1.3431e-01    22.3489     1.4562     4.9129     64.576 9.9065e-02     0.0645    29.6050  0.000e+00
     13.043   0.013873   995.8744 1.3431e-01    22.3489     1.4562     4.9141     64.592 9.9065e-02     0.0645    29.6057  0.000e+00
     13.043   0.013864   995.8740 1.3553e-01    22.3489     1.4562     4.9151     64.606 9.9065e-02     0.0645    29.6068  0.000e+00
     13.018   0.013856   995.8738 1.3553e-01    22.3489     1.4562     4.9159     64.617 9.9065e-02     0.0645    29.6072  0.000e+00
     12.977   0.013856   995.8735 1.3553e-01    22.2841     1.4562     4.9210     64.684 9.9065e-02     0.0645    29.6074  0.000e+00
     13.101   0.013856   995.8739 1.3553e-01    22.2841     1.4562     4.9217     64.694 9.9065e-02     0.0645    29.6079  0.000e+00
     13.018   0.013853   995.8736 1.3553e-01    22.2841     1.4562     4.9221     64.700 9.9065e-02     0.0645    29.6078  0.000e+00
     13.043   0.013850   995.8737 1.3675e-01    22.2841     1.4562     4.9270     64.763 9.9065e-02     0.0645    29.6079  0.000e+00
     13.043   0.013842   995.8736 1.3553e-01    22.2841     1.4562     4.9270     64.764 9.9065e-02     0.0644    29.6081  0.000e+00
     13.043   0.013836   995.8736 1.3553e-01    22.2194     1.4562     4.9318     64.827 9.9065e-02     0.0644    29.6079  0.000e+00
     13.018   0.013824   995.8734 1.3675e-01    22.2841     1.4562     4.9367     64.891 9.9065e-02     0.0643    29.6081  0.000e+00
     13.043   0.013819   995.8734 1.3675e-01    22.2841     1.4562     4.9367     64.892 9.9065e-02     0.0643    29.6083  0.000e+00
     13.043   0.013810   995.8735 1.3675e-01    22.2841     1.4562     4.9416     64.955 9.9065e-02     0.0643    29.6081  0.000e+00
     13.018   0.013793   995.8733 1.3553e-01    22.2841     1.4562     4.9417     64.958 9.9065e-02     0.0642    29.6081  0.000e+00
     13.043   0.013779   995.8734 1.3431e-01    22.2841     1.4562     4.9465     65.020 9.9065e-02     0.0642    29.6079  0.000e+00
     13.043   0.013776   995.8736 1.3431e-01    22.2841     1.4562     4.9417     64.957 9.9065e-02     0.0641    29.6074  0.000e+00
     13.019   0.013776   995.8736 1.3431e-01    22.5430     1.4562     4.9506     65.073 9.9065e-02     0.0641    29.6070  0.000e+00
     13.043   0.013762   995.8738 1.3553e-01    22.5430     1.4562     4.9504     65.070 9.9065e-02     0.0641    29.6064  0.000e+00
     12.977   0.013750   995.8736 1.3553e-01    22.5430     1.4562     4.9500     65.064 9.9065e-02     0.0640    29.6060  0.000e+00
     13.084   0.013747   995.8744 1.3675e-01    22.5430     1.4562     4.9544     65.121 9.9065e-02     0.0640    29.6051  0.000e+00
     12.977   0.013744   995.8740 1.3675e-01    22.5430     1.4562     4.9540     65.116 9.9065e-02     0.0640    29.6047  0.000e+00
     13.043   0.013719   995.8743 1.3553e-01    22.5430     1.4562     4.9632     65.235 9.9065e-02     0.0639    29.6044  0.000e+00
     12.977   0.013710   995.8740 1.3431e-01    22.4783     1.4562     4.9582     65.169 9.9065e-02     0.0639    29.6042  0.000e+00
     13.019   0.013707   995.8744 1.3431e-01    22.5430     1.4562     4.9578     65.164 9.9065e-02     0.0639    29.6036  0.000e+00
     13.043   0.013704   995.8744 1.3431e-01    22.5430     1.4562     4.9623     65.223 9.9065e-02     0.0639    29.6038  0.000e+00
     12.977   0.013710   995.8743 1.3431e-01    22.5430     1.4562     4.9619     65.217 9.9065e-02     0.0639    29.6033  0.000e+00
     13.019   0.013707   995.8746 1.3431e-01    22.5430     1.4562     4.9665     65.277 9.9065e-02     0.0639    29.6029  0.000e+00
     13.043   0.013713   995.8748 1.3431e-01    22.5430     1.4562     4.9712     65.338 9.9065e-02     0.0639    29.6027  0.000e+00
     12.977   0.013724   995.8746 1.3553e-01    22.4136     1.4562     4.9713     65.340 9.9065e-02     0.0639    29.6025  0.000e+00
     13.019   0.013739   995.8750 1.3431e-01    22.2841     1.4562     4.9714     65.341 9.9065e-02     0.0640    29.6020  0.000e+00
     13.043   0.013744   995.8752 1.3431e-01    22.2841     1.4562     4.9762     65.404 9.9065e-02     0.0640    29.6016  0.000e+00
     12.977   0.013764   995.8753 1.3431e-01    22.2841     1.4562     4.9766     65.408 9.9065e-02     0.0641    29.6007  0.000e+00
     13.043   0.013779   995.8759 1.3431e-01    22.2841     1.4562     4.9816     65.472 9.9065e-02     0.0642    29.5998  0.000e+00
     13.019   0.013813   995.8762 1.3431e-01    22.2841     1.4562     4.9870     65.542 9.9065e-02     0.0643    29.5988  0.000e+00
     13.043   0.013842   995.8766 1.3431e-01    22.2841     1.4562     4.9878     65.552 9.9065e-02     0.0644    29.5981  0.000e+00
     13.043   0.013862   995.8770 1.3553e-01    22.2841     1.4562     4.9934     65.624 9.9065e-02     0.0645    29.5970  0.000e+00
     13.019   0.013887   995.8772 1.3553e-01    22.2841     1.4562     4.9894     65.570 9.9065e-02     0.0646    29.5962  0.000e+00
     13.043   0.013913   995.8777 1.3431e-01    22.2841     1.4562     4.9900     65.577 9.9065e-02     0.0647    29.5949  0.000e+00
     13.101   0.013922   995.8782 1.3431e-01    22.2841     1.4562     4.9950     65.643 9.9065e-02     0.0648    29.5944  0.000e+00
     13.019   0.013950   995.8782 1.3431e-01    22.2841     1.4562     4.9955     65.647 9.9065e-02     0.0649    29.5935  0.000e+00
     13.101   0.013959   995.8788 1.3553e-01    22.0900     1.4562     4.9960     65.654 9.9065e-02     0.0649    29.5927  0.000e+00
     13.043   0.013979   995.8787 1.3431e-01    21.8959     1.4562     5.0010     65.718 9.9065e-02     0.0650    29.5923  0.000e+00
     13.200   0.013967   995.8795 1.3431e-01    21.8311     1.4562     5.0014     65.724 9.9065e-02     0.0649    29.5918  0.000e+00
     13.043   0.013967   995.8789 1.3431e-01    21.8311     1.4562     5.0013     65.722 9.9065e-02     0.0649    29.5916  0.000e+00
     13.101   0.013965   995.8793 1.3553e-01    21.8311     1.4562     5.0014     65.723 9.9065e-02     0.0649    29.5910  0.000e+00
     13.101   0.013962   995.8798 1.3553e-01    21.8311     1.4562     5.0061     65.782 9.9065e-02     0.0649    29.5894  0.000e+00
     13.200   0.013962   995.8820 1.3553e-01    21.8311     1.4562     5.0066     65.782 9.9065e-02     0.0649    29.5834  0.000e+00
     13.101   0.013962   995.8830 1.3553e-01    21.8311     1.4562     5.0066     65.778 9.9065e-02     0.0649    29.5788  0.000e+00
     13.167   0.013956   995.8841 1.3431e-01    21.8311     1.4562     5.0161     65.898 9.9065e-02     0.0649    29.5760  0.000e+00
     13.200   0.013950   995.8848 1.3431e-01    21.8311     1.4562     5.0116     65.837 9.9065e-02     0.0649    29.5740  0.000e+00
     13.167   0.013936   995.8852 1.3431e-01    21.8311     1.4562     5.0114     65.833 9.9065e-02     0.0648    29.5720  0.000e+00
     13.167   0.013922   995.8860 1.3431e-01    21.8311     1.4562     5.0158     65.887 9.9065e-02     0.0648    29.5692  0.000e+00
     13.266   0.013916   995.8869 1.3553e-01    21.8311     1.4562     5.0155     65.882 9.9065e-02     0.0648    29.5675  0.000e+00
     13.225   0.013913   995.8872 1.3675e-01    22.0900     1.4562     5.0152     65.875 9.9065e-02     0.0647    29.5659  0.000e+00
     13.225   0.013905   995.8878 1.3675e-01    22.1547     1.4562     5.0148     65.867 9.9065e-02     0.0647    29.5640  0.000e+00
     13.282   0.013919   995.8888 1.3675e-01    22.1547     1.4562     5.0142     65.858 9.9065e-02     0.0648    29.5616  0.000e+00
     13.266   0.013905   995.8893 1.3675e-01    22.1547     1.4562     5.0184     65.909 9.9065e-02     0.0647    29.5594  0.000e+00
     13.282   0.013916   995.8899 1.3553e-01    22.1547     1.4562     5.0131     65.839 9.9065e-02     0.0648    29.5580  0.000e+00
     13.282   0.013919   995.8902 1.3431e-01    22.0900     1.4562     5.0171     65.890 9.9065e-02     0.0648    29.5568  0.000e+00
     13.324   0.013907   995.8907 1.3553e-01    22.1547     1.4868     5.0166     65.883 9.9065e-02     0.0647    29.5559  0.000e+00
     13.348   0.013905   995.8910 1.3553e-01    22.1547     1.4562     5.0160     65.873 9.9065e-02     0.0647    29.5549  0.000e+00
     13.348   0.013919   995.8914 1.3553e-01    22.1547     1.4562     5.0155     65.865 9.9065e-02     0.0648    29.5538  0.000e+00
     13.324   0.013927   995.8917 1.3553e-01    22.1547     1.4868     5.0194     65.916 9.9065e-02     0.0648    29.5527  0.000e+00
     13.406   0.013950   995.8922 1.3553e-01    22.1547     1.4562     5.0190     65.910 9.9065e-02     0.0649    29.5523  0.000e+00
     13.406   0.013962   995.8925 1.3553e-01    22.1547     1.4562     5.0136     65.837 9.9065e-02     0.0650    29.5514  0.000e+00
     13.348   0.013996   995.8926 1.3553e-01    22.2841     1.4562     5.0128     65.827 9.9065e-02     0.0651    29.5506  0.000e+00
     13.447   0.014025   995.8933 1.3431e-01    22.4783     1.4562     5.0120     65.816 9.9065e-02     0.0652    29.5501  0.000e+00
     13.464   0.014059   995.8934 1.3431e-01    22.5430     1.4562     5.0110     65.802 9.9065e-02     0.0654    29.5505  0.000e+00
     13.406   0.014096   995.8929 1.3431e-01    22.5430     1.4562     5.0146     65.851 9.9065e-02     0.0655    29.5516  0.000e+00
     13.447   0.014142   995.8926 1.3431e-01    22.6077     1.4562     5.0089     65.779 9.9065e-02     0.0657    29.5538  0.000e+00
     13.464   0.014188   995.8919 1.3431e-01    22.5430     1.4562     5.0079     65.769 9.9065e-02     0.0659    29.5568  0.000e+00
     13.530   0.014225   995.8911 1.3431e-01    22.5430     1.4562     5.0065     65.756 9.9065e-02     0.0660    29.5608  0.000e+00
     13.464   0.014248   995.8900 1.3431e-01    22.5430     1.4562     5.0051     65.740 9.9065e-02     0.0661    29.5638  0.000e+00
     13.505   0.014285   995.8893 1.3431e-01    22.5430     1.4562     4.9991     65.666 9.9065e-02     0.0663    29.5671  0.000e+00
     13.530   0.014317   995.8885 1.3431e-01    22.5430     1.4562     5.0022     65.710 9.9065e-02     0.0664    29.5703  0.000e+00
     13.530   0.014345   995.8879 1.3431e-01    22.5430     1.4562     5.0009     65.696 9.9065e-02     0.0665    29.5729  0.000e+00
     13.505   0.014371   995.8872 1.3431e-01    22.5430     1.4562     4.9905     65.562 9.9065e-02     0.0666    29.5751  0.000e+00
     13.530   0.014400   995.8867 1.3431e-01    22.5430     1.4562     4.9983     65.667 9.9065e-02     0.0667    29.5773  0.000e+00
     13.588   0.014425   995.8867 1.3431e-01    22.5430     1.4868     4.9926     65.593 9.9065e-02     0.0669    29.5785  0.000e+00
     13.571   0.014440   995.8863 1.3431e-01    22.5430     1.4562     4.9867     65.517 9.9065e-02     0.0669    29.5797  0.000e+00
     13.588   0.014463   995.8861 1.3431e-01    22.5430     1.4562     4.9899     65.561 9.9065e-02     0.0670    29.5809  0.000e+00
     13.588   0.014491   995.8860 1.3431e-01    22.5430     1.4562     4.9843     65.487 9.9065e-02     0.0671    29.5814  0.000e+00
     13.588   0.014525   995.8860 1.3431e-01    22.5430     1.4562     4.9832     65.474 9.9065e-02     0.0673    29.5819  0.000e+00
     13.571   0.014537   995.8859 1.3431e-01    22.5430     1.4562     4.9821     65.460 9.9065e-02     0.0673    29.5821  0.000e+00
     13.588   0.014531   995.8859 1.3309e-01    22.5430     1.4562     4.9860     65.511 9.9065e-02     0.0673    29.5823  0.000e+00
     13.654   0.014531   995.8861 1.3309e-01    22.5430     1.4562     4.9804     65.438 9.9065e-02     0.0673    29.5825  0.000e+00
