WS23139_STN02_02CTD.cnv
* Sea-Bird SBE 9 Data File:
* FileName = C:\ctd\Cruise_Data\WS23139_Rosenheim\WS23139_Rosenheim_STN02_02.hex
* Software Version Seasave V 7.26.7.121
* Temperature SN = 4097 MTG 177
* Conductivity SN = 1851 MTG 053
* Number of Bytes Per Scan = 40
* Number of Voltage Words = 5
* Number of Scans Averaged by the Deck Unit = 1
* NMEA Latitude = 02 40.65 N
* NMEA Longitude = 048 15.45 W
* NMEA UTC (Time) = Oct 22 2003  14:24:54
** Ship:
** Station:
** Operator:
# nquan = 12
# nvalues = 16910                                 
# units = specified
# name 0 = depSM: Depth [salt water, m]
# name 1 = c0S/m: Conductivity [S/m]
# name 2 = density00: Density [density, kg/m^3]
# name 3 = flSP: Fluorescence, Seapoint
# name 4 = wetCDOM: Fluorescence, WET Labs CDOM [mg/m^3]
# name 5 = flECO-AFL: Fluorescence, WET Labs ECO-AFL/FL [mg/m^3]
# name 6 = sbeox0Mg/L: Oxygen, SBE 43 [mg/l]
# name 7 = sbeox0PS: Oxygen, SBE 43 [% saturation]
# name 8 = par: PAR/Irradiance, Biospherical/Licor [Watts/m^2]
# name 9 = sal00: Salinity, Practical [PSU]
# name 10 = t090C: Temperature [ITS-90, deg C]
# name 11 = flag:  0.000e+00
# span 0 =      1.550,     94.402                 
# span 1 =   5.822714,   5.871983                 
# span 2 =  1022.8635,  1023.3956                 
# span 3 = 9.5238e-02, 1.3187e-01                 
# span 4 =    -0.6890,   264.3110                 
# span 5 =    -0.1311,     0.5710                 
# span 6 =     5.9760,     6.2251                 
# span 7 =     94.225,     98.488                 
# span 8 = 1.2230e+01, 7.4007e+03                 
# span 9 =    36.0059,    36.0367                 
# span 10 =    28.4865,    28.9478                
# span 11 = 0.0000e+00, 0.0000e+00                
# interval = seconds: 0.0416667
# start_time = Oct 22 2003 14:24:54 [NMEA time, header]
# bad_flag = -9.990e-29
*END*
[from data line 6376]
     74.935   5.824565  1023.3135 1.0134e-01   264.3110     0.4489     6.1408     96.670 3.2921e+01    36.0129    28.5006  0.000e+00
     74.935   5.824640  1023.3129 1.0012e-01   264.3110     0.4489     6.1407     96.670 3.2921e+01    36.0126    28.5017  0.000e+00
     74.993   5.824662  1023.3132 1.0012e-01   264.3110     0.4489     6.1407     96.670 3.2921e+01    36.0127    28.5017  0.000e+00
     74.935   5.824588  1023.3136 1.0134e-01   259.5222     0.4489     6.1409     96.672 3.2829e+01    36.0130    28.5006  0.000e+00
     74.935   5.824454  1023.3141 1.0134e-01   259.4575     0.4489     6.1372     96.611 3.2829e+01    36.0131    28.4993  0.000e+00
     74.993   5.824424  1023.3144 1.0134e-01   259.7811     0.4489     6.1411     96.673 3.2921e+01    36.0131    28.4991  0.000e+00
     74.993   5.824461  1023.3142 1.0134e-01   259.8458     0.4489     6.1370     96.609 3.2737e+01    36.0130    28.4995  0.000e+00
     74.960   5.824402  1023.3141 1.0134e-01   259.9105     0.4489     6.1407     96.666 3.2737e+01    36.0129    28.4992  0.000e+00
     75.059   5.824379  1023.3144 1.0134e-01   259.8458     0.4489     6.1406     96.665 3.2829e+01    36.0127    28.4992  0.000e+00
     74.993   5.824335  1023.3143 1.0134e-01   259.8458     0.4489     6.1404     96.661 3.2737e+01    36.0128    28.4986  0.000e+00
     75.059   5.824260  1023.3151 1.0256e-01   259.8458     0.4184     6.1362     96.594 3.2737e+01    36.0130    28.4976  0.000e+00
     74.993   5.824238  1023.3152 1.0256e-01   259.8458     0.4184     6.1398     96.649 3.2737e+01    36.0132    28.4971  0.000e+00
     75.116   5.824193  1023.3158 1.0256e-01   259.8458     0.4184     6.1397     96.647 3.2645e+01    36.0132    28.4968  0.000e+00
     74.993   5.824148  1023.3152 1.0256e-01   259.9105     0.4184     6.1393     96.641 3.2645e+01    36.0130    28.4966  0.000e+00
     75.116   5.824104  1023.3159 1.0256e-01   259.8458     0.4184     6.1392     96.638 3.2645e+01    36.0130    28.4961  0.000e+00
     75.075   5.824096  1023.3156 1.0256e-01   259.9105     0.4184     6.1388     96.633 3.2553e+01    36.0129    28.4962  0.000e+00
     75.174   5.824052  1023.3159 1.0134e-01   259.9105     0.4184     6.1386     96.628 3.2553e+01    36.0127    28.4960  0.000e+00
     75.116   5.824081  1023.3160 1.0256e-01   259.9105     0.4184     6.1423     96.687 3.2645e+01    36.0131    28.4959  0.000e+00
     75.116   5.824052  1023.3157 1.0134e-01   259.9105     0.4184     6.1384     96.625 3.2553e+01    36.0127    28.4960  0.000e+00
     75.174   5.824044  1023.3163 1.0134e-01   259.8458     0.4184     6.1383     96.623 3.2462e+01    36.0130    28.4956  0.000e+00
     75.240   5.824119  1023.3169 1.0134e-01   259.9105     0.4184     6.1383     96.623 3.2462e+01    36.0135    28.4957  0.000e+00
     75.174   5.824029  1023.3162 1.0134e-01   259.9105     0.4184     6.1422     96.684 3.2371e+01    36.0129    28.4957  0.000e+00
     75.240   5.823999  1023.3166 1.0256e-01   258.5515     0.4184     6.1424     96.688 3.2371e+01    36.0129    28.4953  0.000e+00
     75.174   5.823962  1023.3160 1.2821e-01   122.3305     0.3573     6.1425     96.689 3.2371e+01    36.0126    28.4954  0.000e+00
     75.199   5.824022  1023.3167 1.2576e-01    23.2548     0.4184     6.1387     96.629 3.2189e+01    36.0132    28.4951  0.000e+00
     75.364   5.824044  1023.3173 1.2576e-01     5.5882     0.3879     6.1389     96.633 3.2099e+01    36.0132    28.4953  0.000e+00
     75.298   5.824081  1023.3167 1.2576e-01    10.8946     0.4184     6.1390     96.634 3.2099e+01    36.0130    28.4959  0.000e+00
     75.364   5.824096  1023.3169 1.2576e-01    14.6480     0.4184     6.1391     96.637 3.2099e+01    36.0130    28.4960  0.000e+00
     75.298   5.824096  1023.3164 1.2454e-01    15.3598     0.4184     6.1433     96.703 3.2099e+01    36.0128    28.4963  0.000e+00
     75.422   5.824096  1023.3172 1.2454e-01    15.1657     0.4184     6.1437     96.709 3.2008e+01    36.0130    28.4960  0.000e+00
     75.364   5.824126  1023.3169 1.2576e-01    15.1010     0.4184     6.1440     96.713 3.2008e+01    36.0131    28.4962  0.000e+00
     75.422   5.824141  1023.3169 1.2454e-01    14.9716     0.4184     6.1443     96.719 3.1918e+01    36.0129    28.4966  0.000e+00
     75.422   5.824141  1023.3170 1.2576e-01    14.9716     0.3879     6.1404     96.658 3.1829e+01    36.0129    28.4965  0.000e+00
     75.479   5.824141  1023.3170 1.2454e-01    14.9716     0.3879     6.1445     96.722 3.1829e+01    36.0127    28.4968  0.000e+00
     75.504   5.824171  1023.3171 1.2454e-01    14.9716     0.4184     6.1445     96.723 3.1739e+01    36.0128    28.4970  0.000e+00
     75.479   5.824223  1023.3172 1.2576e-01    88.4856     0.3573     6.1408     96.665 3.1650e+01    36.0131    28.4970  0.000e+00
     75.545   5.824238  1023.3174 1.0989e-01   226.8421     0.4489     6.1447     96.726 3.1650e+01    36.0131    28.4971  0.000e+00
     75.603   5.824238  1023.3176 1.0134e-01   264.3110     0.4184     6.1408     96.665 3.1561e+01    36.0130    28.4972  0.000e+00
     75.603   5.824275  1023.3179 1.0256e-01   264.3110     0.4184     6.1406     96.663 3.1473e+01    36.0133    28.4971  0.000e+00
     75.603   5.824245  1023.3175 1.0134e-01   264.3110     0.4184     6.1403     96.657 3.1561e+01    36.0130    28.4973  0.000e+00
     75.603   5.824238  1023.3175 1.0134e-01   259.7811     0.4184     6.1440     96.716 3.1384e+01    36.0129    28.4973  0.000e+00
     75.669   5.824193  1023.3176 1.0134e-01   259.3928     0.4184     6.1441     96.717 3.1384e+01    36.0127    28.4972  0.000e+00
     75.727   5.824223  1023.3181 1.0134e-01   259.7164     0.4184     6.1400     96.652 3.1473e+01    36.0129    28.4971  0.000e+00
     75.727   5.824238  1023.3182 1.0134e-01   259.9105     0.4184     6.1358     96.586 3.1384e+01    36.0130    28.4971  0.000e+00
     75.752   5.824268  1023.3184 1.0134e-01   259.9105     0.4184     6.1354     96.580 3.1208e+01    36.0132    28.4971  0.000e+00
     75.727   5.824246  1023.3180 1.0134e-01   259.8458     0.4184     6.1349     96.573 3.1208e+01    36.0130    28.4973  0.000e+00
     75.851   5.824193  1023.3182 1.0256e-01   259.8458     0.3879     6.1346     96.567 3.1121e+01    36.0124    28.4974  0.000e+00
     75.851   5.824186  1023.3186 1.0501e-01   245.2854     0.4184     6.1342     96.561 3.1121e+01    36.0128    28.4970  0.000e+00
     75.785   5.824223  1023.3185 1.2698e-01    91.5271     0.3573     6.1298     96.491 3.1121e+01    36.0130    28.4970  0.000e+00
     75.851   5.824193  1023.3188 1.2576e-01    13.6773     0.4184     6.1295     96.486 3.1121e+01    36.0130    28.4968  0.000e+00
     75.908   5.824186  1023.3188 1.2454e-01     4.6175     0.4184     6.1291     96.480 3.0946e+01    36.0127    28.4970  0.000e+00
     75.908   5.824186  1023.3188 1.2576e-01    10.6358     0.4184     6.1248     96.412 3.0946e+01    36.0128    28.4969  0.000e+00
     75.974   5.824261  1023.3194 1.2454e-01    13.6126     0.4184     6.1282     96.467 3.0946e+01    36.0132    28.4970  0.000e+00
     75.974   5.824208  1023.3194 1.2454e-01    14.0009     0.4184     6.1277     96.458 3.0859e+01    36.0130    28.4968  0.000e+00
     75.933   5.824186  1023.3187 1.2454e-01    13.8067     0.4184     6.1234     96.390 3.0946e+01    36.0126    28.4971  0.000e+00
     76.032   5.824223  1023.3194 1.2454e-01    13.6773     0.4184     6.1228     96.381 3.0773e+01    36.0129    28.4971  0.000e+00
     75.974   5.824238  1023.3193 1.2454e-01    13.6126     0.4184     6.1222     96.372 3.0773e+01    36.0131    28.4970  0.000e+00
     76.032   5.824194  1023.3192 1.2576e-01    13.6126     0.4184     6.1218     96.366 3.0773e+01    36.0126    28.4971  0.000e+00
     76.032   5.824149  1023.3191 1.2454e-01    13.6773     0.4184     6.1214     96.359 3.0773e+01    36.0124    28.4970  0.000e+00
     76.090   5.824171  1023.3198 1.2454e-01    13.6773     0.4184     6.1248     96.412 3.0773e+01    36.0129    28.4966  0.000e+00
     76.090   5.824186  1023.3198 1.2454e-01    16.2658     0.4184     6.1167     96.285 3.0600e+01    36.0129    28.4967  0.000e+00
     76.156   5.824186  1023.3201 1.2576e-01    19.2426     0.4184     6.1162     96.277 3.0686e+01    36.0130    28.4966  0.000e+00
     76.090   5.824149  1023.3197 1.2576e-01    19.8898     0.4184     6.1196     96.330 3.0686e+01    36.0127    28.4966  0.000e+00
     76.156   5.824171  1023.3199 1.2576e-01    19.8250     0.4184     6.1193     96.326 3.0686e+01    36.0127    28.4968  0.000e+00
     76.156   5.824223  1023.3199 1.2576e-01    19.6956     0.4184     6.1190     96.321 3.0600e+01    36.0128    28.4971  0.000e+00
     76.181   5.824276  1023.3202 1.2698e-01    19.6309     0.4184     6.1187     96.317 3.0600e+01    36.0132    28.4971  0.000e+00
     76.214   5.824246  1023.3200 1.2576e-01    19.6309     0.4184     6.1148     96.255 3.0514e+01    36.0128    28.4973  0.000e+00
     76.156   5.824268  1023.3196 1.2576e-01    19.6956     0.4184     6.1143     96.248 3.0600e+01    36.0127    28.4977  0.000e+00
     76.280   5.824313  1023.3203 1.2576e-01    19.6956     0.4184     6.1140     96.244 3.0600e+01    36.0130    28.4977  0.000e+00
     76.214   5.824291  1023.3198 1.2576e-01    19.6956     0.4184     6.1136     96.238 3.0514e+01    36.0128    28.4978  0.000e+00
     76.280   5.824246  1023.3203 1.2454e-01    19.6956     0.4184     6.1136     96.237 3.0514e+01    36.0128    28.4973  0.000e+00
     76.214   5.824238  1023.3201 1.2454e-01    19.6956     0.4184     6.1135     96.236 3.0514e+01    36.0129    28.4971  0.000e+00
     76.280   5.824194  1023.3203 1.2332e-01    60.7237     0.3879     6.1136     96.236 3.0514e+01    36.0127    28.4970  0.000e+00
     76.337   5.824224  1023.3206 1.1477e-01   208.3342     0.4489     6.1135     96.234 3.0514e+01    36.0128    28.4971  0.000e+00
     76.337   5.824194  1023.3206 1.0134e-01   264.3110     0.4184     6.1133     96.232 3.0428e+01    36.0127    28.4970  0.000e+00
     76.337   5.824186  1023.3205 1.0134e-01   264.3110     0.4184     6.1172     96.292 3.0428e+01    36.0126    28.4970  0.000e+00
     76.296   5.824261  1023.3208 1.0134e-01   264.3110     0.4184     6.1172     96.293 3.0428e+01    36.0131    28.4970  0.000e+00
     76.395   5.824209  1023.3211 1.0134e-01   260.1694     0.4184     6.1176     96.300 3.0343e+01    36.0129    28.4968  0.000e+00
     76.395   5.824186  1023.3210 1.0256e-01   259.3928     0.4184     6.1180     96.305 3.0428e+01    36.0128    28.4967  0.000e+00
     76.337   5.824119  1023.3205 1.0134e-01   259.6517     0.4184     6.1184     96.311 3.0428e+01    36.0124    28.4966  0.000e+00
     76.461   5.824164  1023.3213 1.0134e-01   259.8458     0.4184     6.1189     96.319 3.0343e+01    36.0127    28.4966  0.000e+00
     76.395   5.824224  1023.3213 1.0134e-01   259.9105     0.3879     6.1191     96.322 3.0258e+01    36.0131    28.4966  0.000e+00
     76.461   5.824164  1023.3213 1.0012e-01   259.8458     0.4184     6.1236     96.393 3.0343e+01    36.0127    28.4966  0.000e+00
     76.461   5.824209  1023.3214 1.0134e-01   259.8458     0.4184     6.1242     96.403 3.0258e+01    36.0129    28.4967  0.000e+00
     76.461   5.824201  1023.3215 1.0134e-01   257.5808     0.4184     6.1248     96.412 3.0343e+01    36.0130    28.4966  0.000e+00
     76.519   5.824186  1023.3216 1.2698e-01   120.3244     0.3573     6.1216     96.362 3.0258e+01    36.0128    28.4966  0.000e+00
     76.519   5.824186  1023.3216 1.2454e-01    22.5430     0.4184     6.1220     96.368 3.0258e+01    36.0128    28.4966  0.000e+00
     76.420   5.824149  1023.3209 1.2332e-01     5.5235     0.3879     6.1263     96.435 3.0173e+01    36.0125    28.4967  0.000e+00
     76.643   5.824209  1023.3221 1.2332e-01    10.8299     0.3879     6.1270     96.447 3.0173e+01    36.0128    28.4968  0.000e+00
     76.519   5.824201  1023.3215 1.2332e-01    14.6480     0.3879     6.1277     96.459 3.0088e+01    36.0128    28.4968  0.000e+00
     76.585   5.824186  1023.3219 1.2454e-01    15.2304     0.3879     6.1247     96.411 3.0088e+01    36.0128    28.4966  0.000e+00
     76.643   5.824186  1023.3223 1.2454e-01    15.0363     0.3879     6.1292     96.481 3.0088e+01    36.0129    28.4964  0.000e+00
     76.585   5.824186  1023.3218 1.2332e-01    14.8421     0.3879     6.1296     96.488 3.0088e+01    36.0127    28.4967  0.000e+00
     76.643   5.824186  1023.3221 1.2454e-01    14.8421     0.3879     6.1262     96.435 3.0003e+01    36.0128    28.4966  0.000e+00
     76.643   5.824149  1023.3219 1.2454e-01    14.8421     0.3879     6.1305     96.502 3.0088e+01    36.0126    28.4966  0.000e+00
     76.643   5.824172  1023.3220 1.2454e-01    14.9068     0.3879     6.1271     96.448 3.0003e+01    36.0127    28.4966  0.000e+00
     76.700   5.824187  1023.3224 1.2454e-01    14.8421     0.3879     6.1275     96.454 3.0088e+01    36.0128    28.4965  0.000e+00
     76.700   5.824187  1023.3225 1.2454e-01    90.5564     0.3268     6.1237     96.395 2.9919e+01    36.0129    28.4964  0.000e+00
     76.643   5.824157  1023.3221 1.0867e-01   228.0070     0.4184     6.1237     96.394 2.9919e+01    36.0127    28.4964  0.000e+00
     76.700   5.824172  1023.3224 1.0134e-01   264.3110     0.3573     6.1237     96.395 2.9919e+01    36.0128    28.4964  0.000e+00
     76.725   5.824149  1023.3226 1.0134e-01   264.3110     0.3573     6.1236     96.392 2.9919e+01    36.0128    28.4962  0.000e+00
     76.766   5.824209  1023.3228 1.0134e-01   264.3110     0.3573     6.1197     96.331 2.9835e+01    36.0130    28.4965  0.000e+00
     76.766   5.824172  1023.3227 1.0134e-01   259.7811     0.3573     6.1195     96.329 2.9835e+01    36.0128    28.4964  0.000e+00
     76.766   5.824172  1023.3227 1.0134e-01   259.3928     0.3573     6.1192     96.324 2.9751e+01    36.0128    28.4964  0.000e+00
     76.766   5.824149  1023.3224 1.0134e-01   259.7164     0.3573     6.1189     96.320 2.9751e+01    36.0125    28.4966  0.000e+00
     76.824   5.824142  1023.3227 1.0134e-01   259.8458     0.3573     6.1187     96.316 2.9751e+01    36.0125    28.4965  0.000e+00
     76.766   5.824172  1023.3225 1.0134e-01   259.9105     0.3573     6.1184     96.311 2.9751e+01    36.0127    28.4966  0.000e+00
     76.824   5.824187  1023.3227 1.0134e-01   259.9105     0.3573     6.1182     96.308 2.9751e+01    36.0126    28.4968  0.000e+00
     76.766   5.824224  1023.3227 1.0134e-01   259.9105     0.3573     6.1181     96.307 2.9751e+01    36.0129    28.4968  0.000e+00
     76.890   5.824194  1023.3230 1.0134e-01   259.8458     0.3573     6.1178     96.302 2.9751e+01    36.0127    28.4968  0.000e+00
     76.824   5.824254  1023.3229 1.0134e-01   259.8458     0.3573     6.1173     96.295 2.9668e+01    36.0130    28.4969  0.000e+00
     76.824   5.824283  1023.3230 1.0134e-01   259.8458     0.3573     6.1171     96.292 2.9751e+01    36.0131    28.4970  0.000e+00
     76.907   5.824246  1023.3232 1.0256e-01   259.9105     0.3573     6.1170     96.290 2.9668e+01    36.0129    28.4970  0.000e+00
     76.824   5.824239  1023.3230 1.0134e-01   259.9105     0.3573     6.1207     96.348 2.9668e+01    36.0130    28.4968  0.000e+00
     76.890   5.824239  1023.3228 1.0134e-01   259.9105     0.3573     6.1208     96.350 2.9668e+01    36.0126    28.4972  0.000e+00
     76.948   5.824239  1023.3231 1.0134e-01   259.9105     0.4184     6.1207     96.348 2.9668e+01    36.0127    28.4971  0.000e+00
     76.890   5.824239  1023.3229 1.0134e-01   259.9105     0.4184     6.1205     96.345 2.9668e+01    36.0127    28.4971  0.000e+00
     76.890   5.824269  1023.3229 1.0134e-01   259.8458     0.4184     6.1203     96.343 2.9584e+01    36.0128    28.4973  0.000e+00
     76.948   5.824246  1023.3232 1.0134e-01   259.8458     0.3879     6.1202     96.341 2.9501e+01    36.0127    28.4971  0.000e+00
     76.948   5.824269  1023.3230 1.0134e-01   259.9105     0.4184     6.1240     96.401 2.9501e+01    36.0126    28.4974  0.000e+00
