WS23139_STN18_17CTD.cnv
* Sea-Bird SBE 9 Data File:
* FileName = C:\ctd\Cruise_Data\WS23139_Rosenheim\WS23139_Rosenheim_STN18.hex
* Software Version Seasave V 7.26.7.121
* Temperature SN = 4097 MTG 177
* Conductivity SN = 1851 MTG 053
* Number of Bytes Per Scan = 40
* Number of Voltage Words = 5
* Number of Scans Averaged by the Deck Unit = 1
* NMEA Latitude = 06 07.22 N
* NMEA Longitude = 054 05.07 W
* NMEA UTC (Time) = Jun 16 2023 11:19:15
** Ship:
** Station:
** Operator:
# nquan = 12
# nvalues = 9812                                  
# units = specified
# name 0 = depSM: Depth [salt water, m]
# name 1 = c0S/m: Conductivity [S/m]
# name 2 = density00: Density [density, kg/m^3]
# name 3 = flSP: Fluorescence, Seapoint
# name 4 = wetCDOM: Fluorescence, WET Labs CDOM [mg/m^3]
# name 5 = flECO-AFL: Fluorescence, WET Labs ECO-AFL/FL [mg/m^3]
# name 6 = sbeox0Mg/L: Oxygen, SBE 43 [mg/l]
# name 7 = sbeox0PS: Oxygen, SBE 43 [% saturation]
# name 8 = par: PAR/Irradiance, Biospherical/Licor [Watts/m^2]
# name 9 = sal00: Salinity, Practical [PSU]
# name 10 = t090C: Temperature [ITS-90, deg C]
# name 11 = flag:  0.000e+00
# span 0 =      1.265,     19.229                 
# span 1 =   5.695598,   5.701014                 
# span 2 =  1023.4152,  1023.4976                 
# span 3 = 6.7155e-02, 1.2698e-01                 
# span 4 =    -0.6890,   264.3110                 
# span 5 =     0.2658,     0.6626                 
# span 6 =     3.9988,     5.5799                 
# span 7 =     61.760,     86.188                 
# span 8 = 9.8755e-02, 4.9647e+03                 
# span 9 =    36.0419,    36.0641                 
# span 10 =    27.2919,    27.3324                
# span 11 = 0.0000e+00, 0.0000e+00                
# interval = seconds: 0.0416667
# start_time = Jun 16 2023 11:19:15 [NMEA time, header]
# bad_flag = -9.990e-29
*END*
[from data line 9625]
      2.180   5.700328  1023.4199 1.2088e-01    23.2548     0.3879     5.5165     85.214 1.4089e+03    36.0588    27.3263  0.000e+00
      2.114   5.700276  1023.4193 1.2088e-01    25.1962     0.3573     5.5166     85.215 1.4369e+03    36.0584    27.3263  0.000e+00
      2.213   5.700114  1023.4188 1.1966e-01    25.0668     0.3573     5.5168     85.218 1.4532e+03    36.0572    27.3264  0.000e+00
      2.114   5.700232  1023.4191 1.1966e-01    24.6785     0.3573     5.5208     85.281 1.4572e+03    36.0581    27.3263  0.000e+00
      2.147   5.700291  1023.4195 1.1966e-01    24.6785     0.3573     5.5215     85.291 1.3698e+03    36.0585    27.3263  0.000e+00
      2.180   5.700291  1023.4198 1.1844e-01    24.7432     0.3573     5.5262     85.363 1.3170e+03    36.0586    27.3262  0.000e+00
      2.147   5.700291  1023.4197 1.1844e-01    24.6785     0.3573     5.5231     85.315 1.3059e+03    36.0586    27.3261  0.000e+00
      2.180   5.700291  1023.4197 1.1966e-01    24.6785     0.3573     5.5236     85.324 1.3660e+03    36.0585    27.3263  0.000e+00
      2.180   5.700261  1023.4197 1.2088e-01    24.6785     0.3573     5.5242     85.333 1.4129e+03    36.0584    27.3261  0.000e+00
      2.089   5.700276  1023.4195 1.2088e-01    24.6138     0.3268     5.5288     85.404 1.4248e+03    36.0587    27.3260  0.000e+00
      2.180   5.700261  1023.4197 1.1966e-01    24.8079     0.3573     5.5297     85.418 1.4696e+03    36.0584    27.3261  0.000e+00
      2.147   5.700269  1023.4196 1.1844e-01    55.2878     0.3268     5.5306     85.432 1.5243e+03    36.0585    27.3261  0.000e+00
      2.114   5.700261  1023.4194 1.1233e-01   201.9276     0.3573     5.5355     85.508 1.5372e+03    36.0584    27.3262  0.000e+00
      2.089   5.700276  1023.4192 9.6459e-02   264.3110     0.3268     5.5369     85.529 1.4988e+03    36.0584    27.3263  0.000e+00
      2.114   5.700261  1023.4195 9.6459e-02   264.3110     0.3268     5.5381     85.547 1.4369e+03    36.0586    27.3260  0.000e+00
      2.056   5.700217  1023.4191 9.6459e-02   264.3110     0.3268     5.5393     85.566 1.4288e+03    36.0583    27.3260  0.000e+00
      2.089   5.700269  1023.4198 9.6459e-02   260.2988     0.3268     5.5404     85.582 1.4129e+03    36.0589    27.3256  0.000e+00
      2.056   5.700261  1023.4195 9.6459e-02   259.3281     0.3268     5.5456     85.663 1.3853e+03    36.0587    27.3258  0.000e+00
      2.023   5.700247  1023.4191 9.6459e-02   259.6517     0.3268     5.5469     85.682 1.3737e+03    36.0585    27.3260  0.000e+00
      2.056   5.700217  1023.4192 9.5238e-02   259.8458     0.3268     5.5524     85.767 1.3660e+03    36.0584    27.3258  0.000e+00
      2.056   5.700232  1023.4195 9.5238e-02   259.9105     0.3268     5.5541     85.794 1.3319e+03    36.0587    27.3256  0.000e+00
      1.965   5.700217  1023.4191 9.5238e-02   259.8458     0.3268     5.5555     85.816 1.3170e+03    36.0586    27.3256  0.000e+00
      2.056   5.700232  1023.4195 9.5238e-02   259.9105     0.3268     5.5569     85.837 1.3207e+03    36.0586    27.3256  0.000e+00
      1.965   5.700217  1023.4191 9.6459e-02   261.3989     0.3268     5.5581     85.856 1.3469e+03    36.0586    27.3256  0.000e+00
      1.932   5.700232  1023.4188 1.2210e-01   127.3782     0.3268     5.5593     85.875 1.3622e+03    36.0586    27.3258  0.000e+00
      1.965   5.700217  1023.4189 1.1966e-01    19.6956     0.3573     5.5644     85.953 1.3737e+03    36.0584    27.3258  0.000e+00
      1.998   5.700202  1023.4189 1.1844e-01    -0.6890     0.3268     5.5617     85.911 1.4862e+03    36.0583    27.3258  0.000e+00
      1.932   5.700224  1023.4188 1.1844e-01     3.7762     0.3573     5.5626     85.926 1.5502e+03    36.0585    27.3258  0.000e+00
      1.965   5.700239  1023.4190 1.1966e-01     7.9178     0.3879     5.5674     86.000 1.5678e+03    36.0586    27.3258  0.000e+00
      1.932   5.700247  1023.4189 1.1966e-01     8.6944     0.3879     5.5642     85.950 1.8248e+03    36.0587    27.3258  0.000e+00
      1.908   5.700217  1023.4186 1.1966e-01     8.5003     0.3573     5.5647     85.957 2.0078e+03    36.0585    27.3258  0.000e+00
      1.875   5.700232  1023.4186 1.1966e-01     8.3708     0.3879     5.5651     85.964 2.0363e+03    36.0586    27.3258  0.000e+00
      1.965   5.700247  1023.4190 1.1844e-01     8.3708     0.3879     5.5694     86.031 2.0884e+03    36.0586    27.3258  0.000e+00
      1.875   5.700217  1023.4183 1.1844e-01     8.3708     0.3879     5.5697     86.036 2.1299e+03    36.0583    27.3260  0.000e+00
      1.875   5.700269  1023.4185 1.1844e-01     8.4355     0.3879     5.5740     86.102 2.1420e+03    36.0586    27.3261  0.000e+00
      1.908   5.700187  1023.4181 1.1844e-01     8.3708     0.3879     5.5704     86.045 2.0078e+03    36.0580    27.3261  0.000e+00
      1.875   5.700217  1023.4183 1.1844e-01     7.7237     0.3879     5.5703     86.045 1.8821e+03    36.0583    27.3260  0.000e+00
      1.842   5.700276  1023.4185 1.1966e-01     6.4294     0.3879     5.5700     86.041 1.8506e+03    36.0588    27.3260  0.000e+00
      1.875   5.700224  1023.4182 1.1844e-01     6.0412     0.3879     5.5739     86.101 1.8558e+03    36.0582    27.3261  0.000e+00
      1.875   5.700269  1023.4185 1.1844e-01     6.0412     0.3879     5.5739     86.101 1.8558e+03    36.0586    27.3261  0.000e+00
      1.842   5.700261  1023.4181 1.1844e-01     6.1059     0.3879     5.5741     86.103 1.8558e+03    36.0584    27.3264  0.000e+00
      1.875   5.700276  1023.4180 1.1844e-01     6.1059     0.3879     5.5700     86.040 2.2915e+03    36.0582    27.3267  0.000e+00
      1.908   5.700350  1023.4185 1.1844e-01     6.1059     0.3879     5.5696     86.035 3.5231e+03    36.0587    27.3267  0.000e+00
      1.809   5.700350  1023.4179 1.1844e-01     6.1059     0.3879     5.5731     86.089 4.0322e+03    36.0586    27.3269  0.000e+00
      1.907   5.700372  1023.4185 1.1844e-01     6.1059     0.3879     5.5689     86.024 4.0778e+03    36.0587    27.3269  0.000e+00
      1.932   5.700283  1023.4179 1.1966e-01     6.0412     0.3879     5.5723     86.077 4.3258e+03    36.0579    27.3271  0.000e+00
      1.875   5.700350  1023.4177 1.1966e-01     6.1059     0.3879     5.5678     86.008 4.4242e+03    36.0581    27.3274  0.000e+00
      1.907   5.700387  1023.4182 1.1844e-01     6.1059     0.3879     5.5674     86.001 4.4242e+03    36.0585    27.3273  0.000e+00
      1.875   5.700387  1023.4179 1.1966e-01    15.4893     0.3879     5.5671     85.996 4.3994e+03    36.0584    27.3274  0.000e+00
      1.907   5.700387  1023.4179 1.1844e-01   170.8653     0.3879     5.5665     85.988 4.3994e+03    36.0583    27.3276  0.000e+00
      1.932   5.700416  1023.4183 9.6459e-02   258.1633     0.3573     5.5619     85.917 4.3870e+03    36.0586    27.3274  0.000e+00
      1.932   5.700431  1023.4182 9.5238e-02   264.3110     0.3573     5.5611     85.904 4.3379e+03    36.0586    27.3276  0.000e+00
      1.965   5.700431  1023.4184 9.5238e-02   264.3110     0.3573     5.5644     85.955 4.3136e+03    36.0586    27.3276  0.000e+00
      1.932   5.700431  1023.4181 9.5238e-02   261.5931     0.3573     5.5598     85.885 4.3015e+03    36.0584    27.3278  0.000e+00
      1.965   5.700431  1023.4185 9.6459e-02   259.3928     0.3268     5.5633     85.939 3.9871e+03    36.0587    27.3274  0.000e+00
      1.932   5.700365  1023.4180 9.6459e-02   259.5222     0.3268     5.5587     85.867 3.8010e+03    36.0582    27.3274  0.000e+00
      2.023   5.700409  1023.4188 9.6459e-02   259.7811     0.3268     5.5619     85.917 3.7797e+03    36.0587    27.3273  0.000e+00
      1.998   5.700431  1023.4190 9.6459e-02   259.9105     0.3268     5.5613     85.907 1.8299e+03    36.0590    27.3271  0.000e+00
      1.998   5.700402  1023.4187 9.5238e-02   259.9105     0.3268     5.5608     85.899 1.0606e+03    36.0586    27.3273  0.000e+00
      2.023   5.700416  1023.4188 9.5238e-02   259.8458     0.3268     5.5602     85.891 9.6936e+02    36.0587    27.3273  0.000e+00
      1.998   5.700402  1023.4188 9.6459e-02   259.8458     0.3268     5.5597     85.882 1.2037e+03    36.0587    27.3271  0.000e+00
      2.023   5.700416  1023.4188 1.1966e-01   159.6053     0.3268     5.5633     85.937 1.4613e+03    36.0587    27.3273  0.000e+00
      2.114   5.700365  1023.4191 1.1844e-01    30.7615     0.3573     5.5591     85.873 1.5243e+03    36.0585    27.3271  0.000e+00
      2.023   5.700372  1023.4186 1.1722e-01    -0.6890     0.3573     5.5626     85.927 1.5286e+03    36.0584    27.3273  0.000e+00
      2.114   5.700453  1023.4192 1.1844e-01     0.9935     0.3268     5.5623     85.924 1.5415e+03    36.0588    27.3274  0.000e+00
      2.056   5.700483  1023.4189 1.1844e-01     5.7823     0.3573     5.5619     85.918 1.5459e+03    36.0588    27.3278  0.000e+00
      2.147   5.700549  1023.4194 1.1844e-01     7.2060     0.3573     5.5618     85.917 1.4248e+03    36.0590    27.3280  0.000e+00
      2.114   5.700505  1023.4189 1.1844e-01     7.1413     0.3573     5.5616     85.914 1.2345e+03    36.0586    27.3282  0.000e+00
      2.212   5.700483  1023.4191 1.1844e-01     6.9471     0.3573     5.5617     85.915 1.1835e+03    36.0584    27.3282  0.000e+00
      2.179   5.700512  1023.4190 1.1844e-01     6.8824     0.3573     5.5617     85.915 1.2070e+03    36.0585    27.3283  0.000e+00
      2.179   5.700527  1023.4192 1.1844e-01     6.8824     0.3573     5.5617     85.915 1.2590e+03    36.0587    27.3282  0.000e+00
      2.212   5.700527  1023.4194 1.1844e-01     6.8824     0.3573     5.5577     85.853 1.2733e+03    36.0587    27.3282  0.000e+00
      2.237   5.700549  1023.4198 1.1722e-01     6.9471     0.3573     5.5575     85.849 1.2415e+03    36.0590    27.3280  0.000e+00
      2.212   5.700542  1023.4195 1.1844e-01    41.7628     0.3268     5.5572     85.845 1.1188e+03    36.0588    27.3282  0.000e+00
      2.303   5.700557  1023.4199 1.1233e-01   199.0155     0.3573     5.5532     85.784 1.0726e+03    36.0589    27.3282  0.000e+00
      2.270   5.700542  1023.4199 9.5238e-02   264.3110     0.3268     5.5567     85.838 1.0726e+03    36.0590    27.3280  0.000e+00
      2.303   5.700527  1023.4199 9.5238e-02   264.3110     0.3268     5.5525     85.773 1.0817e+03    36.0588    27.3280  0.000e+00
      2.361   5.700527  1023.4201 9.5238e-02   264.3110     0.3268     5.5523     85.769 1.0787e+03    36.0588    27.3280  0.000e+00
      2.328   5.700557  1023.4200 9.6459e-02   260.4929     0.3268     5.5518     85.762 1.0787e+03    36.0589    27.3282  0.000e+00
      2.361   5.700505  1023.4200 9.6459e-02   259.3281     0.3268     5.5514     85.755 1.0399e+03    36.0587    27.3280  0.000e+00
      2.328   5.700446  1023.4194 9.6459e-02   259.5869     0.3268     5.5509     85.748 1.0197e+03    36.0581    27.3282  0.000e+00
      2.419   5.700468  1023.4202 9.6459e-02   259.8458     0.3268     5.5508     85.745 1.0140e+03    36.0585    27.3278  0.000e+00
      2.394   5.700380  1023.4195 9.5238e-02   259.9105     0.3268     5.5505     85.741 9.7483e+02    36.0578    27.3280  0.000e+00
      2.361   5.700276  1023.4190 9.6459e-02   259.9105     0.3268     5.5505     85.741 9.4780e+02    36.0572    27.3278  0.000e+00
      2.419   5.700490  1023.4202 9.6459e-02   259.8458     0.3268     5.5503     85.738 9.4514e+02    36.0585    27.3280  0.000e+00
      2.394   5.700542  1023.4202 9.7680e-02   260.8812     0.3268     5.5500     85.735 9.5583e+02    36.0588    27.3282  0.000e+00
      2.418   5.700520  1023.4205 1.2210e-01   120.3891     0.3268     5.5499     85.732 9.6393e+02    36.0589    27.3278  0.000e+00
      2.394   5.700594  1023.4203 1.1966e-01    12.4478     0.3573     5.5498     85.732 9.6664e+02    36.0590    27.3283  0.000e+00
      2.361   5.700653  1023.4195 1.1844e-01    -0.6890     0.3268     5.5538     85.794 9.7209e+02    36.0586    27.3294  0.000e+00
      2.451   5.700697  1023.4196 1.1844e-01    -0.6890     0.3268     5.5580     85.860 9.8309e+02    36.0585    27.3300  0.000e+00
      2.361   5.700749  1023.4194 1.1844e-01     0.2170     0.3268     5.5542     85.802 9.8033e+02    36.0587    27.3302  0.000e+00
      2.361   5.700763  1023.4196 1.1844e-01     1.7701     0.3268     5.5542     85.802 9.7209e+02    36.0590    27.3300  0.000e+00
      2.394   5.700727  1023.4197 1.1844e-01     2.2231     0.3573     5.5545     85.807 9.5047e+02    36.0588    27.3298  0.000e+00
      2.361   5.700712  1023.4196 1.1844e-01     2.0937     0.3268     5.5546     85.807 9.4249e+02    36.0589    27.3296  0.000e+00
      2.394   5.700682  1023.4199 1.1844e-01     2.0289     0.3573     5.5589     85.873 9.3457e+02    36.0589    27.3293  0.000e+00
      2.361   5.700564  1023.4195 1.1844e-01     2.0289     0.3573     5.5592     85.876 9.1636e+02    36.0584    27.3289  0.000e+00
      2.328   5.700527  1023.4193 1.1844e-01     2.0289     0.3268     5.5634     85.942 9.0866e+02    36.0583    27.3287  0.000e+00
      2.361   5.700557  1023.4198 1.1966e-01     2.0289     0.3573     5.5559     85.825 9.1379e+02    36.0586    27.3286  0.000e+00
      2.303   5.700542  1023.4198 1.1966e-01     2.4172     0.3268     5.5559     85.825 9.3984e+02    36.0588    27.3282  0.000e+00
      2.328   5.700557  1023.4197 1.1966e-01     3.2585     0.3573     5.5597     85.884 9.5583e+02    36.0586    27.3285  0.000e+00
      2.303   5.700572  1023.4197 1.1966e-01     3.5821     0.3573     5.5597     85.884 9.6122e+02    36.0588    27.3285  0.000e+00
      2.328   5.700564  1023.4197 1.1844e-01     3.5173     0.3573     5.5599     85.887 1.0054e+03    36.0587    27.3286  0.000e+00
      2.237   5.700571  1023.4192 1.1966e-01     3.5173     0.3573     5.5598     85.886 1.0254e+03    36.0586    27.3287  0.000e+00
      2.270   5.700608  1023.4197 1.1966e-01     3.4526     0.3573     5.5640     85.950 1.0341e+03    36.0590    27.3285  0.000e+00
      2.303   5.700623  1023.4198 1.1966e-01     3.4526     0.3268     5.5561     85.830 1.0970e+03    36.0590    27.3287  0.000e+00
      2.237   5.700623  1023.4192 1.1966e-01     3.5173     0.3268     5.5600     85.890 1.1347e+03    36.0587    27.3291  0.000e+00
      2.212   5.700653  1023.4187 1.1966e-01     3.5173     0.3268     5.5601     85.891 1.1411e+03    36.0585    27.3296  0.000e+00
      2.237   5.700667  1023.4187 1.1966e-01     3.4526     0.3268     5.5642     85.955 1.2104e+03    36.0585    27.3298  0.000e+00
      2.212   5.700771  1023.4190 1.1966e-01     3.5173     0.3268     5.5644     85.960 1.2590e+03    36.0591    27.3300  0.000e+00
      2.179   5.700778  1023.4188 1.1844e-01     3.5173     0.3268     5.5647     85.964 1.2661e+03    36.0590    27.3302  0.000e+00
      2.146   5.700763  1023.4184 1.1966e-01     3.5173     0.3268     5.5691     86.033 1.3244e+03    36.0587    27.3304  0.000e+00
      2.113   5.700763  1023.4181 1.1844e-01     3.8409     0.3268     5.5656     85.978 1.3776e+03    36.0586    27.3305  0.000e+00
      2.113   5.700793  1023.4183 1.1844e-01     4.0998     0.3268     5.5660     85.985 1.3853e+03    36.0588    27.3305  0.000e+00
      2.089   5.700808  1023.4181 1.1966e-01     4.0998     0.3268     5.5664     85.991 1.3814e+03    36.0588    27.3307  0.000e+00
      2.056   5.700830  1023.4181 1.1966e-01     4.0998     0.3268     5.5668     85.998 1.3853e+03    36.0590    27.3307  0.000e+00
      2.089   5.700815  1023.4181 1.1966e-01     4.0998     0.3268     5.5673     86.005 1.3853e+03    36.0589    27.3307  0.000e+00
      1.998   5.700808  1023.4179 1.1966e-01     4.0998     0.3268     5.5677     86.010 1.4129e+03    36.0590    27.3305  0.000e+00
      1.965   5.700778  1023.4177 1.1966e-01     3.9703     0.3268     5.5681     86.016 1.4491e+03    36.0589    27.3304  0.000e+00
      1.998   5.700726  1023.4174 1.1966e-01     4.0998     0.3268     5.5645     85.961 1.4655e+03    36.0584    27.3305  0.000e+00
