WS23061_Kelble_Stn.009.5.cnv
* Sea-Bird SBE 9 Data File:
* FileName = C:\ctd\Cruise_Data\WS23061_Kelble\WS23061_Kelble_Stn.009.5.hex
* Software Version Seasave V 7.26.7.121
* Temperature SN = 4097 MTG 177
* Conductivity SN = 1851 MTG 053
* Number of Bytes Per Scan = 40
* Number of Voltage Words = 5
* Number of Scans Averaged by the Deck Unit = 1
* NMEA Latitude = 24 42.91 N
* NMEA Longitude = 080 41.09 W
* NMEA UTC (Time) = Jul 17 2003  23:14:00
** Ship:
** Station:
** Operator:
# nquan = 12
# nvalues = 13312                                 
# units = specified
# name 0 = depSM: Depth [salt water, m]
# name 1 = c0S/m: Conductivity [S/m]
# name 2 = density00: Density [density, kg/m^3]
# name 3 = flSP: Fluorescence, Seapoint
# name 4 = wetCDOM: Fluorescence, WET Labs CDOM [mg/m^3]
# name 5 = flECO-AFL: Fluorescence, WET Labs ECO-AFL/FL [mg/m^3]
# name 6 = sbeox0Mg/L: Oxygen, SBE 43 [mg/l]
# name 7 = sbeox0PS: Oxygen, SBE 43 [% saturation]
# name 8 = par: PAR/Irradiance, Biospherical/Licor [Watts/m^2]
# name 9 = sal00: Salinity, Practical [PSU]
# name 10 = t090C: Temperature [ITS-90, deg C]
# name 11 = flag:  0.000e+00
# span 0 =      2.618,    131.175                 
# span 1 =   4.341432,   5.513924                 
# span 2 =  1023.9234,  1027.3577                 
# span 3 = 1.0745e-01, 1.5018e-01                 
# span 4 =    -0.6890,   264.3110                 
# span 5 =    -0.2226,     0.6626                 
# span 6 =     4.1490,     6.5744                 
# span 7 =     50.835,     97.611                 
# span 8 = 9.8755e-02, 5.8265e+01                 
# span 9 =    35.8862,    36.6914                 
# span 10 =    14.4748,    25.4646                
# span 11 = 0.0000e+00, 0.0000e+00                
# interval = seconds: 0.0416667
# start_time = Jul 17 2003 23:14:00 [NMEA time, header]
# bad_flag = -9.990e-29
*END*
[from data line 8181]
    110.061   4.341942  1027.2615 1.0745e-01   259.9752    -0.2226     4.1987     51.362 9.9065e-02    35.8877    14.4823  0.000e+00
    109.978   4.341988  1027.2612 1.0745e-01   260.0399    -0.2226     4.1987     51.363 9.9065e-02    35.8879    14.4826  0.000e+00
    109.879   4.341982  1027.2609 1.2821e-01   188.3379    -0.1005     4.1987     51.363 9.9065e-02    35.8879    14.4825  0.000e+00
    109.921   4.342008  1027.2608 1.3309e-01    47.7164    -0.0395     4.1939     51.305 9.9065e-02    35.8877    14.4830  0.000e+00
    109.813   4.342140  1027.2605 1.3309e-01     3.9056    -0.0395     4.1992     51.371 9.9065e-02    35.8883    14.4838  0.000e+00
    109.863   4.342225  1027.2603 1.3309e-01     5.0057    -0.0395     4.1992     51.372 9.9065e-02    35.8880    14.4849  0.000e+00
    109.813   4.342245  1027.2602 1.3309e-01    10.3769    -0.0395     4.1998     51.378 9.9065e-02    35.8881    14.4850  0.000e+00
    109.739   4.342107  1027.2593 1.3309e-01    12.1889    -0.0395     4.1998     51.379 9.9065e-02    35.8873    14.4845  0.000e+00
    109.756   4.342001  1027.2600 1.3309e-01    11.9948    -0.0395     4.2000     51.379 9.9065e-02    35.8877    14.4830  0.000e+00
    109.673   4.341936  1027.2598 1.3431e-01    11.8006    -0.0395     4.2000     51.379 9.9065e-02    35.8877    14.4824  0.000e+00
    109.632   4.341942  1027.2594 1.3309e-01    11.7359    -0.0395     4.2000     51.379 9.9065e-02    35.8875    14.4827  0.000e+00
    109.673   4.341982  1027.2599 1.3431e-01    11.7359    -0.0395     4.2005     51.385 9.9065e-02    35.8880    14.4826  0.000e+00
    109.574   4.342015  1027.2597 1.3309e-01    11.7359    -0.0395     4.1956     51.325 9.9065e-02    35.8882    14.4827  0.000e+00
    109.615   4.342133  1027.2601 1.3309e-01    11.7359    -0.0395     4.1955     51.325 9.9065e-02    35.8887    14.4833  0.000e+00
    109.508   4.342232  1027.2593 1.3309e-01    25.9081    -0.0395     4.1949     51.319 9.9065e-02    35.8886    14.4845  0.000e+00
    109.615   4.342331  1027.2597 1.2943e-01   180.3134    -0.1005     4.1945     51.314 9.9065e-02    35.8888    14.4852  0.000e+00
    109.451   4.342357  1027.2587 1.0745e-01   258.6163    -0.1921     4.1939     51.307 9.9065e-02    35.8885    14.4858  0.000e+00
    109.508   4.342304  1027.2585 1.0867e-01   264.3110    -0.2226     4.1988     51.367 9.9065e-02    35.8880    14.4859  0.000e+00
    109.434   4.342251  1027.2584 1.0867e-01   264.3110    -0.1921     4.1988     51.367 9.9065e-02    35.8881    14.4852  0.000e+00
    109.451   4.342107  1027.2586 1.0867e-01   261.3342    -0.1921     4.1994     51.373 9.9065e-02    35.8879    14.4840  0.000e+00
    109.434   4.342087  1027.2585 1.0867e-01   259.4575    -0.2226     4.1941     51.307 9.9065e-02    35.8879    14.4838  0.000e+00
    109.385   4.342074  1027.2585 1.0867e-01   259.7164    -0.2226     4.1935     51.301 9.9065e-02    35.8880    14.4836  0.000e+00
    109.368   4.342061  1027.2581 1.0867e-01   259.9752    -0.1921     4.1935     51.301 9.9065e-02    35.8877    14.4838  0.000e+00
    109.385   4.342061  1027.2584 1.0867e-01   260.0399    -0.1921     4.1936     51.301 9.9065e-02    35.8880    14.4835  0.000e+00
    109.310   4.342093  1027.2586 1.0867e-01   260.0399    -0.1921     4.1936     51.301 9.9065e-02    35.8885    14.4833  0.000e+00
    109.327   4.342126  1027.2587 1.0867e-01   259.9752    -0.2226     4.1931     51.296 9.9065e-02    35.8886    14.4835  0.000e+00
    109.310   4.342113  1027.2579 1.0867e-01   260.0399    -0.1921     4.1926     51.291 9.9065e-02    35.8879    14.4841  0.000e+00
    109.269   4.342126  1027.2578 1.0867e-01   260.0399    -0.1921     4.1975     51.350 9.9065e-02    35.8880    14.4842  0.000e+00
    109.253   4.342133  1027.2578 1.0867e-01   260.0399    -0.1921     4.1922     51.285 9.9065e-02    35.8881    14.4841  0.000e+00
    109.269   4.342080  1027.2579 1.0867e-01   260.0399    -0.2226     4.1976     51.351 9.9065e-02    35.8880    14.4837  0.000e+00
    109.187   4.342060  1027.2578 1.0867e-01   260.0399    -0.2226     4.1923     51.285 9.9065e-02    35.8882    14.4833  0.000e+00
    109.203   4.342008  1027.2575 1.0867e-01   260.0399    -0.1921     4.1919     51.280 9.9065e-02    35.8878    14.4833  0.000e+00
    109.187   4.341955  1027.2576 1.0867e-01   260.0399    -0.2226     4.1914     51.274 9.9065e-02    35.8878    14.4827  0.000e+00
    109.203   4.341916  1027.2579 1.0745e-01   260.0399    -0.2226     4.1915     51.275 9.9065e-02    35.8880    14.4821  0.000e+00
    109.129   4.341916  1027.2574 1.0867e-01   260.0399    -0.1921     4.1910     51.269 9.9065e-02    35.8877    14.4824  0.000e+00
    109.080   4.341883  1027.2572 1.0867e-01   260.0399    -0.2226     4.1906     51.263 9.9065e-02    35.8877    14.4821  0.000e+00
    109.129   4.341850  1027.2574 1.0867e-01   260.0399    -0.1921     4.1960     51.330 9.9065e-02    35.8876    14.4819  0.000e+00
    109.022   4.341804  1027.2570 1.0867e-01   260.0399    -0.1921     4.1961     51.329 9.9065e-02    35.8876    14.4815  0.000e+00
    109.080   4.341771  1027.2570 1.0867e-01   260.0399    -0.1921     4.1961     51.330 9.9065e-02    35.8873    14.4815  0.000e+00
    109.005   4.341764  1027.2570 1.2088e-01   216.4880    -0.1616     4.1908     51.264 9.9065e-02    35.8876    14.4811  0.000e+00
    109.022   4.341731  1027.2571 1.3309e-01    63.1181    -0.0395     4.1908     51.265 9.9065e-02    35.8876    14.4808  0.000e+00
    108.948   4.341705  1027.2568 1.3309e-01     4.0998    -0.0395     4.1957     51.324 9.9065e-02    35.8876    14.4806  0.000e+00
    108.964   4.341685  1027.2567 1.3309e-01     1.5112    -0.0395     4.1909     51.265 9.9065e-02    35.8873    14.4806  0.000e+00
    108.948   4.341711  1027.2565 1.3431e-01     7.3354    -0.0395     4.1957     51.324 9.9065e-02    35.8873    14.4810  0.000e+00
    108.898   4.341705  1027.2566 1.3309e-01     9.6004    -0.0395     4.1904     51.259 9.9065e-02    35.8876    14.4806  0.000e+00
    108.824   4.341718  1027.2565 1.3309e-01     9.6651    -0.0395     4.1903     51.258 9.9065e-02    35.8878    14.4805  0.000e+00
    108.840   4.341705  1027.2564 1.3309e-01     9.4710    -0.0395     4.1952     51.318 9.9065e-02    35.8876    14.4806  0.000e+00
    108.824   4.341718  1027.2564 1.3309e-01     9.3415    -0.0395     4.1904     51.259 9.9065e-02    35.8877    14.4806  0.000e+00
    108.774   4.341751  1027.2561 1.3309e-01     9.3415    -0.0395     4.1957     51.324 9.9065e-02    35.8877    14.4810  0.000e+00
    108.643   4.341764  1027.2557 1.3309e-01     9.3415    -0.0395     4.1908     51.265 9.9065e-02    35.8879    14.4809  0.000e+00
    108.717   4.341764  1027.2561 1.3309e-01     9.4062    -0.0395     4.1909     51.266 9.9065e-02    35.8880    14.4808  0.000e+00
    108.643   4.341685  1027.2558 1.3309e-01     9.4062    -0.0395     4.1963     51.332 9.9065e-02    35.8878    14.4802  0.000e+00
    108.659   4.341652  1027.2557 1.3309e-01    13.0302    -0.0395     4.1964     51.332 9.9065e-02    35.8876    14.4801  0.000e+00
    108.577   4.341672  1027.2556 1.3431e-01    15.5540    -0.0395     4.1916     51.273 9.9065e-02    35.8880    14.4800  0.000e+00
    108.593   4.341639  1027.2559 1.3431e-01    16.0070    -0.0395     4.1970     51.340 9.9065e-02    35.8881    14.4795  0.000e+00
    108.519   4.341560  1027.2548 1.3431e-01    15.8775    -0.0395     4.1976     51.346 9.9065e-02    35.8872    14.4797  0.000e+00
    108.412   4.341599  1027.2546 1.3309e-01    15.7481    -0.0395     4.1981     51.352 9.9065e-02    35.8876    14.4797  0.000e+00
    108.453   4.341645  1027.2552 1.3309e-01    15.7481    -0.0395     4.1933     51.294 9.9065e-02    35.8880    14.4797  0.000e+00
    108.412   4.341593  1027.2544 1.3309e-01    15.7481    -0.0395     4.1934     51.295 9.9065e-02    35.8873    14.4800  0.000e+00
    108.337   4.341612  1027.2545 1.3309e-01    15.7481    -0.0395     4.1988     51.361 9.9065e-02    35.8878    14.4797  0.000e+00
    108.288   4.341645  1027.2541 1.3187e-01    15.7481    -0.0395     4.1993     51.368 9.9065e-02    35.8877    14.4801  0.000e+00
    108.148   4.341599  1027.2533 1.3187e-01    15.7481    -0.0395     4.1994     51.368 9.9065e-02    35.8875    14.4800  0.000e+00
    108.230   4.341606  1027.2538 1.3309e-01    15.7481    -0.0395     4.1995     51.370 9.9065e-02    35.8876    14.4799  0.000e+00
    108.090   4.341579  1027.2530 1.3309e-01    15.8128    -0.0395     4.1942     51.304 9.9065e-02    35.8873    14.4800  0.000e+00
    108.107   4.341579  1027.2531 1.3431e-01    90.4270    -0.0395     4.1991     51.365 9.9065e-02    35.8874    14.4799  0.000e+00
    108.032   4.341573  1027.2529 1.1600e-01   227.8775    -0.1616     4.1991     51.365 9.9065e-02    35.8875    14.4797  0.000e+00
    108.049   4.341573  1027.2527 1.0745e-01   264.3110    -0.2226     4.1943     51.306 9.9065e-02    35.8873    14.4800  0.000e+00
    107.909   4.341579  1027.2521 1.0745e-01   264.3110    -0.2226     4.1996     51.371 9.9375e-02    35.8873    14.4800  0.000e+00
    107.859   4.341573  1027.2520 1.0867e-01   264.3110    -0.1921     4.1948     51.312 9.9375e-02    35.8874    14.4800  0.000e+00
    107.909   4.341579  1027.2524 1.0745e-01   259.8458    -0.1921     4.1944     51.307 9.9065e-02    35.8876    14.4797  0.000e+00
    107.744   4.341546  1027.2515 1.0867e-01   259.4575    -0.2226     4.1939     51.301 9.9065e-02    35.8874    14.4797  0.000e+00
    107.727   4.341507  1027.2514 1.0867e-01   259.8458    -0.1921     4.1988     51.361 9.9065e-02    35.8873    14.4794  0.000e+00
    107.620   4.341533  1027.2514 1.0867e-01   260.0399    -0.1921     4.1935     51.296 9.9065e-02    35.8878    14.4792  0.000e+00
    107.538   4.341540  1027.2507 1.0867e-01   260.0399    -0.1921     4.2036     51.420 9.9065e-02    35.8875    14.4796  0.000e+00
    107.554   4.341599  1027.2511 1.0867e-01   260.0399    -0.2226     4.1988     51.361 9.9065e-02    35.8879    14.4797  0.000e+00
    107.422   4.341559  1027.2501 1.0867e-01   260.0399    -0.1921     4.1933     51.295 9.9065e-02    35.8875    14.4799  0.000e+00
    107.373   4.341592  1027.2498 1.1233e-01   242.7615    -0.1921     4.1933     51.294 9.9065e-02    35.8874    14.4803  0.000e+00
    107.422   4.341619  1027.2502 1.3309e-01    80.8495    -0.0395     4.1928     51.289 9.9065e-02    35.8877    14.4802  0.000e+00
    107.315   4.341665  1027.2499 1.3187e-01     0.6700    -0.0395     4.1928     51.288 9.9065e-02    35.8880    14.4805  0.000e+00
    107.298   4.341665  1027.2500 1.3309e-01    -0.6890    -0.0395     4.1976     51.348 9.9065e-02    35.8881    14.4803  0.000e+00
    107.191   4.341592  1027.2489 1.3309e-01    -0.6890    -0.0395     4.1923     51.282 9.9065e-02    35.8874    14.4804  0.000e+00
    107.117   4.341599  1027.2486 1.3309e-01    -0.3007    -0.0395     4.1917     51.276 9.9065e-02    35.8875    14.4805  0.000e+00
    107.133   4.341592  1027.2489 1.3309e-01     0.9935    -0.0395     4.1966     51.335 9.9065e-02    35.8877    14.4801  0.000e+00
    107.051   4.341546  1027.2483 1.3309e-01     1.2524    -0.0395     4.1966     51.334 9.9065e-02    35.8874    14.4800  0.000e+00
    107.010   4.341539  1027.2482 1.3309e-01     1.1877    -0.0395     4.1965     51.334 9.9375e-02    35.8874    14.4800  0.000e+00
    106.927   4.341566  1027.2480 1.3309e-01     1.1877    -0.0395     4.1969     51.338 9.9065e-02    35.8876    14.4800  0.000e+00
    106.886   4.341546  1027.2477 1.3309e-01     1.1877    -0.0395     4.1973     51.343 9.9375e-02    35.8875    14.4800  0.000e+00
    106.746   4.341572  1027.2472 1.3187e-01     1.1877    -0.0395     4.1977     51.348 9.9065e-02    35.8877    14.4801  0.000e+00
    106.812   4.341520  1027.2473 1.3309e-01     1.1230    -0.0395     4.1977     51.348 9.9065e-02    35.8874    14.4799  0.000e+00
    106.705   4.341552  1027.2467 1.3431e-01     7.4648    -0.0395     4.1975     51.346 9.9065e-02    35.8874    14.4803  0.000e+00
    106.688   4.341612  1027.2470 1.3431e-01    14.1303    -0.0395     4.1979     51.351 9.9065e-02    35.8878    14.4804  0.000e+00
    106.581   4.341612  1027.2465 1.3431e-01    15.8128    -0.0395     4.1977     51.349 9.9065e-02    35.8878    14.4805  0.000e+00
    106.622   4.341618  1027.2469 1.3431e-01    15.6187    -0.0395     4.1981     51.354 9.9065e-02    35.8880    14.4803  0.000e+00
    106.581   4.341585  1027.2460 1.3431e-01    15.2951    -0.0395     4.1980     51.352 9.9065e-02    35.8873    14.4807  0.000e+00
    106.441   4.341631  1027.2456 1.3431e-01    15.2951    -0.0395     4.1977     51.349 9.9065e-02    35.8876    14.4810  0.000e+00
    106.399   4.341651  1027.2456 1.3431e-01    15.2951    -0.0395     4.1980     51.353 9.9065e-02    35.8878    14.4809  0.000e+00
    106.383   4.341618  1027.2454 1.3431e-01    15.2951    -0.0395     4.1926     51.286 9.9065e-02    35.8876    14.4808  0.000e+00
    106.334   4.341618  1027.2450 1.3431e-01    15.2951    -0.0395     4.1977     51.349 9.9065e-02    35.8875    14.4810  0.000e+00
    106.317   4.341664  1027.2452 1.3431e-01    15.2951    -0.0395     4.2029     51.412 9.9065e-02    35.8878    14.4811  0.000e+00
    106.276   4.341684  1027.2450 1.3431e-01    15.2951    -0.0395     4.1978     51.350 9.9065e-02    35.8878    14.4813  0.000e+00
    106.136   4.341664  1027.2441 1.3431e-01    15.2951    -0.0395     4.1980     51.353 9.9065e-02    35.8876    14.4815  0.000e+00
    106.218   4.341677  1027.2444 1.3431e-01    13.9362    -0.0395     4.1983     51.357 9.9065e-02    35.8875    14.4816  0.000e+00
    106.078   4.341723  1027.2440 1.3309e-01     9.5357    -0.0395     4.1980     51.353 9.9065e-02    35.8878    14.4818  0.000e+00
    106.078   4.341723  1027.2437 1.3309e-01     7.9178    -0.0395     4.1982     51.356 9.9065e-02    35.8875    14.4821  0.000e+00
    106.028   4.341835  1027.2439 1.3309e-01     7.8531    -0.0395     4.1930     51.294 9.9065e-02    35.8882    14.4825  0.000e+00
    106.012   4.341822  1027.2437 1.3309e-01     7.9826    -0.0395     4.1982     51.356 9.9065e-02    35.8881    14.4825  0.000e+00
    105.971   4.341796  1027.2433 1.3431e-01     8.1120    -0.0395     4.1979     51.354 9.9375e-02    35.8878    14.4826  0.000e+00
    105.897   4.341802  1027.2433 1.3431e-01     8.1120    -0.0395     4.1923     51.285 9.9065e-02    35.8882    14.4823  0.000e+00
    105.913   4.341829  1027.2436 1.3431e-01     8.0473    -0.0395     4.1921     51.282 9.9065e-02    35.8884    14.4822  0.000e+00
    105.773   4.341914  1027.2432 1.3309e-01     8.0473    -0.0395     4.1971     51.344 9.9065e-02    35.8889    14.4827  0.000e+00
    105.847   4.342171  1027.2435 1.3431e-01     8.1120    -0.0395     4.1973     51.348 9.9065e-02    35.8894    14.4847  0.000e+00
    105.773   4.342408  1027.2426 1.3431e-01     8.0473    -0.0395     4.1920     51.286 9.9065e-02    35.8893    14.4871  0.000e+00
    105.732   4.342553  1027.2424 1.3431e-01     8.1120    -0.0395     4.1912     51.277 9.9065e-02    35.8896    14.4883  0.000e+00
    105.649   4.342605  1027.2413 1.3431e-01     9.7945    -0.0395     4.1908     51.274 9.9065e-02    35.8890    14.4895  0.000e+00
    105.649   4.342698  1027.2412 1.3675e-01   154.6871    -0.0700     4.1906     51.272 9.9065e-02    35.8891    14.4903  0.000e+00
    105.666   4.342645  1027.2408 1.0989e-01   254.6040    -0.1921     4.1900     51.265 9.9065e-02    35.8886    14.4903  0.000e+00
    105.591   4.342645  1027.2403 1.0867e-01   264.3110    -0.2226     4.1898     51.263 9.9065e-02    35.8884    14.4906  0.000e+00
    105.542   4.342632  1027.2403 1.0867e-01   264.3110    -0.2226     4.1892     51.255 9.9065e-02    35.8886    14.4903  0.000e+00
    105.525   4.342559  1027.2403 1.0867e-01   262.5637    -0.1921     4.1939     51.312 9.9065e-02    35.8885    14.4897  0.000e+00
