WS23139_STN20_18CTD.cnv
* Sea-Bird SBE 9 Data File:
* FileName = C:\ctd\Cruise_Data\WS23139_Rosenheim\WS23139_Rosenheim_STN20.hex
* Software Version Seasave V 7.26.7.121
* Temperature SN = 4097 MTG 177
* Conductivity SN = 1851 MTG 053
* Number of Bytes Per Scan = 40
* Number of Voltage Words = 5
* Number of Scans Averaged by the Deck Unit = 1
* NMEA Latitude = 05 54.61 N
* NMEA Longitude = 053 57.57 W
* NMEA UTC (Time) = Jun 16 2023 20:01:31
** Ship:
** Station:
** Operator:
# nquan = 12
# nvalues = 5309                                  
# units = specified
# name 0 = depSM: Depth [salt water, m]
# name 1 = c0S/m: Conductivity [S/m]
# name 2 = density00: Density [density, kg/m^3]
# name 3 = flSP: Fluorescence, Seapoint
# name 4 = wetCDOM: Fluorescence, WET Labs CDOM [mg/m^3]
# name 5 = flECO-AFL: Fluorescence, WET Labs ECO-AFL/FL [mg/m^3]
# name 6 = sbeox0Mg/L: Oxygen, SBE 43 [mg/l]
# name 7 = sbeox0PS: Oxygen, SBE 43 [% saturation]
# name 8 = par: PAR/Irradiance, Biospherical/Licor [Watts/m^2]
# name 9 = sal00: Salinity, Practical [PSU]
# name 10 = t090C: Temperature [ITS-90, deg C]
# name 11 = flag:  0.000e+00
# span 0 =      1.775,      4.943                 
# span 1 =   5.524066,   5.579137                 
# span 2 =  1022.2651,  1022.7171                 
# span 3 = 1.1600e-01, 1.9170e-01                 
# span 4 =    -0.6890,   264.3110                 
# span 5 =     1.3647,     2.9214                 
# span 6 =     4.0332,     5.6782                 
# span 7 =     62.076,     87.611                 
# span 8 = 9.8755e-02, 4.7196e+02                 
# span 9 =    34.6561,    35.0268                 
# span 10 =    27.0819,    27.7102                
# span 11 = 0.0000e+00, 0.0000e+00                
# interval = seconds: 0.0416667
# start_time = Jun 16 2023 20:01:31 [NMEA time, header]
# bad_flag = -9.990e-29
*END*
[from data line 482]
      2.194   5.551639  1022.2854 1.4652e-01     4.6175     1.6089     5.4103     83.469 1.2625e+02    34.7158    27.7082  0.000e+00
      2.161   5.551609  1022.2851 1.4652e-01     4.8763     1.6089     5.4145     83.534 1.2625e+02    34.7156    27.7082  0.000e+00
      2.128   5.551668  1022.2852 1.4652e-01     5.0705     1.6089     5.4148     83.539 1.2554e+02    34.7160    27.7082  0.000e+00
      2.227   5.551697  1022.2859 1.4652e-01     5.0705     1.6394     5.4112     83.483 1.2519e+02    34.7163    27.7080  0.000e+00
      2.128   5.551741  1022.2861 1.4652e-01     5.0705     1.6089     5.4111     83.482 1.2732e+02    34.7169    27.7076  0.000e+00
      2.161   5.551814  1022.2866 1.4652e-01     5.0705     1.6394     5.4150     83.542 1.3058e+02    34.7174    27.7076  0.000e+00
      2.128   5.551865  1022.2868 1.4652e-01     5.0705     1.6394     5.4190     83.604 1.3206e+02    34.7178    27.7076  0.000e+00
      2.128   5.551850  1022.2867 1.4652e-01     5.0705     1.6394     5.4151     83.544 1.3506e+02    34.7177    27.7076  0.000e+00
      2.226   5.551843  1022.2869 1.4774e-01     5.0705     1.6089     5.4190     83.604 1.4247e+02    34.7175    27.7078  0.000e+00
      2.128   5.551843  1022.2865 1.5140e-01     5.0705     1.6394     5.4191     83.605 1.4531e+02    34.7175    27.7078  0.000e+00
      2.103   5.551901  1022.2869 1.5263e-01     3.9056     1.6394     5.4229     83.663 1.4903e+02    34.7181    27.7076  0.000e+00
      2.128   5.551923  1022.2869 1.5385e-01     2.4819     1.6394     5.4230     83.666 1.6215e+02    34.7181    27.7078  0.000e+00
      2.128   5.551923  1022.2870 1.5507e-01     2.1584     1.6394     5.4191     83.605 1.6724e+02    34.7181    27.7078  0.000e+00
      2.161   5.551901  1022.2869 1.5507e-01     2.1584     1.6394     5.4188     83.601 1.7056e+02    34.7179    27.7078  0.000e+00
      2.070   5.551887  1022.2866 1.5629e-01     2.2231     1.6394     5.4184     83.595 1.8820e+02    34.7180    27.7076  0.000e+00
      2.103   5.551909  1022.2871 1.5507e-01     2.2231     1.6394     5.4180     83.588 1.9631e+02    34.7183    27.7075  0.000e+00
      2.070   5.551894  1022.2870 1.5385e-01     2.2231     1.7004     5.4179     83.586 1.9797e+02    34.7183    27.7073  0.000e+00
      2.128   5.551858  1022.2874 1.5507e-01     2.2231     1.8531     5.4176     83.581 2.1722e+02    34.7183    27.7069  0.000e+00
      2.045   5.551770  1022.2867 1.5629e-01     2.2231     1.9141     5.4211     83.634 2.2914e+02    34.7178    27.7067  0.000e+00
      2.070   5.551675  1022.2865 1.5873e-01     2.2231     1.9141     5.4208     83.629 2.3043e+02    34.7173    27.7065  0.000e+00
      2.045   5.551653  1022.2864 1.5873e-01     2.2231     1.9141     5.4205     83.624 2.5212e+02    34.7173    27.7063  0.000e+00
      2.070   5.551653  1022.2865 1.5751e-01     2.2231     1.9141     5.4162     83.558 2.6746e+02    34.7173    27.7063  0.000e+00
      2.045   5.551631  1022.2868 1.5629e-01     2.9349     1.9141     5.4158     83.551 2.6972e+02    34.7176    27.7058  0.000e+00
      2.070   5.551573  1022.2866 1.5629e-01     6.0412     1.8836     5.4114     83.483 2.8693e+02    34.7171    27.7058  0.000e+00
      2.012   5.551558  1022.2863 1.5385e-01     7.2060     1.8836     5.4106     83.471 3.0353e+02    34.7170    27.7058  0.000e+00
      2.103   5.551529  1022.2867 1.5263e-01     7.2707     1.8836     5.4099     83.460 3.0610e+02    34.7169    27.7056  0.000e+00
      2.012   5.551522  1022.2861 1.5263e-01     7.1413     1.8836     5.4092     83.449 3.1839e+02    34.7168    27.7058  0.000e+00
      2.045   5.551485  1022.2859 1.5507e-01     7.1413     1.8836     5.4046     83.377 3.3210e+02    34.7164    27.7059  0.000e+00
      2.070   5.551471  1022.2862 1.5995e-01     7.1413     1.8836     5.4037     83.363 3.3492e+02    34.7165    27.7056  0.000e+00
      2.012   5.551441  1022.2857 1.6606e-01     7.1413     1.8836     5.3987     83.286 3.3871e+02    34.7162    27.7058  0.000e+00
      2.045   5.551463  1022.2861 1.6850e-01     7.1413     1.9141     5.3897     83.148 3.4641e+02    34.7165    27.7056  0.000e+00
      2.070   5.551500  1022.2860 1.6850e-01     7.1413     1.8836     5.3841     83.062 3.4739e+02    34.7165    27.7060  0.000e+00
      2.045   5.551514  1022.2862 1.6606e-01     7.1413     1.8836     5.3825     83.037 3.4641e+02    34.7167    27.7058  0.000e+00
      2.012   5.551544  1022.2859 1.6117e-01     7.1413     1.8836     5.3769     82.951 3.4062e+02    34.7167    27.7062  0.000e+00
      2.127   5.551536  1022.2863 1.5751e-01     7.1413     1.9141     5.3752     82.924 3.4062e+02    34.7166    27.7062  0.000e+00
      2.045   5.551580  1022.2861 1.5507e-01    12.5125     1.8836     5.3693     82.834 3.3398e+02    34.7168    27.7063  0.000e+00
      2.070   5.551602  1022.2863 1.5263e-01    16.6541     1.8836     5.3634     82.743 3.1750e+02    34.7169    27.7063  0.000e+00
      2.103   5.551507  1022.2864 1.5263e-01    17.4307     1.8531     5.3615     82.713 3.1131e+02    34.7167    27.7058  0.000e+00
      2.070   5.551441  1022.2859 1.5751e-01    17.2365     1.8836     5.3516     82.561 3.0696e+02    34.7162    27.7058  0.000e+00
      2.127   5.551332  1022.2857 1.6361e-01    17.0424     1.8531     5.3417     82.407 2.8693e+02    34.7155    27.7056  0.000e+00
      2.045   5.551317  1022.2853 1.7216e-01    17.0424     1.8836     5.3393     82.370 2.7976e+02    34.7155    27.7056  0.000e+00
      2.127   5.551332  1022.2856 1.7460e-01    17.0424     1.8836     5.3330     82.274 2.7586e+02    34.7154    27.7058  0.000e+00
      2.103   5.551266  1022.2848 1.6972e-01    17.0424     1.8531     5.3306     82.236 2.5141e+02    34.7147    27.7062  0.000e+00
      2.127   5.551317  1022.2852 1.6484e-01    17.0424     1.7310     5.3245     82.142 2.3901e+02    34.7150    27.7062  0.000e+00
      2.160   5.551434  1022.2858 1.6239e-01    17.0424     1.7004     5.3181     82.044 2.3767e+02    34.7157    27.7063  0.000e+00
      2.127   5.551441  1022.2855 1.6117e-01    17.0424     1.6699     5.3197     82.069 2.1539e+02    34.7156    27.7065  0.000e+00
      2.127   5.551456  1022.2857 1.6361e-01    17.0424     1.7004     5.3179     82.042 2.0304e+02    34.7159    27.7063  0.000e+00
      2.160   5.551383  1022.2855 1.6606e-01    14.2597     1.7004     5.3161     82.012 2.0134e+02    34.7154    27.7063  0.000e+00
      2.127   5.551303  1022.2849 1.6484e-01     8.8885     1.7004     5.3105     81.926 1.8350e+02    34.7148    27.7063  0.000e+00
      2.226   5.551288  1022.2854 1.6361e-01     7.2060     1.7004     5.3089     81.901 1.7056e+02    34.7148    27.7062  0.000e+00
      2.127   5.551317  1022.2852 1.6606e-01     7.2060     1.7004     5.3074     81.879 1.6866e+02    34.7150    27.7062  0.000e+00
      2.251   5.551274  1022.2854 1.7216e-01     7.4648     1.7004     5.3103     81.923 1.5458e+02    34.7147    27.7062  0.000e+00
      2.160   5.551310  1022.2854 1.7216e-01     7.5296     1.7004     5.3091     81.904 1.4207e+02    34.7151    27.7060  0.000e+00
      2.193   5.551230  1022.2855 1.7094e-01     7.5296     1.7004     5.3081     81.889 1.3970e+02    34.7148    27.7056  0.000e+00
      2.226   5.551230  1022.2857 1.6972e-01     7.4648     1.7004     5.3115     81.940 1.3058e+02    34.7149    27.7054  0.000e+00
      2.251   5.551186  1022.2856 1.6972e-01     7.4648     1.7004     5.3113     81.937 1.1934e+02    34.7146    27.7054  0.000e+00
      2.251   5.551157  1022.2856 1.6606e-01     7.4648     1.7004     5.3110     81.933 1.1669e+02    34.7145    27.7053  0.000e+00
      2.226   5.551150  1022.2857 1.6361e-01     7.4648     1.7004     5.3110     81.933 1.1187e+02    34.7146    27.7051  0.000e+00
      2.251   5.551150  1022.2856 1.5751e-01     7.4648     1.7004     5.3112     81.935 1.0369e+02    34.7145    27.7053  0.000e+00
      2.226   5.551150  1022.2858 1.5751e-01     7.8531     1.7004     5.3156     82.004 1.0196e+02    34.7148    27.7049  0.000e+00
      2.251   5.551157  1022.2860 1.5995e-01    11.7359     1.7004     5.3164     82.016 9.9690e+01    34.7148    27.7048  0.000e+00
      2.284   5.551157  1022.2859 1.6239e-01    13.8067     1.7004     5.3211     82.088 9.4504e+01    34.7147    27.7051  0.000e+00
      2.251   5.551179  1022.2857 1.6361e-01    14.0656     1.6699     5.3221     82.103 9.2923e+01    34.7147    27.7053  0.000e+00
      2.317   5.551230  1022.2860 1.6117e-01    13.9362     1.7004     5.3271     82.182 9.1884e+01    34.7148    27.7056  0.000e+00
      2.226   5.551281  1022.2857 1.5751e-01    13.8714     1.6699     5.3284     82.202 8.8337e+01    34.7150    27.7058  0.000e+00
      2.251   5.551317  1022.2862 1.5385e-01    13.8714     1.7004     5.3339     82.286 8.6859e+01    34.7154    27.7056  0.000e+00
      2.284   5.551303  1022.2864 1.5263e-01    13.8067     1.7004     5.3397     82.375 8.6859e+01    34.7154    27.7054  0.000e+00
      2.251   5.551223  1022.2861 1.5140e-01    13.8714     1.7004     5.3379     82.348 8.4214e+01    34.7152    27.7051  0.000e+00
      2.251   5.551237  1022.2860 1.5140e-01    13.8067     1.7004     5.3480     82.503 8.3272e+01    34.7151    27.7053  0.000e+00
      2.284   5.551274  1022.2865 1.5018e-01    13.8067     1.7004     5.3466     82.482 8.3038e+01    34.7155    27.7051  0.000e+00
      2.251   5.551259  1022.2863 1.4774e-01    13.8067     1.7310     5.3568     82.640 8.2341e+01    34.7154    27.7051  0.000e+00
      2.226   5.551244  1022.2865 1.4774e-01    13.8714     1.7310     5.3556     82.620 8.1420e+01    34.7156    27.7047  0.000e+00
      2.251   5.551223  1022.2864 1.5018e-01     8.5003     1.7310     5.3659     82.780 8.1649e+01    34.7154    27.7047  0.000e+00
      2.284   5.551164  1022.2864 1.5507e-01     2.7408     1.7615     5.3688     82.823 8.2109e+01    34.7151    27.7045  0.000e+00
      2.251   5.551252  1022.2869 1.5507e-01     1.3171     1.7615     5.3716     82.867 8.2572e+01    34.7159    27.7043  0.000e+00
      2.251   5.551288  1022.2871 1.5263e-01     1.5112     1.7615     5.3745     82.912 8.2572e+01    34.7162    27.7043  0.000e+00
      2.284   5.551361  1022.2877 1.5018e-01     1.7701     1.7615     5.3812     83.016 8.5406e+01    34.7167    27.7043  0.000e+00
      2.251   5.551383  1022.2878 1.4774e-01     1.8348     1.7615     5.3842     83.061 8.7349e+01    34.7170    27.7041  0.000e+00
      2.226   5.551442  1022.2877 1.4652e-01     1.8348     1.7615     5.3909     83.165 8.8089e+01    34.7171    27.7045  0.000e+00
      2.251   5.551405  1022.2877 1.4652e-01     1.7701     1.7615     5.3935     83.205 9.1884e+01    34.7170    27.7043  0.000e+00
      2.251   5.551376  1022.2873 1.4896e-01     1.8348     1.7615     5.3998     83.303 9.6926e+01    34.7165    27.7047  0.000e+00
      2.226   5.551420  1022.2872 1.4896e-01     1.8348     1.7615     5.4023     83.341 9.8022e+01    34.7167    27.7049  0.000e+00
      2.251   5.551456  1022.2872 1.4774e-01     1.8348     1.7615     5.4086     83.439 1.0428e+02    34.7166    27.7053  0.000e+00
      2.226   5.551471  1022.2872 1.4530e-01     1.8348     1.7615     5.4110     83.476 1.1474e+02    34.7168    27.7053  0.000e+00
      2.193   5.551442  1022.2867 1.4530e-01     3.8409     1.7310     5.4132     83.510 1.1768e+02    34.7164    27.7054  0.000e+00
      2.251   5.551427  1022.2867 1.4652e-01    10.3769     1.7310     5.4152     83.540 1.2379e+02    34.7162    27.7056  0.000e+00
      2.226   5.551522  1022.2871 1.4652e-01    12.8360     1.7310     5.4170     83.569 1.3736e+02    34.7169    27.7056  0.000e+00
      2.127   5.551463  1022.2864 1.4896e-01    12.9007     1.7310     5.4224     83.652 1.4247e+02    34.7165    27.7056  0.000e+00
      2.160   5.551493  1022.2870 1.4774e-01    12.8360     1.7310     5.4275     83.731 1.4695e+02    34.7169    27.7053  0.000e+00
      2.193   5.551456  1022.2870 1.4652e-01    12.6419     1.7310     5.4248     83.688 1.6306e+02    34.7167    27.7053  0.000e+00
      2.160   5.551434  1022.2864 1.4530e-01    12.6419     1.7310     5.4294     83.761 1.6961e+02    34.7163    27.7056  0.000e+00
      2.193   5.551456  1022.2865 1.4530e-01    12.6419     1.7310     5.4342     83.835 1.7346e+02    34.7163    27.7058  0.000e+00
      2.127   5.551441  1022.2863 1.4530e-01    12.6419     1.7310     5.4348     83.844 1.9411e+02    34.7163    27.7056  0.000e+00
      2.160   5.551332  1022.2857 1.4652e-01    12.6419     1.7310     5.4312     83.788 2.0476e+02    34.7154    27.7058  0.000e+00
      2.127   5.551259  1022.2852 1.5140e-01    12.7713     1.7310     5.4354     83.852 2.0766e+02    34.7149    27.7058  0.000e+00
      2.102   5.551244  1022.2842 1.5263e-01    12.7066     1.8225     5.4356     83.856 2.2849e+02    34.7142    27.7067  0.000e+00
      2.127   5.551310  1022.2846 1.5018e-01    12.7066     1.9141     5.4357     83.858 2.4171e+02    34.7146    27.7067  0.000e+00
      2.127   5.551339  1022.2848 1.4774e-01    16.1364     1.9141     5.4355     83.855 2.4307e+02    34.7148    27.7067  0.000e+00
      2.102   5.551339  1022.2845 1.4774e-01    18.6602     1.9141     5.4351     83.850 2.6372e+02    34.7147    27.7069  0.000e+00
      2.069   5.551332  1022.2844 1.5018e-01    18.9838     1.9141     5.4426     83.965 2.7819e+02    34.7146    27.7069  0.000e+00
      2.102   5.551361  1022.2846 1.5263e-01    18.7896     1.9141     5.4386     83.903 2.7976e+02    34.7148    27.7069  0.000e+00
      2.069   5.551310  1022.2842 1.5507e-01    18.7249     1.9141     5.4382     83.897 2.9845e+02    34.7145    27.7069  0.000e+00
      2.069   5.551266  1022.2840 1.5629e-01    18.7249     1.9141     5.4377     83.889 3.1483e+02    34.7142    27.7069  0.000e+00
      2.102   5.551252  1022.2841 1.5751e-01    18.7249     1.9141     5.4373     83.882 3.1750e+02    34.7140    27.7069  0.000e+00
      2.011   5.551274  1022.2837 1.5873e-01    18.7249     1.9141     5.4366     83.872 3.2932e+02    34.7141    27.7071  0.000e+00
      2.102   5.551259  1022.2839 1.6117e-01    18.6602     1.9141     5.4359     83.862 3.4157e+02    34.7140    27.7071  0.000e+00
      2.069   5.551222  1022.2836 1.6484e-01    18.6602     1.9141     5.4351     83.849 3.4544e+02    34.7137    27.7071  0.000e+00
      2.044   5.551266  1022.2837 1.6606e-01    18.7249     1.9141     5.4341     83.833 3.4934e+02    34.7140    27.7071  0.000e+00
      2.069   5.551317  1022.2843 1.6361e-01    18.6602     1.9141     5.4332     83.819 3.5629e+02    34.7145    27.7069  0.000e+00
      2.011   5.551303  1022.2838 1.5873e-01    16.0070     1.9141     5.4321     83.803 3.5830e+02    34.7143    27.7071  0.000e+00
      2.044   5.551288  1022.2839 1.5385e-01    11.4771     1.9141     5.4312     83.789 3.6133e+02    34.7142    27.7071  0.000e+00
      2.069   5.551317  1022.2842 1.5140e-01    10.1828     1.9141     5.4261     83.711 3.6542e+02    34.7144    27.7070  0.000e+00
      2.044   5.551303  1022.2839 1.5018e-01    10.1828     1.9141     5.4250     83.693 3.6645e+02    34.7143    27.7071  0.000e+00
      2.069   5.551354  1022.2841 1.5140e-01    10.3769     1.9141     5.4237     83.673 3.6645e+02    34.7145    27.7073  0.000e+00
      2.069   5.551383  1022.2845 1.5263e-01    10.4416     1.9141     5.4185     83.594 3.6542e+02    34.7148    27.7071  0.000e+00
      2.044   5.551478  1022.2847 1.5140e-01    10.4416     1.9141     5.4173     83.575 3.6645e+02    34.7154    27.7073  0.000e+00
      2.069   5.551617  1022.2855 1.4774e-01    10.3769     1.9141     5.4118     83.490 3.6133e+02    34.7163    27.7073  0.000e+00
      2.102   5.551653  1022.2860 1.4652e-01    10.3122     1.9141     5.4024     83.346 3.3966e+02    34.7167    27.7071  0.000e+00
      2.069   5.551587  1022.2856 1.4530e-01    10.4416     1.9141     5.4044     83.377 3.3210e+02    34.7163    27.7071  0.000e+00
