WS23139_STN17_16CTD.cnv
* Sea-Bird SBE 9 Data File:
* FileName = C:\ctd\Cruise_Data\WS23139_Rosenheim\WS23139_Rosenheim_STN17.hex
* Software Version Seasave V 7.26.7.121
* Temperature SN = 4097 MTG 177
* Conductivity SN = 1851 MTG 053
* Number of Bytes Per Scan = 40
* Number of Voltage Words = 5
* Number of Scans Averaged by the Deck Unit = 1
* NMEA Latitude = 05 51.91 N
* NMEA Longitude = 053 17.41 W
* NMEA UTC (Time) = Jun 15 2023 22:29:55
** Ship:
** Station:
** Operator:
# nquan = 12
# nvalues = 10454                                 
# units = specified
# name 0 = depSM: Depth [salt water, m]
# name 1 = c0S/m: Conductivity [S/m]
# name 2 = density00: Density [density, kg/m^3]
# name 3 = flSP: Fluorescence, Seapoint
# name 4 = wetCDOM: Fluorescence, WET Labs CDOM [mg/m^3]
# name 5 = flECO-AFL: Fluorescence, WET Labs ECO-AFL/FL [mg/m^3]
# name 6 = sbeox0Mg/L: Oxygen, SBE 43 [mg/l]
# name 7 = sbeox0PS: Oxygen, SBE 43 [% saturation]
# name 8 = par: PAR/Irradiance, Biospherical/Licor [Watts/m^2]
# name 9 = sal00: Salinity, Practical [PSU]
# name 10 = t090C: Temperature [ITS-90, deg C]
# name 11 = flag:  0.000e+00
# span 0 =      1.692,     31.385                 
# span 1 =   4.458548,   5.694370                 
# span 2 =  1016.6362,  1023.7389                 
# span 3 = 6.2271e-02, 1.4530e-01                 
# span 4 =    -0.6890,   264.3110                 
# span 5 =     0.4794,     1.0594                 
# span 6 =     4.4661,     6.0160                 
# span 7 =     68.797,     93.065                 
# span 8 = 9.8755e-02, 4.1476e+00                 
# span 9 =    27.1758,    36.2060                 
# span 10 =    27.0694,    27.6858                
# span 11 = 0.0000e+00, 0.0000e+00                
# interval = seconds: 0.0416667
# start_time = Jun 15 2023 22:29:55 [NMEA time, header]
# bad_flag = -9.990e-29
*END*
[from data line 9264]
     11.986   5.689718  1023.2357 1.0012e-01   259.9105     0.6321     5.8740     90.899 9.9065e-02    35.8377    27.5114  0.000e+00
     11.961   5.689718  1023.2358 1.0134e-01   259.9752     0.6321     5.8739     90.898 9.9065e-02    35.8378    27.5112  0.000e+00
     11.928   5.689688  1023.2355 1.0134e-01   259.9752     0.6321     5.8738     90.896 9.9065e-02    35.8376    27.5112  0.000e+00
     11.986   5.689703  1023.2355 1.0134e-01   259.9752     0.6321     5.8738     90.896 9.9065e-02    35.8374    27.5115  0.000e+00
     11.904   5.689733  1023.2345 1.0012e-01   259.9752     0.6321     5.8738     90.898 9.9065e-02    35.8370    27.5124  0.000e+00
     11.928   5.689696  1023.2339 1.0012e-01   260.0399     0.6321     5.8740     90.902 9.9065e-02    35.8363    27.5130  0.000e+00
     11.862   5.689703  1023.2335 1.0012e-01   260.0399     0.6321     5.8740     90.902 9.9065e-02    35.8362    27.5132  0.000e+00
     11.904   5.689688  1023.2336 1.0012e-01   259.9752     0.6321     5.8781     90.965 9.9065e-02    35.8361    27.5132  0.000e+00
     11.862   5.689703  1023.2333 1.0134e-01   252.5332     0.6626     5.8784     90.969 9.9065e-02    35.8361    27.5134  0.000e+00
     11.904   5.689688  1023.2331 1.2454e-01    93.0802     0.5100     5.8747     90.913 9.9065e-02    35.8357    27.5137  0.000e+00
     11.805   5.689688  1023.2328 1.2332e-01     2.7408     0.6015     5.8787     90.976 9.9065e-02    35.8358    27.5135  0.000e+00
     11.862   5.689711  1023.2332 1.2210e-01    -0.6890     0.6015     5.8793     90.985 9.9065e-02    35.8360    27.5135  0.000e+00
     11.838   5.689688  1023.2330 1.2210e-01    -0.6890     0.6015     5.8757     90.929 9.9065e-02    35.8358    27.5135  0.000e+00
     11.805   5.689703  1023.2332 1.2088e-01    -0.6890     0.6015     5.8799     90.993 9.9065e-02    35.8362    27.5132  0.000e+00
     11.780   5.689718  1023.2334 1.2088e-01    -0.6890     0.6015     5.8843     91.061 9.9065e-02    35.8365    27.5130  0.000e+00
     11.805   5.689688  1023.2337 1.2088e-01    -0.3007     0.6015     5.8810     91.009 9.9065e-02    35.8365    27.5126  0.000e+00
     11.739   5.689718  1023.2332 1.2210e-01    -0.0419     0.6015     5.8853     91.077 9.9065e-02    35.8365    27.5130  0.000e+00
     11.780   5.689725  1023.2338 1.2332e-01    -0.1066     0.6015     5.8823     91.029 9.9375e-02    35.8368    27.5126  0.000e+00
     11.739   5.689688  1023.2339 1.2332e-01    -0.1066     0.6015     5.8867     91.098 9.9375e-02    35.8370    27.5121  0.000e+00
     11.780   5.689703  1023.2350 1.2332e-01    -0.1066     0.6015     5.8835     91.047 9.9065e-02    35.8378    27.5112  0.000e+00
     11.805   5.689718  1023.2356 1.2332e-01    -0.1066     0.6015     5.8881     91.117 9.9065e-02    35.8383    27.5106  0.000e+00
     11.739   5.689688  1023.2356 1.2332e-01     4.3586     0.6015     5.8885     91.124 9.9065e-02    35.8384    27.5102  0.000e+00
     11.780   5.689718  1023.2360 1.2332e-01    10.0534     0.5710     5.8893     91.135 9.9065e-02    35.8387    27.5101  0.000e+00
     11.739   5.689725  1023.2359 1.2332e-01    11.5418     0.6015     5.8898     91.143 9.9065e-02    35.8388    27.5101  0.000e+00
     11.714   5.689651  1023.2359 1.2332e-01    11.3476     0.6015     5.8903     91.150 9.9065e-02    35.8387    27.5095  0.000e+00
     11.739   5.689659  1023.2360 1.2332e-01    11.1535     0.6015     5.8908     91.158 9.9065e-02    35.8387    27.5095  0.000e+00
     11.739   5.689703  1023.2365 1.2210e-01    11.0888     0.5710     5.8916     91.169 9.9065e-02    35.8392    27.5093  0.000e+00
     11.714   5.689688  1023.2361 1.2332e-01    11.0888     0.5710     5.8960     91.239 9.9065e-02    35.8390    27.5095  0.000e+00
     11.681   5.689718  1023.2363 1.2332e-01    11.0888     0.6015     5.8965     91.246 9.9065e-02    35.8393    27.5093  0.000e+00
     11.681   5.689696  1023.2358 1.2332e-01    11.0888     0.5710     5.8970     91.254 9.9065e-02    35.8389    27.5097  0.000e+00
     11.780   5.689674  1023.2361 1.2332e-01    11.1535     0.6015     5.8975     91.262 9.9065e-02    35.8387    27.5097  0.000e+00
     11.681   5.689703  1023.2357 1.2332e-01    11.0888     0.5710     5.9019     91.329 9.9065e-02    35.8388    27.5099  0.000e+00
     11.780   5.689755  1023.2367 1.2332e-01    11.0888     0.5710     5.8946     91.217 9.9065e-02    35.8394    27.5095  0.000e+00
     11.681   5.689733  1023.2364 1.2210e-01    45.3220     0.5710     5.8987     91.281 9.9065e-02    35.8394    27.5093  0.000e+00
     11.681   5.689770  1023.2366 1.1600e-01   200.0509     0.5710     5.8991     91.287 9.9065e-02    35.8397    27.5093  0.000e+00
     11.714   5.689740  1023.2367 9.8901e-02   264.3110     0.6626     5.8994     91.290 9.9065e-02    35.8396    27.5092  0.000e+00
     11.681   5.689688  1023.2363 9.8901e-02   264.3110     0.6626     5.9035     91.354 9.9065e-02    35.8392    27.5092  0.000e+00
     11.714   5.688877  1023.2316 9.8901e-02   264.3110     0.6626     5.9040     91.359 9.9065e-02    35.8330    27.5097  0.000e+00
     11.739   5.688398  1023.2290 9.8901e-02   260.5576     0.6321     5.9044     91.364 9.9065e-02    35.8295    27.5099  0.000e+00
     11.681   5.689349  1023.2330 9.8901e-02   259.3928     0.6321     5.9003     91.305 9.9375e-02    35.8356    27.5108  0.000e+00
     11.714   5.689681  1023.2343 9.8901e-02   259.7164     0.6321     5.9002     91.306 9.9065e-02    35.8374    27.5115  0.000e+00
     11.739   5.689674  1023.2335 9.8901e-02   259.9105     0.6321     5.9002     91.306 9.9065e-02    35.8366    27.5124  0.000e+00
     11.714   5.689674  1023.2327 1.0012e-01   259.9752     0.6321     5.9001     91.305 9.9065e-02    35.8360    27.5132  0.000e+00
     11.739   5.689644  1023.2320 9.8901e-02   259.9752     0.6321     5.9000     91.305 9.9065e-02    35.8352    27.5139  0.000e+00
     11.681   5.689659  1023.2310 1.0012e-01   259.9752     0.6321     5.8998     91.303 9.9065e-02    35.8347    27.5148  0.000e+00
     11.780   5.689688  1023.2311 1.0012e-01   261.0753     0.6321     5.8958     91.241 9.9065e-02    35.8345    27.5154  0.000e+00
     11.739   5.689710  1023.2309 1.2454e-01   121.1657     0.5100     5.8994     91.297 9.9065e-02    35.8345    27.5156  0.000e+00
     11.714   5.689688  1023.2305 1.2332e-01    13.5479     0.6015     5.8990     91.292 9.9065e-02    35.8342    27.5157  0.000e+00
     11.739   5.689674  1023.2304 1.2332e-01    -0.6890     0.6015     5.8948     91.228 9.9375e-02    35.8339    27.5159  0.000e+00
     11.739   5.689674  1023.2305 1.2332e-01    -0.6890     0.6015     5.8985     91.283 9.9065e-02    35.8341    27.5157  0.000e+00
     11.780   5.689703  1023.2308 1.2332e-01     1.6407     0.5710     5.8943     91.219 9.9065e-02    35.8343    27.5157  0.000e+00
     11.804   5.689703  1023.2308 1.2332e-01     3.1291     0.6015     5.8978     91.274 9.9065e-02    35.8341    27.5159  0.000e+00
     11.738   5.689710  1023.2299 1.2332e-01     3.3232     0.5710     5.8975     91.269 9.9065e-02    35.8336    27.5167  0.000e+00
     11.780   5.689651  1023.2279 1.2210e-01     3.1938     0.6321     5.8971     91.265 9.9065e-02    35.8317    27.5187  0.000e+00
     11.804   5.689629  1023.2256 1.2210e-01     3.1291     0.6321     5.8926     91.199 9.9065e-02    35.8295    27.5213  0.000e+00
     11.837   5.689629  1023.2239 1.2210e-01     3.0644     0.6626     5.8960     91.253 9.9065e-02    35.8280    27.5233  0.000e+00
     11.804   5.689600  1023.2225 1.2210e-01     3.1291     0.6626     5.8917     91.189 9.9065e-02    35.8268    27.5245  0.000e+00
     11.804   5.689629  1023.2224 1.2210e-01     3.1291     0.6626     5.8914     91.183 9.9065e-02    35.8268    27.5247  0.000e+00
     11.903   5.689637  1023.2229 1.2332e-01    74.0546     0.6015     5.8949     91.237 9.9065e-02    35.8269    27.5247  0.000e+00
     11.804   5.689659  1023.2221 1.0989e-01   221.9239     0.6626     5.8946     91.233 9.9065e-02    35.8266    27.5253  0.000e+00
     11.903   5.689673  1023.2226 1.0012e-01   264.3110     0.7236     5.8944     91.231 9.9065e-02    35.8267    27.5253  0.000e+00
     11.804   5.689703  1023.2222 1.0012e-01   264.3110     0.7236     5.8899     91.162 9.9065e-02    35.8269    27.5254  0.000e+00
     11.928   5.689688  1023.2216 9.8901e-02   264.3110     0.7236     5.8935     91.218 9.9065e-02    35.8258    27.5266  0.000e+00
     11.903   5.689659  1023.2205 9.8901e-02   259.9752     0.6931     5.8894     91.156 9.9065e-02    35.8249    27.5275  0.000e+00
     11.928   5.689666  1023.2205 9.8901e-02   259.4575     0.6931     5.8889     91.149 9.9065e-02    35.8248    27.5277  0.000e+00
     11.961   5.689644  1023.2204 9.8901e-02   259.7164     0.6931     5.8887     91.146 9.9065e-02    35.8246    27.5278  0.000e+00
     11.986   5.689659  1023.2202 1.0012e-01   259.9752     0.7236     5.8882     91.139 9.9065e-02    35.8243    27.5282  0.000e+00
     11.928   5.689673  1023.2199 1.0012e-01   259.9752     0.7236     5.8919     91.196 9.9065e-02    35.8243    27.5284  0.000e+00
     12.019   5.689703  1023.2201 1.0012e-01   259.9752     0.7236     5.8957     91.254 9.9065e-02    35.8242    27.5287  0.000e+00
     11.986   5.689703  1023.2202 1.0012e-01   259.9752     0.7236     5.8878     91.132 9.9065e-02    35.8244    27.5285  0.000e+00
     12.019   5.689681  1023.2203 1.0134e-01   248.6504     0.6931     5.8875     91.128 9.9065e-02    35.8243    27.5284  0.000e+00
     12.109   5.689740  1023.2207 1.2332e-01    92.7567     0.5710     5.8873     91.125 9.9065e-02    35.8245    27.5287  0.000e+00
     12.044   5.689636  1023.2150 1.2332e-01     9.7298     0.6321     5.8866     91.119 9.9065e-02    35.8197    27.5341  0.000e+00
     12.142   5.689614  1023.2136 1.2210e-01    -0.6890     0.6626     5.8902     91.178 9.9065e-02    35.8180    27.5360  0.000e+00
     12.043   5.689659  1023.2156 1.2332e-01     5.3293     0.6321     5.8902     91.175 9.9065e-02    35.8202    27.5335  0.000e+00
     12.167   5.689688  1023.2180 1.2332e-01     8.5650     0.6626     5.8943     91.236 9.9065e-02    35.8218    27.5317  0.000e+00
     12.142   5.689681  1023.2172 1.2332e-01     8.9532     0.6626     5.8865     91.117 9.9065e-02    35.8212    27.5324  0.000e+00
     12.167   5.689644  1023.2145 1.2210e-01     8.5003     0.6321     5.8902     91.177 9.9065e-02    35.8188    27.5353  0.000e+00
     12.208   5.689496  1023.2087 1.2210e-01     8.6297     0.6321     5.8860     91.117 9.9065e-02    35.8133    27.5411  0.000e+00
     12.167   5.689474  1023.2028 1.2332e-01     8.5650     0.6321     5.8894     91.177 9.9065e-02    35.8084    27.5473  0.000e+00
     12.225   5.689489  1023.1993 1.2332e-01     8.6297     0.6321     5.8895     91.183 9.9065e-02    35.8052    27.5515  0.000e+00
     12.266   5.689607  1023.2047 1.2454e-01     8.5650     0.6015     5.8897     91.181 9.9065e-02    35.8100    27.5464  0.000e+00
     12.291   5.689696  1023.2132 1.2332e-01     8.5650     0.6321     5.8865     91.122 9.9065e-02    35.8173    27.5376  0.000e+00
     12.225   5.689718  1023.2177 1.2332e-01     6.1059     0.6015     5.8907     91.181 9.9065e-02    35.8215    27.5324  0.000e+00
     12.266   5.689784  1023.2207 1.2210e-01     3.4526     0.6321     5.8870     91.122 9.9065e-02    35.8241    27.5296  0.000e+00
     12.291   5.689747  1023.2214 1.2210e-01     2.7408     0.6321     5.8912     91.186 9.9375e-02    35.8245    27.5287  0.000e+00
     12.390   5.689718  1023.2217 1.2210e-01     2.8702     0.6015     5.8876     91.130 9.9065e-02    35.8242    27.5287  0.000e+00
     12.291   5.689703  1023.2215 1.2210e-01     2.9349     0.6015     5.8877     91.131 9.9065e-02    35.8244    27.5284  0.000e+00
     12.349   5.689681  1023.2215 1.2210e-01     2.9996     0.6321     5.8917     91.193 9.9065e-02    35.8241    27.5286  0.000e+00
     12.324   5.689674  1023.2198 1.2210e-01     2.9996     0.6321     5.8917     91.195 9.9065e-02    35.8227    27.5303  0.000e+00
     12.349   5.689644  1023.2162 1.2210e-01     2.9996     0.6321     5.8916     91.198 9.9065e-02    35.8195    27.5343  0.000e+00
     12.390   5.689600  1023.2119 1.2210e-01     2.9996     0.6321     5.8875     91.139 9.9065e-02    35.8156    27.5389  0.000e+00
     12.349   5.689533  1023.2082 1.2210e-01     2.9349     0.6321     5.8872     91.138 9.9065e-02    35.8125    27.5424  0.000e+00
     12.349   5.689496  1023.2073 1.2210e-01     2.9996     0.6321     5.8871     91.138 9.9065e-02    35.8115    27.5433  0.000e+00
     12.324   5.689555  1023.2080 1.2088e-01     2.9996     0.6321     5.8909     91.196 9.9065e-02    35.8124    27.5427  0.000e+00
     12.349   5.689548  1023.2107 1.2210e-01     3.9056     0.6015     5.8913     91.199 9.9375e-02    35.8146    27.5398  0.000e+00
     12.349   5.689637  1023.2136 1.2332e-01     7.1413     0.6015     5.8877     91.140 9.9065e-02    35.8173    27.5371  0.000e+00
     12.324   5.689644  1023.2154 1.2210e-01     8.3708     0.6015     5.8916     91.198 9.9065e-02    35.8189    27.5350  0.000e+00
     12.349   5.689607  1023.2168 1.2210e-01     8.4355     0.6321     5.8879     91.139 9.9065e-02    35.8199    27.5334  0.000e+00
     12.324   5.689688  1023.2188 1.2210e-01     8.3061     0.6015     5.8878     91.135 9.9065e-02    35.8219    27.5315  0.000e+00
     12.291   5.689651  1023.2187 1.2332e-01     8.2414     0.6015     5.8838     91.073 9.9065e-02    35.8219    27.5313  0.000e+00
     12.348   5.689659  1023.2182 1.2332e-01     8.2414     0.6321     5.8836     91.070 9.9065e-02    35.8213    27.5321  0.000e+00
     12.266   5.689673  1023.2170 1.2332e-01     8.2414     0.6015     5.8832     91.067 9.9065e-02    35.8205    27.5332  0.000e+00
     12.291   5.689644  1023.2158 1.2210e-01     8.2414     0.6321     5.8788     90.999 9.9065e-02    35.8194    27.5344  0.000e+00
     12.225   5.689607  1023.2136 1.2332e-01     8.2414     0.6015     5.8783     90.993 9.9065e-02    35.8177    27.5363  0.000e+00
     12.266   5.689592  1023.2122 1.2210e-01     8.2414     0.6321     5.8777     90.986 9.9065e-02    35.8163    27.5379  0.000e+00
     12.225   5.689548  1023.2105 1.2210e-01     8.2414     0.6015     5.8730     90.915 9.9065e-02    35.8149    27.5394  0.000e+00
     12.208   5.689570  1023.2084 1.2210e-01    10.4416     0.6321     5.8724     90.908 9.9375e-02    35.8132    27.5418  0.000e+00
     12.167   5.689481  1023.2051 1.2454e-01   156.3696     0.5405     5.8717     90.900 9.9065e-02    35.8104    27.5447  0.000e+00
     12.167   5.689408  1023.2017 1.0012e-01   255.0570     0.6931     5.8711     90.894 9.9065e-02    35.8073    27.5480  0.000e+00
     12.142   5.689408  1023.1988 1.0012e-01   264.3110     0.6931     5.8742     90.946 9.9065e-02    35.8049    27.5512  0.000e+00
     12.167   5.689467  1023.1971 1.0012e-01   264.3110     0.6931     5.8739     90.944 9.9065e-02    35.8035    27.5535  0.000e+00
     12.085   5.689459  1023.1952 1.0012e-01   262.4990     0.6931     5.8734     90.938 9.9065e-02    35.8022    27.5552  0.000e+00
     12.109   5.689444  1023.1953 1.0012e-01   259.4575     0.6931     5.8731     90.933 9.9375e-02    35.8021    27.5552  0.000e+00
     12.109   5.689511  1023.1964 1.0012e-01   259.5869     0.6626     5.8728     90.928 9.9065e-02    35.8033    27.5543  0.000e+00
     12.019   5.689533  1023.1974 1.0012e-01   259.9105     0.6931     5.8725     90.922 9.9065e-02    35.8045    27.5530  0.000e+00
     12.043   5.689518  1023.1983 1.0012e-01   259.9752     0.6931     5.8725     90.921 9.9065e-02    35.8052    27.5519  0.000e+00
     11.986   5.689525  1023.1995 1.0012e-01   259.9752     0.6626     5.8728     90.923 9.9065e-02    35.8064    27.5504  0.000e+00
     12.019   5.689533  1023.2002 1.0012e-01   259.9752     0.6626     5.8766     90.982 9.9065e-02    35.8069    27.5498  0.000e+00
