WS23139_STN06_05CTD.cnv
* Sea-Bird SBE 9 Data File:
* FileName = C:\ctd\Cruise_Data\WS23139_Rosenheim\WS23139_Rosenheim_STN06.hex
* Software Version Seasave V 7.26.7.121
* Temperature SN = 4097 MTG 177
* Conductivity SN = 1851 MTG 053
* Number of Bytes Per Scan = 40
* Number of Voltage Words = 5
* Number of Scans Averaged by the Deck Unit = 1
* NMEA Latitude = 01 11.54 N
* NMEA Longitude = 049 05.96 W
* NMEA UTC (Time) = Jun 09 2023 11:01:04
** Ship:
** Station:
** Operator:
# nquan = 12
# nvalues = 9516                                  
# units = specified
# name 0 = depSM: Depth [salt water, m]
# name 1 = c0S/m: Conductivity [S/m]
# name 2 = density00: Density [density, kg/m^3]
# name 3 = flSP: Fluorescence, Seapoint
# name 4 = wetCDOM: Fluorescence, WET Labs CDOM [mg/m^3]
# name 5 = flECO-AFL: Fluorescence, WET Labs ECO-AFL/FL [mg/m^3]
# name 6 = sbeox0Mg/L: Oxygen, SBE 43 [mg/l]
# name 7 = sbeox0PS: Oxygen, SBE 43 [% saturation]
# name 8 = par: PAR/Irradiance, Biospherical/Licor [Watts/m^2]
# name 9 = sal00: Salinity, Practical [PSU]
# name 10 = t090C: Temperature [ITS-90, deg C]
# name 11 = flag:  0.000e+00
# span 0 =      1.722,      7.469                 
# span 1 =   0.683305,   1.318811                 
# span 2 =   998.5330,  1001.1100                 
# span 3 = 2.0757e-02, 1.5018e-01                 
# span 4 =     4.2292,    26.4258                 
# span 5 =     0.8152,     2.0362                 
# span 6 =     3.7744,     6.4326                 
# span 7 =     50.415,     86.286                 
# span 8 = 9.8755e-02, 5.0350e+03                 
# span 9 =     3.4389,     6.9441                 
# span 10 =    28.8252,    29.1699                
# span 11 = 0.0000e+00, 0.0000e+00                
# interval = seconds: 0.0416667
# start_time = Jun 09 2023 11:01:04 [NMEA time, header]
# bad_flag = -9.990e-29
*END*
[from data line 2166]
      5.914   0.694619   998.5959 1.4408e-01    12.1242     1.2426     5.0106     66.394 9.9065e-02     3.4998    28.9805  0.000e+00
      5.889   0.694619   998.5960 1.4408e-01    12.1242     1.2120     5.0061     66.334 9.9065e-02     3.4999    28.9797  0.000e+00
      5.980   0.694612   998.5968 1.4408e-01    12.1889     1.2120     5.0060     66.332 9.9065e-02     3.4999    28.9786  0.000e+00
      5.889   0.694616   998.5969 1.4408e-01    12.1242     1.2120     5.0055     66.324 9.9065e-02     3.5000    28.9773  0.000e+00
      5.980   0.694619   998.5978 1.4408e-01    12.1242     1.2120     5.0051     66.316 9.9065e-02     3.5001    28.9758  0.000e+00
      5.947   0.694619   998.5982 1.4286e-01    12.1242     1.2120     5.0045     66.307 9.9065e-02     3.5003    28.9742  0.000e+00
      5.980   0.694619   998.5991 1.4286e-01    12.1242     1.2120     5.0039     66.297 9.9065e-02     3.5004    28.9721  0.000e+00
      5.947   0.694638   998.5997 1.4286e-01    13.8067     1.2120     5.0030     66.283 9.9065e-02     3.5006    28.9701  0.000e+00
      5.914   0.694645   998.6003 1.4286e-01    16.6541     1.2120     5.0020     66.267 9.9065e-02     3.5008    28.9681  0.000e+00
      5.947   0.694634   998.6010 1.4286e-01    17.4954     1.2120     5.0010     66.252 9.9065e-02     3.5009    28.9664  0.000e+00
      5.980   0.694623   998.6018 1.4286e-01    17.4307     1.2120     4.9998     66.233 9.9065e-02     3.5010    28.9644  0.000e+00
      5.947   0.694638   998.6023 1.4164e-01    17.3659     1.2120     4.9982     66.210 9.9065e-02     3.5012    28.9627  0.000e+00
      5.914   0.694627   998.6026 1.4164e-01    17.3012     1.2120     5.0011     66.248 9.9065e-02     3.5012    28.9613  0.000e+00
      5.889   0.694612   998.6028 1.4286e-01    17.3012     1.2120     4.9996     66.226 9.9065e-02     3.5012    28.9603  0.000e+00
      5.914   0.694601   998.6033 1.4286e-01    17.2365     1.2120     4.9979     66.202 9.9065e-02     3.5012    28.9590  0.000e+00
      5.889   0.694590   998.6036 1.4164e-01    17.3012     1.2120     5.0053     66.299 9.9065e-02     3.5013    28.9577  0.000e+00
      5.914   0.694594   998.6041 1.4164e-01    17.3012     1.2120     5.0037     66.276 9.9065e-02     3.5014    28.9566  0.000e+00
      5.889   0.694571   998.6043 1.4164e-01    17.3012     1.2120     5.0020     66.252 9.9065e-02     3.5013    28.9557  0.000e+00
      5.914   0.694560   998.6047 1.4164e-01    17.3012     1.2120     5.0047     66.287 9.9065e-02     3.5013    28.9546  0.000e+00
      5.765   0.694560   998.6042 1.4164e-01    16.9777     1.2120     5.0074     66.322 9.9065e-02     3.5014    28.9541  0.000e+00
      5.914   0.694553   998.6052 1.4164e-01    14.3891     1.2120     5.0149     66.421 9.9065e-02     3.5014    28.9530  0.000e+00
      5.790   0.694542   998.6048 1.4164e-01    13.1596     1.2120     5.0180     66.460 9.9065e-02     3.5014    28.9526  0.000e+00
      5.889   0.694545   998.6054 1.4164e-01    13.0302     1.2120     5.0213     66.504 9.9065e-02     3.5014    28.9520  0.000e+00
      5.790   0.694549   998.6052 1.4164e-01    13.0949     1.2120     5.0244     66.545 9.9065e-02     3.5015    28.9515  0.000e+00
      5.765   0.694527   998.6051 1.4164e-01    13.1596     1.2120     5.0280     66.592 9.9065e-02     3.5014    28.9511  0.000e+00
      5.790   0.694538   998.6054 1.4164e-01    13.1596     1.2120     5.0364     66.702 9.9065e-02     3.5015    28.9507  0.000e+00
      5.823   0.694568   998.6059 1.4164e-01    13.1596     1.2120     5.0405     66.756 9.9065e-02     3.5017    28.9502  0.000e+00
      5.790   0.694557   998.6058 1.4164e-01    13.0949     1.2120     5.0445     66.808 9.9065e-02     3.5017    28.9498  0.000e+00
      5.765   0.694575   998.6059 1.4286e-01    13.1596     1.2120     5.0488     66.865 9.9065e-02     3.5018    28.9496  0.000e+00
      5.674   0.694601   998.6057 1.4286e-01    13.1596     1.2120     5.0532     66.924 9.9065e-02     3.5019    28.9492  0.000e+00
      5.765   0.694616   998.6062 1.4286e-01    13.1596     1.2120     5.0626     67.047 9.9065e-02     3.5020    28.9491  0.000e+00
      5.732   0.694638   998.6063 1.4286e-01    13.1596     1.2120     5.0722     67.174 9.9065e-02     3.5022    28.9487  0.000e+00
      5.641   0.694653   998.6061 1.4164e-01    14.9068     1.2120     5.0731     67.186 9.9065e-02     3.5023    28.9483  0.000e+00
      5.674   0.694671   998.6064 1.4164e-01    16.6541     1.2120     5.0834     67.323 9.9065e-02     3.5024    28.9482  0.000e+00
      5.641   0.694686   998.6063 1.4164e-01    17.0424     1.2120     5.0848     67.341 9.9065e-02     3.5025    28.9482  0.000e+00
      5.674   0.694697   998.6065 1.4164e-01    16.9777     1.2120     5.0906     67.418 9.9065e-02     3.5026    28.9480  0.000e+00
      5.641   0.694719   998.6064 1.4164e-01    16.9130     1.2120     5.1014     67.561 9.9065e-02     3.5027    28.9482  0.000e+00
      5.608   0.694742   998.6064 1.4164e-01    16.9130     1.2120     5.1125     67.708 9.9065e-02     3.5028    28.9479  0.000e+00
      5.584   0.694764   998.6063 1.4164e-01    16.8482     1.2120     5.1145     67.734 9.9065e-02     3.5029    28.9482  0.000e+00
      5.608   0.694771   998.6064 1.4286e-01    16.9130     1.2120     5.1259     67.886 9.9065e-02     3.5029    28.9483  0.000e+00
      5.518   0.694771   998.6060 1.4164e-01    16.8482     1.2120     5.1327     67.976 9.9065e-02     3.5029    28.9483  0.000e+00
      5.551   0.694804   998.6063 1.4164e-01    16.9130     1.2120     5.1398     68.070 9.9065e-02     3.5031    28.9483  0.000e+00
      5.518   0.694804   998.6061 1.4164e-01    16.8482     1.2120     5.1423     68.103 9.9065e-02     3.5031    28.9483  0.000e+00
      5.551   0.694797   998.6062 1.4164e-01    16.8482     1.2120     5.1492     68.194 9.9065e-02     3.5031    28.9483  0.000e+00
      5.460   0.694790   998.6057 1.4164e-01    15.6834     1.2120     5.1561     68.286 9.9065e-02     3.5030    28.9485  0.000e+00
      5.551   0.694775   998.6061 1.4286e-01    12.2536     1.2120     5.1677     68.439 9.9065e-02     3.5029    28.9485  0.000e+00
      5.518   0.694771   998.6057 1.4286e-01    11.0241     1.2120     5.1745     68.531 9.9065e-02     3.5029    28.9492  0.000e+00
      5.485   0.694764   998.6044 1.4286e-01    10.9594     1.2120     5.1811     68.621 9.9065e-02     3.5026    28.9524  0.000e+00
      5.460   0.694745   998.6031 1.4408e-01    11.1535     1.2120     5.1877     68.713 9.9065e-02     3.5023    28.9554  0.000e+00
      5.485   0.694745   998.6022 1.4408e-01    11.1535     1.2120     5.1945     68.806 9.9065e-02     3.5021    28.9583  0.000e+00
      5.460   0.694749   998.6014 1.4408e-01    11.1535     1.2120     5.2010     68.894 9.9065e-02     3.5020    28.9603  0.000e+00
      5.551   0.694756   998.6004 1.4408e-01    11.1535     1.2120     5.2118     69.042 9.9065e-02     3.5017    28.9644  0.000e+00
      5.460   0.694760   998.5987 1.4286e-01    11.1535     1.2426     5.2133     69.067 9.9065e-02     3.5015    28.9683  0.000e+00
      5.485   0.694753   998.5974 1.4286e-01    11.1535     1.2426     5.2191     69.148 9.9065e-02     3.5011    28.9723  0.000e+00
      5.485   0.694756   998.5961 1.4408e-01    11.1535     1.2426     5.2248     69.227 9.9065e-02     3.5009    28.9759  0.000e+00
      5.518   0.694738   998.5953 1.4408e-01    11.1535     1.2426     5.2304     69.304 9.9065e-02     3.5006    28.9784  0.000e+00
      5.551   0.694719   998.5945 1.4286e-01    11.2182     1.2426     5.2357     69.379 9.9065e-02     3.5003    28.9810  0.000e+00
      5.460   0.694697   998.5935 1.4286e-01    14.5186     1.2426     5.2409     69.449 9.9065e-02     3.5001    28.9825  0.000e+00
      5.551   0.694682   998.5933 1.4286e-01    16.5894     1.2426     5.2414     69.457 9.9065e-02     3.4999    28.9840  0.000e+00
      5.584   0.694664   998.5930 1.4286e-01    16.9130     1.2426     5.2414     69.458 9.9065e-02     3.4997    28.9851  0.000e+00
      5.551   0.694656   998.5924 1.4286e-01    16.8482     1.2426     5.2456     69.515 9.9065e-02     3.4996    28.9862  0.000e+00
      5.584   0.694656   998.5923 1.4286e-01    16.7188     1.2426     5.2498     69.572 9.9065e-02     3.4996    28.9869  0.000e+00
      5.551   0.694649   998.5919 1.4164e-01    16.7188     1.2426     5.2538     69.626 9.9065e-02     3.4995    28.9875  0.000e+00
      5.584   0.694627   998.5919 1.4286e-01    16.7188     1.2426     5.2577     69.677 9.9065e-02     3.4993    28.9877  0.000e+00
      5.674   0.694619   998.5922 1.4286e-01    16.7835     1.2426     5.2618     69.731 9.9065e-02     3.4993    28.9878  0.000e+00
      5.584   0.694612   998.5918 1.4164e-01    16.7835     1.2426     5.2655     69.781 9.9065e-02     3.4993    28.9878  0.000e+00
      5.674   0.694616   998.5922 1.4164e-01    16.6541     1.2426     5.2645     69.768 9.9065e-02     3.4993    28.9878  0.000e+00
      5.641   0.694612   998.5921 1.4286e-01    16.7188     1.2426     5.2678     69.812 9.9065e-02     3.4993    28.9877  0.000e+00
      5.674   0.694593   998.5922 1.4286e-01    16.7188     1.2426     5.2758     69.917 9.9065e-02     3.4992    28.9875  0.000e+00
      5.765   0.694593   998.5928 1.4164e-01    15.4893     1.2426     5.2796     69.967 9.9065e-02     3.4992    28.9871  0.000e+00
      5.674   0.694586   998.5923 1.4286e-01    13.4184     1.2426     5.2833     70.016 9.9065e-02     3.4991    28.9873  0.000e+00
      5.765   0.694579   998.5927 1.4286e-01    12.8360     1.2426     5.2917     70.127 9.9065e-02     3.4991    28.9871  0.000e+00
      5.790   0.694608   998.5930 1.4286e-01    12.8360     1.2426     5.2910     70.117 9.9065e-02     3.4993    28.9869  0.000e+00
      5.765   0.694605   998.5929 1.4286e-01    12.9655     1.2426     5.2992     70.227 9.9065e-02     3.4993    28.9869  0.000e+00
      5.856   0.694619   998.5934 1.4286e-01    12.9655     1.2426     5.3033     70.281 9.9065e-02     3.4993    28.9869  0.000e+00
      5.823   0.694642   998.5934 1.4164e-01    12.9655     1.2426     5.3074     70.335 9.9065e-02     3.4995    28.9867  0.000e+00
      5.913   0.694634   998.5937 1.4164e-01    12.9655     1.2426     5.3161     70.450 9.9065e-02     3.4994    28.9867  0.000e+00
      5.889   0.694642   998.5937 1.4164e-01    12.9655     1.2426     5.3203     70.506 9.9065e-02     3.4995    28.9866  0.000e+00
      5.913   0.694653   998.5938 1.4286e-01    12.9655     1.2731     5.3291     70.623 9.9065e-02     3.4995    28.9867  0.000e+00
      5.946   0.694664   998.5940 1.4286e-01    12.9655     1.2731     5.3338     70.684 9.9065e-02     3.4996    28.9867  0.000e+00
      6.037   0.694682   998.5945 1.4286e-01    12.9655     1.2731     5.3340     70.687 9.9065e-02     3.4997    28.9866  0.000e+00
      6.012   0.694708   998.5945 1.4164e-01    13.3537     1.2731     5.3383     70.745 9.9065e-02     3.4998    28.9867  0.000e+00
      6.095   0.694738   998.5950 1.4164e-01    16.2011     1.2731     5.3429     70.806 9.9065e-02     3.5000    28.9867  0.000e+00
      6.070   0.694764   998.5950 1.4164e-01    17.5601     1.2731     5.3518     70.924 9.9065e-02     3.5001    28.9867  0.000e+00
      6.095   0.694790   998.5952 1.4286e-01    17.6248     1.2731     5.3564     70.984 9.9065e-02     3.5003    28.9865  0.000e+00
      6.095   0.694804   998.5953 1.4286e-01    17.6248     1.2731     5.3611     71.046 9.9065e-02     3.5004    28.9866  0.000e+00
      6.194   0.694808   998.5958 1.4164e-01    17.5601     1.2731     5.3707     71.174 9.9065e-02     3.5004    28.9864  0.000e+00
      6.161   0.694808   998.5958 1.4164e-01    17.5601     1.2731     5.3756     71.238 9.9065e-02     3.5004    28.9860  0.000e+00
      6.194   0.694834   998.5961 1.4164e-01    17.5601     1.2731     5.3807     71.306 9.9065e-02     3.5006    28.9858  0.000e+00
      6.161   0.694860   998.5961 1.4164e-01    17.5601     1.2731     5.3858     71.373 9.9065e-02     3.5007    28.9857  0.000e+00
      6.251   0.694901   998.5968 1.4164e-01    17.5601     1.2731     5.4002     71.564 9.9065e-02     3.5010    28.9853  0.000e+00
      6.218   0.694915   998.5969 1.4164e-01    17.5601     1.2731     5.4054     71.632 9.9065e-02     3.5011    28.9849  0.000e+00
      6.309   0.694904   998.5975 1.4164e-01    17.5601     1.2731     5.4107     71.702 9.9065e-02     3.5011    28.9841  0.000e+00
      6.276   0.694912   998.5976 1.4286e-01    17.5601     1.2731     5.4206     71.831 9.9065e-02     3.5012    28.9834  0.000e+00
      6.251   0.694904   998.5978 1.4286e-01    14.7127     1.2731     5.4308     71.966 9.9065e-02     3.5012    28.9825  0.000e+00
      6.276   0.694901   998.5982 1.4286e-01    11.9948     1.2731     5.4412     72.103 9.9065e-02     3.5012    28.9816  0.000e+00
      6.309   0.694919   998.5990 1.4286e-01    11.4123     1.2731     5.4519     72.242 9.9065e-02     3.5014    28.9801  0.000e+00
      6.276   0.694927   998.5996 1.4164e-01    11.4771     1.2731     5.4627     72.382 9.9065e-02     3.5016    28.9781  0.000e+00
      6.309   0.694934   998.6005 1.4164e-01    11.6065     1.2731     5.4737     72.525 9.9065e-02     3.5018    28.9758  0.000e+00
      6.342   0.694923   998.6013 1.4164e-01    11.6065     1.2731     5.4848     72.670 9.9065e-02     3.5019    28.9738  0.000e+00
      6.309   0.694930   998.6019 1.4164e-01    11.6065     1.2731     5.4869     72.696 9.9065e-02     3.5021    28.9720  0.000e+00
      6.342   0.694952   998.6028 1.4164e-01    11.6065     1.2731     5.4978     72.838 9.9065e-02     3.5023    28.9699  0.000e+00
      6.251   0.694993   998.6032 1.4286e-01    11.6065     1.2731     5.5087     72.981 9.9065e-02     3.5027    28.9683  0.000e+00
      6.400   0.695067   998.6048 1.4164e-01    11.5418     1.2731     5.5153     73.066 9.9065e-02     3.5032    28.9663  0.000e+00
      6.342   0.695149   998.6055 1.4164e-01    11.6065     1.2731     5.5262     73.209 9.9065e-02     3.5038    28.9646  0.000e+00
      6.309   0.695248   998.6063 1.4286e-01    11.6065     1.2731     5.5373     73.353 9.9065e-02     3.5044    28.9631  0.000e+00
      6.342   0.695400   998.6076 1.4286e-01    12.3830     1.2731     5.5438     73.438 9.9065e-02     3.5054    28.9614  0.000e+00
      6.309   0.695633   998.6091 1.4408e-01    14.8421     1.2731     5.5500     73.518 9.9065e-02     3.5068    28.9594  0.000e+00
      6.342   0.695900   998.6110 1.4408e-01    15.5540     1.2731     5.5605     73.655 9.9065e-02     3.5083    28.9574  0.000e+00
      6.251   0.696129   998.6123 1.4286e-01    15.8128     1.2731     5.5663     73.730 9.9065e-02     3.5097    28.9552  0.000e+00
      6.342   0.696340   998.6141 1.4408e-01    15.7481     1.2731     5.5767     73.866 9.9065e-02     3.5110    28.9537  0.000e+00
      6.309   0.696625   998.6157 1.4408e-01    15.6834     1.2731     5.5824     73.941 9.9065e-02     3.5126    28.9520  0.000e+00
      6.276   0.696959   998.6174 1.4408e-01    15.6834     1.2731     5.5880     74.013 9.9065e-02     3.5146    28.9504  0.000e+00
      6.309   0.697377   998.6197 1.4408e-01    15.6187     1.2731     5.6026     74.206 9.9065e-02     3.5169    28.9492  0.000e+00
      6.218   0.698029   998.6225 1.4286e-01    15.6834     1.2731     5.6082     74.279 9.9065e-02     3.5205    28.9476  0.000e+00
      6.309   0.698792   998.6263 1.4286e-01    15.6834     1.2731     5.6134     74.348 9.9065e-02     3.5247    28.9465  0.000e+00
      6.276   0.699570   998.6297 1.4408e-01    15.6834     1.2731     5.6229     74.475 9.9065e-02     3.5290    28.9454  0.000e+00
      6.251   0.700215   998.6326 1.4286e-01    15.6834     1.2731     5.6281     74.544 9.9065e-02     3.5326    28.9441  0.000e+00
      6.218   0.700819   998.6353 1.4286e-01    15.7481     1.2731     5.6378     74.671 9.9065e-02     3.5359    28.9430  0.000e+00
