WS23139_STN10_08CTD.cnv
* Sea-Bird SBE 9 Data File:
* FileName = C:\ctd\Cruise_Data\WS23139_Rosenheim\WS23139_Rosenheim_STN10.hex
* Software Version Seasave V 7.26.7.121
* Temperature SN = 4097 MTG 177
* Conductivity SN = 1851 MTG 053
* Number of Bytes Per Scan = 40
* Number of Voltage Words = 5
* Number of Scans Averaged by the Deck Unit = 1
* NMEA Latitude = 04 58.09 N
* NMEA Longitude = 051 40.43 W
* NMEA UTC (Time) = Jun 11 2023 18:29:24
** Ship:
** Station:
** Operator:
# nquan = 12
# nvalues = 16058                                 
# units = specified
# name 0 = depSM: Depth [salt water, m]
# name 1 = c0S/m: Conductivity [S/m]
# name 2 = density00: Density [density, kg/m^3]
# name 3 = flSP: Fluorescence, Seapoint
# name 4 = wetCDOM: Fluorescence, WET Labs CDOM [mg/m^3]
# name 5 = flECO-AFL: Fluorescence, WET Labs ECO-AFL/FL [mg/m^3]
# name 6 = sbeox0Mg/L: Oxygen, SBE 43 [mg/l]
# name 7 = sbeox0PS: Oxygen, SBE 43 [% saturation]
# name 8 = par: PAR/Irradiance, Biospherical/Licor [Watts/m^2]
# name 9 = sal00: Salinity, Practical [PSU]
# name 10 = t090C: Temperature [ITS-90, deg C]
# name 11 = flag:  0.000e+00
# span 0 =      2.034,     51.542                 
# span 1 =   4.729937,   5.716638                 
# span 2 =  1017.4492,  1024.3775                 
# span 3 = 3.2967e-02, 1.6606e-01                 
# span 4 =    -0.6890,   264.3110                 
# span 5 =     0.0826,     2.0667                 
# span 6 =     4.4128,     6.7145                 
# span 7 =     66.667,    101.432                 
# span 8 = 2.4159e-01, 9.3720e+02                 
# span 9 =    28.5757,    36.4551                 
# span 10 =    25.8614,    28.4190                
# span 11 = 0.0000e+00, 0.0000e+00                
# interval = seconds: 0.0416667
# start_time = Jun 11 2023 18:29:24 [NMEA time, header]
# bad_flag = -9.990e-29
*END*
[from data line 3249]
     21.570   5.639937  1024.0963 1.2943e-01     7.4648     0.6931     5.5294     84.154 2.5994e+01    36.4138    26.3090  0.000e+00
     21.504   5.639878  1024.0969 1.2943e-01     9.0180     0.6931     5.5293     84.152 2.5994e+01    36.4144    26.3077  0.000e+00
     21.570   5.639760  1024.0978 1.2943e-01     9.0180     0.7236     5.5294     84.151 2.5994e+01    36.4146    26.3063  0.000e+00
     21.570   5.639687  1024.0984 1.2943e-01     8.7591     0.7236     5.5293     84.149 2.6067e+01    36.4150    26.3052  0.000e+00
     21.570   5.639577  1024.0980 1.2943e-01     8.7591     0.6931     5.5252     84.086 2.5994e+01    36.4143    26.3050  0.000e+00
     21.553   5.639540  1024.0984 1.2943e-01     8.6944     0.6931     5.5290     84.143 2.6067e+01    36.4147    26.3042  0.000e+00
     21.504   5.639371  1024.0987 1.2821e-01     8.6944     0.6931     5.5250     84.079 2.5994e+01    36.4147    26.3026  0.000e+00
     21.570   5.639202  1024.0994 1.2943e-01     8.6944     0.6931     5.5247     84.073 2.5994e+01    36.4146    26.3012  0.000e+00
     21.570   5.639239  1024.1005 1.2943e-01    27.3318     0.6931     5.5283     84.127 2.5994e+01    36.4156    26.3002  0.000e+00
     21.504   5.639231  1024.1003 1.2576e-01   184.0668     0.6321     5.5280     84.122 2.6067e+01    36.4157    26.3001  0.000e+00
     21.504   5.639106  1024.0993 1.0501e-01   261.2048     0.7847     5.5278     84.118 2.6141e+01    36.4146    26.3004  0.000e+00
     21.504   5.638981  1024.0992 1.0501e-01   264.3110     0.7847     5.5235     84.052 2.5994e+01    36.4142    26.2997  0.000e+00
     21.570   5.638879  1024.1001 1.0501e-01   264.3110     0.7847     5.5191     83.984 2.6067e+01    36.4144    26.2984  0.000e+00
     21.496   5.638871  1024.1009 1.0501e-01   261.0106     0.7847     5.5187     83.976 2.6141e+01    36.4154    26.2972  0.000e+00
     21.504   5.638996  1024.1009 1.0623e-01   259.3281     0.7847     5.5220     84.028 2.6141e+01    36.4156    26.2980  0.000e+00
     21.504   5.639033  1024.1002 1.0501e-01   259.5869     0.7542     5.5215     84.022 2.6141e+01    36.4151    26.2990  0.000e+00
     21.446   5.639033  1024.0990 1.0501e-01   259.7811     0.7847     5.5172     83.956 2.6141e+01    36.4143    26.3001  0.000e+00
     21.504   5.639092  1024.0993 1.0623e-01   259.8458     0.8152     5.5209     84.013 2.6288e+01    36.4145    26.3003  0.000e+00
     21.446   5.639224  1024.0995 1.0501e-01   259.8458     0.8152     5.5206     84.010 2.6288e+01    36.4152    26.3007  0.000e+00
     21.446   5.639297  1024.0993 1.0501e-01   259.8458     0.8152     5.5204     84.009 2.6288e+01    36.4152    26.3013  0.000e+00
     21.446   5.639238  1024.0986 1.0379e-01   259.8458     0.8152     5.5160     83.942 2.6288e+01    36.4145    26.3017  0.000e+00
     21.430   5.639253  1024.0978 1.3065e-01   137.2793     0.6321     5.5154     83.933 2.6362e+01    36.4139    26.3026  0.000e+00
     21.446   5.639268  1024.0979 1.2821e-01    17.1718     0.7236     5.5151     83.929 2.6436e+01    36.4140    26.3026  0.000e+00
     21.446   5.639437  1024.0979 1.2821e-01    -0.6890     0.7542     5.5148     83.925 2.6511e+01    36.4144    26.3037  0.000e+00
     21.389   5.639496  1024.0974 1.2698e-01    -0.6890     0.7542     5.5145     83.921 2.6436e+01    36.4144    26.3043  0.000e+00
     21.446   5.639562  1024.0974 1.2698e-01    -0.6890     0.7542     5.5142     83.919 2.6586e+01    36.4143    26.3050  0.000e+00
     21.389   5.639591  1024.0970 1.2698e-01    -0.3007     0.7542     5.5140     83.915 2.6586e+01    36.4142    26.3054  0.000e+00
     21.389   5.639554  1024.0968 1.2821e-01     0.4758     0.7542     5.5179     83.975 2.6660e+01    36.4139    26.3054  0.000e+00
     21.389   5.639503  1024.0967 1.2943e-01     0.5405     0.7542     5.5139     83.914 2.6736e+01    36.4137    26.3052  0.000e+00
     21.372   5.639488  1024.0965 1.2821e-01     0.5405     0.7542     5.5097     83.850 2.6660e+01    36.4136    26.3052  0.000e+00
     21.389   5.639466  1024.0968 1.2698e-01     0.4758     0.7542     5.5095     83.846 2.6736e+01    36.4137    26.3048  0.000e+00
     21.323   5.639451  1024.0969 1.2698e-01     0.5405     0.7542     5.5092     83.842 2.6811e+01    36.4141    26.3043  0.000e+00
     21.389   5.639444  1024.0972 1.2698e-01     0.4758     0.7542     5.5093     83.842 2.6811e+01    36.4140    26.3042  0.000e+00
     21.323   5.639385  1024.0971 1.2821e-01    54.2524     0.7236     5.5091     83.839 2.6886e+01    36.4140    26.3037  0.000e+00
     21.323   5.639290  1024.0971 1.1844e-01   210.7286     0.7236     5.5088     83.834 2.6962e+01    36.4138    26.3031  0.000e+00
     21.389   5.639260  1024.0976 1.0501e-01   264.3110     0.8152     5.5088     83.833 2.6962e+01    36.4139    26.3026  0.000e+00
     21.265   5.639231  1024.0975 1.0501e-01   264.3110     0.8152     5.5087     83.830 2.6962e+01    36.4142    26.3021  0.000e+00
     21.306   5.639150  1024.0977 1.0501e-01   264.3110     0.8152     5.5088     83.830 2.6962e+01    36.4141    26.3015  0.000e+00
     21.323   5.639121  1024.0978 1.0501e-01   260.1694     0.8152     5.5090     83.834 2.7038e+01    36.4140    26.3014  0.000e+00
     21.389   5.639092  1024.0986 1.0501e-01   259.3281     0.8152     5.5053     83.777 2.7038e+01    36.4143    26.3006  0.000e+00
     21.323   5.638945  1024.0988 1.0623e-01   259.6517     0.8152     5.5093     83.836 2.7114e+01    36.4144    26.2992  0.000e+00
     21.323   5.638761  1024.0988 1.0501e-01   259.8458     0.8152     5.5096     83.838 2.7191e+01    36.4140    26.2980  0.000e+00
     21.323   5.638599  1024.0987 1.0501e-01   259.8458     0.8152     5.5058     83.779 2.7191e+01    36.4135    26.2972  0.000e+00
     21.323   5.638540  1024.0993 1.0501e-01   259.8458     0.8152     5.5059     83.779 2.7267e+01    36.4138    26.2962  0.000e+00
     21.306   5.638496  1024.0996 1.0501e-01   259.8458     0.8152     5.5019     83.717 2.7267e+01    36.4140    26.2956  0.000e+00
     21.323   5.638474  1024.0994 1.0501e-01   257.3867     0.8152     5.5020     83.719 2.7267e+01    36.4138    26.2957  0.000e+00
     21.389   5.638511  1024.0993 1.3065e-01   110.4880     0.6626     5.5019     83.719 2.7267e+01    36.4135    26.2963  0.000e+00
     21.323   5.638592  1024.0986 1.2821e-01    17.8189     0.7542     5.5016     83.715 2.7267e+01    36.4133    26.2973  0.000e+00
     21.323   5.638783  1024.0989 1.2698e-01     3.2585     0.7542     5.4972     83.650 2.7267e+01    36.4141    26.2981  0.000e+00
     21.323   5.638878  1024.0984 1.2698e-01     8.8238     0.7542     5.4968     83.645 2.7191e+01    36.4139    26.2992  0.000e+00
     21.389   5.638893  1024.0983 1.2821e-01    12.3830     0.7236     5.4925     83.580 2.7191e+01    36.4136    26.2997  0.000e+00
     21.323   5.638864  1024.0982 1.2821e-01    12.9655     0.7236     5.4920     83.572 2.7191e+01    36.4137    26.2994  0.000e+00
     21.372   5.638871  1024.0985 1.2821e-01    12.8360     0.7236     5.4957     83.629 2.7267e+01    36.4138    26.2993  0.000e+00
     21.447   5.638886  1024.0986 1.2943e-01    12.6419     0.7236     5.4954     83.625 2.7267e+01    36.4136    26.2996  0.000e+00
     21.323   5.638827  1024.0984 1.2943e-01    12.6419     0.7236     5.4913     83.560 2.7191e+01    36.4137    26.2990  0.000e+00
     21.389   5.638695  1024.0990 1.2821e-01    12.6419     0.7542     5.4910     83.554 2.7267e+01    36.4137    26.2977  0.000e+00
     21.389   5.638592  1024.0995 1.2943e-01    12.5772     0.7542     5.4866     83.487 2.7191e+01    36.4139    26.2966  0.000e+00
     21.447   5.638541  1024.0997 1.2821e-01    12.5772     0.7542     5.4864     83.482 2.7191e+01    36.4137    26.2963  0.000e+00
     21.389   5.638416  1024.0997 1.2943e-01    98.3220     0.6626     5.4862     83.478 2.7191e+01    36.4136    26.2953  0.000e+00
     21.389   5.638357  1024.1001 1.1233e-01   232.2780     0.7542     5.4861     83.475 2.7114e+01    36.4138    26.2945  0.000e+00
     21.496   5.638372  1024.1012 1.0501e-01   264.3110     0.8152     5.4859     83.472 2.7114e+01    36.4144    26.2939  0.000e+00
     21.389   5.638357  1024.1001 1.0501e-01   264.3110     0.8152     5.4853     83.463 2.7038e+01    36.4138    26.2945  0.000e+00
     21.447   5.638364  1024.1000 1.0501e-01   264.3110     0.8152     5.4808     83.395 2.7038e+01    36.4135    26.2949  0.000e+00
     21.504   5.638379  1024.1004 1.0501e-01   259.7164     0.8152     5.4805     83.390 2.7038e+01    36.4137    26.2948  0.000e+00
     21.447   5.638423  1024.1008 1.0501e-01   259.3928     0.8152     5.4802     83.385 2.6962e+01    36.4144    26.2944  0.000e+00
     21.447   5.638460  1024.1008 1.0501e-01   259.7164     0.8152     5.4838     83.441 2.7038e+01    36.4144    26.2947  0.000e+00
     21.504   5.638445  1024.1005 1.0501e-01   259.8458     0.8152     5.4838     83.442 2.6962e+01    36.4139    26.2951  0.000e+00
     21.447   5.638438  1024.1003 1.0379e-01   259.8458     0.8152     5.4798     83.381 2.6962e+01    36.4140    26.2950  0.000e+00
     21.496   5.638460  1024.1005 1.0501e-01   259.8458     0.8152     5.4758     83.319 2.6962e+01    36.4140    26.2952  0.000e+00
     21.570   5.638614  1024.1004 1.0501e-01   259.8458     0.8152     5.4753     83.314 2.6811e+01    36.4140    26.2966  0.000e+00
     21.447   5.638871  1024.0987 1.0501e-01   259.8458     0.8152     5.4787     83.370 2.6886e+01    36.4137    26.2994  0.000e+00
     21.504   5.639077  1024.0980 1.0623e-01   259.8458     0.8152     5.4745     83.308 2.6736e+01    36.4133    26.3017  0.000e+00
     21.570   5.639121  1024.0976 1.0623e-01   259.8458     0.8152     5.4743     83.306 2.6736e+01    36.4129    26.3026  0.000e+00
     21.504   5.639158  1024.0977 1.0623e-01   259.8458     0.8152     5.4700     83.242 2.6736e+01    36.4133    26.3024  0.000e+00
     21.570   5.639172  1024.0982 1.0501e-01   259.8458     0.8152     5.4698     83.239 2.6736e+01    36.4135    26.3023  0.000e+00
     21.504   5.639172  1024.0982 1.0501e-01   259.8458     0.8152     5.4697     83.236 2.6660e+01    36.4137    26.3020  0.000e+00
     21.554   5.639202  1024.0980 1.0501e-01   259.8458     0.8152     5.4657     83.177 2.6586e+01    36.4135    26.3026  0.000e+00
     21.505   5.639319  1024.0976 1.0501e-01   259.8458     0.8152     5.4654     83.173 2.6586e+01    36.4136    26.3035  0.000e+00
     21.628   5.639422  1024.0982 1.0379e-01   259.8458     0.8152     5.4692     83.231 2.6586e+01    36.4139    26.3041  0.000e+00
     21.505   5.639452  1024.0974 1.0501e-01   259.8458     0.8152     5.4649     83.167 2.6586e+01    36.4137    26.3046  0.000e+00
     21.505   5.639444  1024.0970 1.0501e-01   259.8458     0.8152     5.4647     83.165 2.6436e+01    36.4134    26.3050  0.000e+00
     21.628   5.639481  1024.0973 1.0501e-01   259.9105     0.8152     5.4606     83.103 2.6511e+01    36.4133    26.3054  0.000e+00
     21.571   5.639518  1024.0970 1.0501e-01   259.8458     0.8152     5.4603     83.099 2.6362e+01    36.4133    26.3057  0.000e+00
     21.571   5.639510  1024.0966 1.3187e-01   141.2268     0.6321     5.4602     83.097 2.6436e+01    36.4130    26.3061  0.000e+00
     21.554   5.639562  1024.0968 1.2943e-01    28.7554     0.7236     5.4601     83.096 2.6362e+01    36.4134    26.3061  0.000e+00
     21.571   5.639591  1024.0969 1.2821e-01     4.2939     0.7542     5.4642     83.158 2.6362e+01    36.4134    26.3063  0.000e+00
     21.571   5.639584  1024.0967 1.2943e-01     8.8885     0.7542     5.4605     83.102 2.6362e+01    36.4132    26.3065  0.000e+00
     21.628   5.639518  1024.0969 1.2821e-01    13.1596     0.7236     5.4607     83.106 2.6288e+01    36.4130    26.3061  0.000e+00
     21.571   5.639466  1024.0964 1.2821e-01    14.1303     0.7236     5.4608     83.106 2.6362e+01    36.4127    26.3061  0.000e+00
     21.571   5.639474  1024.0966 1.2821e-01    13.9362     0.7236     5.4612     83.112 2.6288e+01    36.4129    26.3059  0.000e+00
     21.628   5.639466  1024.0968 1.2821e-01    13.8714     0.7236     5.4617     83.120 2.6362e+01    36.4128    26.3059  0.000e+00
     21.571   5.639415  1024.0971 1.2821e-01    13.7420     0.7542     5.4580     83.063 2.6288e+01    36.4132    26.3050  0.000e+00
     21.678   5.639334  1024.0981 1.2698e-01    13.8067     0.7542     5.4625     83.129 2.6288e+01    36.4134    26.3039  0.000e+00
     21.571   5.639239  1024.0983 1.2821e-01    13.8067     0.7236     5.4628     83.132 2.6362e+01    36.4137    26.3026  0.000e+00
     21.628   5.639121  1024.0981 1.2821e-01    13.8067     0.7236     5.4592     83.076 2.6288e+01    36.4130    26.3024  0.000e+00
     21.628   5.639150  1024.0982 1.2821e-01    67.1950     0.6931     5.4634     83.142 2.6214e+01    36.4132    26.3025  0.000e+00
     21.628   5.639099  1024.0984 1.1722e-01   214.8055     0.7236     5.4640     83.149 2.6288e+01    36.4133    26.3019  0.000e+00
     21.628   5.639048  1024.0985 1.0501e-01   264.3110     0.8152     5.4644     83.155 2.6288e+01    36.4132    26.3015  0.000e+00
     21.571   5.638930  1024.0984 1.0379e-01   264.3110     0.8152     5.4649     83.161 2.6214e+01    36.4131    26.3006  0.000e+00
     21.694   5.638893  1024.0990 1.0256e-01   264.3110     0.8152     5.4652     83.166 2.6288e+01    36.4130    26.3003  0.000e+00
     21.678   5.638893  1024.0993 1.0379e-01   259.9752     0.8152     5.4615     83.109 2.6141e+01    36.4134    26.2999  0.000e+00
     21.628   5.638864  1024.0993 1.0379e-01   259.3281     0.8152     5.4619     83.114 2.6141e+01    36.4134    26.2996  0.000e+00
     21.694   5.638820  1024.0994 1.0379e-01   259.6517     0.8152     5.4665     83.184 2.6214e+01    36.4131    26.2995  0.000e+00
     21.694   5.638798  1024.0995 1.0379e-01   259.8458     0.8152     5.4670     83.191 2.6214e+01    36.4132    26.2992  0.000e+00
     21.694   5.638629  1024.0998 1.0379e-01   259.8458     0.8152     5.4677     83.200 2.6141e+01    36.4130    26.2979  0.000e+00
     21.694   5.638475  1024.1007 1.0379e-01   259.8458     0.8152     5.4723     83.268 2.6141e+01    36.4134    26.2959  0.000e+00
     21.694   5.638335  1024.1013 1.0501e-01   259.8458     0.8152     5.4690     83.216 2.6067e+01    36.4136    26.2945  0.000e+00
     21.752   5.638254  1024.1020 1.0501e-01   256.6101     0.8152     5.4696     83.224 2.6141e+01    36.4137    26.2935  0.000e+00
     21.736   5.638181  1024.1021 1.2943e-01   106.3464     0.6626     5.4702     83.231 2.6141e+01    36.4137    26.2929  0.000e+00
     21.752   5.638129  1024.1024 1.2821e-01    14.0009     0.7236     5.4708     83.240 2.5994e+01    36.4138    26.2922  0.000e+00
     21.694   5.638107  1024.1020 1.2698e-01    -0.1066     0.7542     5.4755     83.311 2.6067e+01    36.4136    26.2923  0.000e+00
     21.752   5.638144  1024.1022 1.2698e-01     5.6529     0.7542     5.4720     83.259 2.5994e+01    36.4137    26.2926  0.000e+00
     21.810   5.638225  1024.1026 1.2821e-01     9.1474     0.7236     5.4725     83.267 2.5921e+01    36.4140    26.2929  0.000e+00
     21.810   5.638247  1024.1023 1.2698e-01     9.7298     0.7236     5.4730     83.274 2.5921e+01    36.4138    26.2933  0.000e+00
     21.810   5.638239  1024.1020 1.2698e-01     9.5357     0.7236     5.4778     83.348 2.5921e+01    36.4136    26.2936  0.000e+00
     21.876   5.638284  1024.1028 1.2821e-01     9.4062     0.7542     5.4788     83.364 2.5921e+01    36.4141    26.2933  0.000e+00
     21.736   5.638217  1024.1019 1.2821e-01     9.3415     0.7236     5.4796     83.375 2.5848e+01    36.4137    26.2932  0.000e+00
     21.876   5.638137  1024.1022 1.2821e-01     9.3415     0.7542     5.4762     83.324 2.5848e+01    36.4132    26.2931  0.000e+00
     21.876   5.638181  1024.1025 1.2821e-01     9.3415     0.7236     5.4767     83.330 2.5776e+01    36.4135    26.2930  0.000e+00
