WS23139_STN16_15CTD.cnv
* Sea-Bird SBE 9 Data File:
* FileName = C:\ctd\Cruise_Data\WS23139_Rosenheim\WS23139_Rosenheim_STN16_2.hex
* Software Version Seasave V 7.26.7.121
* Temperature SN = 4097 MTG 177
* Conductivity SN = 1851 MTG 053
* Number of Bytes Per Scan = 40
* Number of Voltage Words = 5
* Number of Scans Averaged by the Deck Unit = 1
* NMEA Latitude = 05 44.87 N
* NMEA Longitude = 053 19.26 W
* NMEA UTC (Time) = Jun 15 2023 20:42:50
** Ship:
** Station:
** Operator:
# nquan = 12
# nvalues = 9495                                  
# units = specified
# name 0 = depSM: Depth [salt water, m]
# name 1 = c0S/m: Conductivity [S/m]
# name 2 = density00: Density [density, kg/m^3]
# name 3 = flSP: Fluorescence, Seapoint
# name 4 = wetCDOM: Fluorescence, WET Labs CDOM [mg/m^3]
# name 5 = flECO-AFL: Fluorescence, WET Labs ECO-AFL/FL [mg/m^3]
# name 6 = sbeox0Mg/L: Oxygen, SBE 43 [mg/l]
# name 7 = sbeox0PS: Oxygen, SBE 43 [% saturation]
# name 8 = par: PAR/Irradiance, Biospherical/Licor [Watts/m^2]
# name 9 = sal00: Salinity, Practical [PSU]
# name 10 = t090C: Temperature [ITS-90, deg C]
# name 11 = flag:  0.000e+00
# span 0 =      1.511,     17.640                 
# span 1 =   2.066312,   5.697261                 
# span 2 =  1004.9330,  1023.6097                 
# span 3 = 7.8144e-02, 1.8193e-01                 
# span 4 =    -0.6890,   264.3110                 
# span 5 =     0.4794,     2.7383                 
# span 6 =     3.9707,     6.4980                 
# span 7 =     61.600,    100.966                 
# span 8 = 9.9065e-02, 5.3411e+02                 
# span 9 =    11.6012,    36.1547                 
# span 10 =    27.1671,    27.9200                
# span 11 = 0.0000e+00, 0.0000e+00                
# interval = seconds: 0.0416667
# start_time = Jun 15 2023 20:42:50 [NMEA time, header]
# bad_flag = -9.990e-29
*END*
[from data line 3610]
     16.685   5.697106  1023.6037 1.2454e-01    17.7542     0.6321     5.3347     82.236 9.9375e-02    36.1527    27.1696  0.000e+00
     16.685   5.697091  1023.6037 1.2454e-01    17.4954     0.6321     5.3349     82.240 9.9375e-02    36.1527    27.1695  0.000e+00
     16.669   5.697091  1023.6036 1.2576e-01    17.3659     0.6015     5.3273     82.123 9.9065e-02    36.1526    27.1696  0.000e+00
     16.685   5.697054  1023.6037 1.2576e-01    17.3012     0.6015     5.3272     82.121 9.9065e-02    36.1525    27.1693  0.000e+00
     16.751   5.697076  1023.6042 1.2576e-01    17.3659     0.6321     5.3311     82.181 9.9375e-02    36.1528    27.1692  0.000e+00
     16.751   5.697054  1023.6041 1.2454e-01    17.3659     0.6015     5.3312     82.182 9.9065e-02    36.1527    27.1691  0.000e+00
     16.727   5.697076  1023.6041 1.2454e-01    17.3659     0.6321     5.3353     82.245 9.9375e-02    36.1528    27.1692  0.000e+00
     16.751   5.697091  1023.6041 1.2454e-01    83.1144     0.5710     5.3316     82.188 9.9065e-02    36.1528    27.1693  0.000e+00
     16.751   5.697054  1023.6038 1.1233e-01   223.4123     0.6626     5.3357     82.251 9.9375e-02    36.1524    27.1695  0.000e+00
     16.850   5.697076  1023.6048 1.0134e-01   264.3110     0.6931     5.3361     82.257 9.9065e-02    36.1529    27.1690  0.000e+00
     16.809   5.697091  1023.6046 1.0134e-01   264.3110     0.6931     5.3363     82.261 9.9375e-02    36.1529    27.1691  0.000e+00
     16.809   5.697091  1023.6043 1.0134e-01   264.3110     0.6626     5.3324     82.201 9.9065e-02    36.1527    27.1694  0.000e+00
     16.867   5.697054  1023.6044 1.0134e-01   259.8458     0.6626     5.3367     82.268 9.9375e-02    36.1525    27.1693  0.000e+00
     16.850   5.697106  1023.6046 1.0134e-01   259.3928     0.6931     5.3370     82.272 9.9375e-02    36.1528    27.1694  0.000e+00
     16.867   5.697106  1023.6049 1.0134e-01   259.7164     0.6626     5.3374     82.277 9.9375e-02    36.1530    27.1691  0.000e+00
     16.867   5.697091  1023.6047 1.0134e-01   259.9105     0.6931     5.3417     82.344 9.9375e-02    36.1529    27.1692  0.000e+00
     16.908   5.697091  1023.6050 1.0134e-01   259.9105     0.6931     5.3422     82.352 9.9375e-02    36.1529    27.1691  0.000e+00
     16.867   5.697054  1023.6048 1.0012e-01   259.9752     0.6931     5.3385     82.294 9.9375e-02    36.1528    27.1690  0.000e+00
     16.933   5.697076  1023.6051 1.0012e-01   259.9105     0.6931     5.3386     82.296 9.9375e-02    36.1529    27.1690  0.000e+00
     16.990   5.697091  1023.6055 1.0134e-01   252.3391     0.6931     5.3391     82.304 9.9375e-02    36.1530    27.1690  0.000e+00
     16.908   5.697054  1023.6049 1.2576e-01   110.7469     0.5405     5.3433     82.369 9.9375e-02    36.1527    27.1690  0.000e+00
     16.990   5.697106  1023.6055 1.2454e-01    32.0558     0.6015     5.3396     82.312 9.9065e-02    36.1531    27.1690  0.000e+00
     16.990   5.697135  1023.6056 1.2454e-01    21.5723     0.6321     5.3477     82.436 9.9375e-02    36.1533    27.1690  0.000e+00
     16.974   5.697135  1023.6055 1.2454e-01    27.0082     0.6015     5.3443     82.384 9.9065e-02    36.1532    27.1691  0.000e+00
     16.990   5.697106  1023.6055 1.2454e-01    30.1144     0.6015     5.3486     82.450 9.9375e-02    36.1531    27.1690  0.000e+00
     17.056   5.697121  1023.6057 1.2454e-01    30.4380     0.5710     5.3452     82.398 9.9065e-02    36.1531    27.1691  0.000e+00
     16.990   5.697106  1023.6055 1.2576e-01    30.2438     0.5710     5.3454     82.400 9.9065e-02    36.1531    27.1690  0.000e+00
     17.032   5.697121  1023.6059 1.2576e-01    30.1791     0.6015     5.3498     82.468 9.9375e-02    36.1533    27.1689  0.000e+00
     17.056   5.697135  1023.6061 1.2576e-01    30.1144     0.5710     5.3461     82.412 9.9375e-02    36.1534    27.1688  0.000e+00
     17.056   5.697106  1023.6056 1.2576e-01    30.1144     0.5710     5.3463     82.414 9.9065e-02    36.1529    27.1692  0.000e+00
     16.990   5.697121  1023.6056 1.2576e-01    30.1144     0.6015     5.3504     82.477 9.9065e-02    36.1532    27.1690  0.000e+00
     17.089   5.697106  1023.6059 1.2576e-01    30.1144     0.6015     5.3505     82.480 9.9375e-02    36.1530    27.1690  0.000e+00
     17.056   5.697121  1023.6057 1.2698e-01   119.1596     0.5100     5.3465     82.418 9.9065e-02    36.1531    27.1691  0.000e+00
     17.114   5.697106  1023.6060 1.0623e-01   238.7493     0.6321     5.3466     82.419 9.9065e-02    36.1530    27.1690  0.000e+00
     17.032   5.697121  1023.6056 1.0134e-01   264.3110     0.6626     5.3468     82.422 9.9065e-02    36.1531    27.1691  0.000e+00
     17.056   5.697106  1023.6057 1.0012e-01   264.3110     0.6626     5.3470     82.426 9.9065e-02    36.1530    27.1691  0.000e+00
     17.114   5.697091  1023.6059 1.0012e-01   264.3110     0.6321     5.3511     82.488 9.9065e-02    36.1529    27.1690  0.000e+00
     17.056   5.697091  1023.6057 1.0012e-01   259.5869     0.6321     5.3512     82.490 9.9375e-02    36.1530    27.1690  0.000e+00
     17.032   5.697121  1023.6057 1.0012e-01   259.4575     0.6321     5.3511     82.489 9.9375e-02    36.1532    27.1690  0.000e+00
     17.056   5.697135  1023.6060 1.0134e-01   259.7811     0.6321     5.3513     82.491 9.9375e-02    36.1533    27.1690  0.000e+00
     17.056   5.697106  1023.6056 1.0134e-01   259.9105     0.6321     5.3513     82.493 9.9375e-02    36.1529    27.1692  0.000e+00
     17.089   5.697121  1023.6059 1.0134e-01   259.9105     0.6321     5.3514     82.494 9.9065e-02    36.1531    27.1691  0.000e+00
     17.056   5.697106  1023.6058 1.0134e-01   259.9105     0.6321     5.3515     82.494 9.9375e-02    36.1530    27.1690  0.000e+00
     17.056   5.697091  1023.6057 1.0134e-01   259.9105     0.6321     5.3513     82.491 9.9065e-02    36.1530    27.1690  0.000e+00
     16.990   5.697121  1023.6056 1.0745e-01   232.3427     0.6321     5.3512     82.490 9.9375e-02    36.1532    27.1690  0.000e+00
     17.032   5.697135  1023.6058 1.2454e-01    82.0790     0.5405     5.3512     82.490 9.9375e-02    36.1533    27.1690  0.000e+00
     16.990   5.697135  1023.6054 1.2454e-01    16.3305     0.5710     5.3511     82.489 9.9065e-02    36.1530    27.1693  0.000e+00
     17.056   5.697135  1023.6058 1.2454e-01    11.2182     0.6015     5.3550     82.550 9.9065e-02    36.1531    27.1692  0.000e+00
     16.974   5.697106  1023.6055 1.2576e-01    16.9130     0.5710     5.3471     82.427 9.9065e-02    36.1531    27.1690  0.000e+00
     16.990   5.697120  1023.6052 1.2576e-01    19.3721     0.5710     5.3469     82.425 9.9065e-02    36.1529    27.1694  0.000e+00
     16.933   5.697106  1023.6053 1.2576e-01    19.6309     0.5710     5.3508     82.484 9.9065e-02    36.1531    27.1690  0.000e+00
     16.933   5.697054  1023.6048 1.2576e-01    19.4368     0.5710     5.3504     82.478 9.9065e-02    36.1526    27.1692  0.000e+00
     16.908   5.697106  1023.6052 1.2576e-01    19.3073     0.6015     5.3499     82.471 9.9065e-02    36.1531    27.1690  0.000e+00
     16.933   5.697135  1023.6055 1.2576e-01    19.3073     0.6015     5.3497     82.468 9.9065e-02    36.1533    27.1690  0.000e+00
     16.933   5.697135  1023.6054 1.2576e-01    19.3073     0.6015     5.3494     82.464 9.9065e-02    36.1533    27.1690  0.000e+00
     16.908   5.697135  1023.6054 1.2576e-01    19.3073     0.6015     5.3494     82.462 9.9375e-02    36.1534    27.1690  0.000e+00
     16.809   5.697106  1023.6046 1.2576e-01    19.3073     0.5710     5.3450     82.395 9.9065e-02    36.1530    27.1692  0.000e+00
     16.867   5.697120  1023.6051 1.2821e-01   143.1681     0.5100     5.3487     82.452 9.9065e-02    36.1533    27.1690  0.000e+00
     16.809   5.697135  1023.6047 1.0256e-01   249.6211     0.6321     5.3485     82.450 9.9375e-02    36.1532    27.1692  0.000e+00
     16.784   5.697106  1023.6045 1.0134e-01   264.3110     0.6321     5.3444     82.385 9.9065e-02    36.1530    27.1691  0.000e+00
     16.809   5.697120  1023.6045 1.0134e-01   264.3110     0.6626     5.3478     82.439 9.9375e-02    36.1530    27.1693  0.000e+00
     16.809   5.697106  1023.6042 1.0012e-01   263.0167     0.6626     5.3476     82.436 9.9375e-02    36.1527    27.1696  0.000e+00
     16.726   5.697091  1023.6037 1.0134e-01   259.4575     0.6321     5.3474     82.432 9.9065e-02    36.1525    27.1697  0.000e+00
     16.751   5.697054  1023.6034 1.0134e-01   259.5222     0.6626     5.3472     82.429 9.9375e-02    36.1521    27.1699  0.000e+00
     16.685   5.697106  1023.6033 1.0134e-01   259.8458     0.6321     5.3431     82.366 9.9375e-02    36.1524    27.1701  0.000e+00
     16.627   5.697106  1023.6028 1.0012e-01   259.9105     0.6321     5.3428     82.362 9.9375e-02    36.1522    27.1703  0.000e+00
     16.669   5.697091  1023.6030 1.0012e-01   259.9752     0.6321     5.3424     82.356 9.9065e-02    36.1521    27.1703  0.000e+00
     16.627   5.697091  1023.6026 1.0012e-01   259.8458     0.6626     5.3459     82.411 9.9375e-02    36.1519    27.1705  0.000e+00
     16.627   5.697091  1023.6025 1.0012e-01   259.9105     0.6321     5.3457     82.407 9.9375e-02    36.1518    27.1706  0.000e+00
     16.545   5.697024  1023.6016 1.1477e-01   205.4221     0.6015     5.3456     82.405 9.9065e-02    36.1513    27.1708  0.000e+00
     16.561   5.697024  1023.6015 1.2332e-01    66.6126     0.5405     5.3453     82.401 9.9375e-02    36.1510    27.1711  0.000e+00
     16.561   5.697039  1023.6014 1.2576e-01    18.6602     0.5710     5.3414     82.341 9.9375e-02    36.1511    27.1712  0.000e+00
     16.504   5.697039  1023.6011 1.2576e-01    17.9484     0.6015     5.3411     82.336 9.9065e-02    36.1510    27.1712  0.000e+00
     16.479   5.697039  1023.6009 1.2576e-01    23.4490     0.5710     5.3410     82.335 9.9375e-02    36.1509    27.1713  0.000e+00
     16.446   5.697039  1023.6007 1.2576e-01    25.3257     0.5710     5.3407     82.330 9.9065e-02    36.1509    27.1714  0.000e+00
     16.446   5.696973  1023.6004 1.2698e-01    25.3257     0.5710     5.3404     82.326 9.9065e-02    36.1505    27.1713  0.000e+00
     16.421   5.697054  1023.6008 1.2576e-01    25.1315     0.5710     5.3443     82.387 9.9065e-02    36.1511    27.1713  0.000e+00
     16.380   5.697054  1023.6007 1.2576e-01    25.0668     0.6015     5.3402     82.323 9.9065e-02    36.1512    27.1712  0.000e+00
     16.322   5.697009  1023.6001 1.2576e-01    25.1962     0.6321     5.3399     82.319 9.9065e-02    36.1508    27.1713  0.000e+00
     16.380   5.697024  1023.6006 1.2576e-01    25.0668     0.6321     5.3439     82.380 9.9375e-02    36.1510    27.1712  0.000e+00
     16.363   5.697039  1023.6008 1.2454e-01    25.0668     0.6321     5.3441     82.382 9.9375e-02    36.1513    27.1710  0.000e+00
     16.256   5.697009  1023.6000 1.2454e-01    31.4734     0.6015     5.3399     82.318 9.9065e-02    36.1509    27.1712  0.000e+00
     16.322   5.697024  1023.6007 1.2332e-01   173.6480     0.5710     5.3437     82.376 9.9065e-02    36.1513    27.1708  0.000e+00
     16.240   5.697039  1023.6003 1.0134e-01   257.8397     0.6931     5.3436     82.374 9.9375e-02    36.1513    27.1710  0.000e+00
     16.256   5.697009  1023.6000 1.0134e-01   264.3110     0.6931     5.3475     82.435 9.9065e-02    36.1509    27.1712  0.000e+00
     16.199   5.696995  1023.5994 1.0256e-01   264.3110     0.6931     5.3477     82.439 9.9375e-02    36.1506    27.1715  0.000e+00
     16.182   5.696995  1023.5994 1.0256e-01   261.4636     0.6931     5.3440     82.382 9.9375e-02    36.1507    27.1714  0.000e+00
     16.199   5.696995  1023.5994 1.0134e-01   259.3928     0.6931     5.3441     82.384 9.9375e-02    36.1506    27.1715  0.000e+00
     16.141   5.697024  1023.5996 1.0134e-01   259.5869     0.6931     5.3442     82.385 9.9375e-02    36.1510    27.1712  0.000e+00
     16.141   5.697009  1023.5992 1.0134e-01   259.9752     0.6931     5.3483     82.448 9.9375e-02    36.1507    27.1715  0.000e+00
     16.116   5.696995  1023.5992 1.0134e-01   259.9752     0.6931     5.3486     82.453 9.9375e-02    36.1507    27.1714  0.000e+00
     16.141   5.697024  1023.5996 1.0134e-01   259.9105     0.6931     5.3489     82.457 9.9065e-02    36.1511    27.1712  0.000e+00
     16.075   5.697076  1023.5998 1.0134e-01   259.9105     0.6626     5.3492     82.461 9.9065e-02    36.1516    27.1710  0.000e+00
     16.058   5.697090  1023.5998 1.0134e-01   259.9105     0.6931     5.3454     82.403 9.9375e-02    36.1517    27.1711  0.000e+00
     16.075   5.697054  1023.5997 1.2454e-01   172.6126     0.5710     5.3455     82.404 9.9065e-02    36.1515    27.1710  0.000e+00
     16.075   5.697076  1023.6004 1.2454e-01    44.8043     0.6015     5.3456     82.405 9.9375e-02    36.1521    27.1703  0.000e+00
     16.058   5.697054  1023.6006 1.2576e-01     9.7945     0.6321     5.3459     82.410 9.9375e-02    36.1523    27.1699  0.000e+00
     16.017   5.697039  1023.6003 1.2576e-01    12.3830     0.6015     5.3457     82.407 9.9065e-02    36.1522    27.1699  0.000e+00
     16.017   5.697039  1023.6002 1.2576e-01    17.3012     0.6015     5.3456     82.405 9.9065e-02    36.1521    27.1701  0.000e+00
     16.017   5.697009  1023.5999 1.2576e-01    18.5955     0.6321     5.3497     82.468 9.9065e-02    36.1517    27.1703  0.000e+00
     15.992   5.697024  1023.6000 1.2576e-01    18.5308     0.6015     5.3459     82.410 9.9065e-02    36.1519    27.1701  0.000e+00
     16.017   5.697039  1023.5999 1.2576e-01    18.4014     0.6321     5.3459     82.411 9.9375e-02    36.1518    27.1704  0.000e+00
     16.017   5.697039  1023.5998 1.2576e-01    18.2719     0.6321     5.3460     82.411 9.9375e-02    36.1517    27.1705  0.000e+00
     16.058   5.697009  1023.5997 1.2576e-01    18.3366     0.6015     5.3461     82.413 9.9375e-02    36.1514    27.1706  0.000e+00
     16.017   5.697024  1023.5997 1.2454e-01    18.2719     0.6321     5.3461     82.413 9.9065e-02    36.1516    27.1705  0.000e+00
     16.017   5.697039  1023.5999 1.2454e-01    18.3366     0.6321     5.3459     82.410 9.9375e-02    36.1518    27.1704  0.000e+00
     15.992   5.697009  1023.5998 1.2332e-01    15.8775     0.6321     5.3460     82.411 9.9065e-02    36.1517    27.1703  0.000e+00
     16.017   5.697061  1023.6006 1.2332e-01     4.4880     0.6015     5.3460     82.412 9.9065e-02    36.1525    27.1698  0.000e+00
     16.075   5.697054  1023.6010 1.2332e-01    -0.3654     0.6321     5.3459     82.410 9.9065e-02    36.1526    27.1695  0.000e+00
     16.075   5.697039  1023.6007 1.2210e-01    -0.6890     0.6321     5.3460     82.410 9.9375e-02    36.1523    27.1698  0.000e+00
     16.058   5.697076  1023.6009 1.2210e-01    -0.3007     0.6321     5.3420     82.349 9.9065e-02    36.1526    27.1697  0.000e+00
     16.075   5.697024  1023.6008 1.2332e-01    -0.1066     0.6321     5.3418     82.346 9.9065e-02    36.1523    27.1696  0.000e+00
     16.075   5.697024  1023.6007 1.2210e-01    -0.1066     0.6321     5.3417     82.344 9.9065e-02    36.1522    27.1697  0.000e+00
     16.182   5.697039  1023.6013 1.2210e-01    -0.1066     0.6321     5.3414     82.340 9.9065e-02    36.1524    27.1696  0.000e+00
     16.075   5.697076  1023.6013 1.2210e-01    -0.1066     0.6321     5.3370     82.271 9.9065e-02    36.1529    27.1693  0.000e+00
     16.141   5.697120  1023.6018 1.2332e-01    -0.1066     0.6321     5.3364     82.263 9.9065e-02    36.1532    27.1693  0.000e+00
     16.240   5.697032  1023.6019 1.2332e-01    -0.1066     0.6321     5.3362     82.259 9.9375e-02    36.1526    27.1692  0.000e+00
     16.141   5.697024  1023.6015 1.2332e-01    -0.1066     0.6321     5.3318     82.192 9.9065e-02    36.1527    27.1691  0.000e+00
     16.198   5.697039  1023.6014 1.2332e-01    -0.1066     0.6321     5.3313     82.185 9.9065e-02    36.1524    27.1696  0.000e+00
