WS23139_STN16_14CTD.cnv
* Sea-Bird SBE 9 Data File:
* FileName = C:\ctd\Cruise_Data\WS23139_Rosenheim\WS23139_Rosenheim_STN16.hex
* Software Version Seasave V 7.26.7.121
* Temperature SN = 4097 MTG 177
* Conductivity SN = 1851 MTG 053
* Number of Bytes Per Scan = 40
* Number of Voltage Words = 5
* Number of Scans Averaged by the Deck Unit = 1
* NMEA Latitude = 05 44.83 N
* NMEA Longitude = 053 19.27 W
* NMEA UTC (Time) = Jun 15 2023 20:03:07
** Ship:
** Station:
** Operator:
# nquan = 12
# nvalues = 13136                                 
# units = specified
# name 0 = depSM: Depth [salt water, m]
# name 1 = c0S/m: Conductivity [S/m]
# name 2 = density00: Density [density, kg/m^3]
# name 3 = flSP: Fluorescence, Seapoint
# name 4 = wetCDOM: Fluorescence, WET Labs CDOM [mg/m^3]
# name 5 = flECO-AFL: Fluorescence, WET Labs ECO-AFL/FL [mg/m^3]
# name 6 = sbeox0Mg/L: Oxygen, SBE 43 [mg/l]
# name 7 = sbeox0PS: Oxygen, SBE 43 [% saturation]
# name 8 = par: PAR/Irradiance, Biospherical/Licor [Watts/m^2]
# name 9 = sal00: Salinity, Practical [PSU]
# name 10 = t090C: Temperature [ITS-90, deg C]
# name 11 = flag:  0.000e+00
# span 0 =      1.226,     18.290                 
# span 1 =   5.571731,   5.697246                 
# span 2 =  1022.2135,  1023.6097                 
# span 3 = 4.8840e-02, 1.8926e-01                 
# span 4 =    -0.6890,   264.3110                 
# span 5 =     0.4489,     3.9593                 
# span 6 =     5.1378,     6.2609                 
# span 7 =     79.200,     97.242                 
# span 8 = 9.8755e-02, 8.5176e+02                 
# span 9 =    34.7083,    36.1542                 
# span 10 =    27.1681,    27.9187                
# span 11 = 0.0000e+00, 0.0000e+00                
# interval = seconds: 0.0416667
# start_time = Jun 15 2023 20:03:07 [NMEA time, header]
# bad_flag = -9.990e-29
*END*
[from data line 9985]
     12.482   5.696616  1023.5779 9.7680e-02   263.3403     0.6931     5.3815     82.964 9.4190e-01    36.1454    27.1762  0.000e+00
     12.523   5.696587  1023.5783 9.8901e-02   259.4575     0.6626     5.3772     82.898 9.2596e-01    36.1454    27.1759  0.000e+00
     12.548   5.696675  1023.5789 9.7680e-02   259.5222     0.6626     5.3810     82.955 9.1809e-01    36.1461    27.1758  0.000e+00
     12.548   5.696646  1023.5790 9.8901e-02   259.8458     0.6931     5.3767     82.889 9.1548e-01    36.1461    27.1755  0.000e+00
     12.523   5.696616  1023.5785 9.8901e-02   259.9752     0.6931     5.3764     82.884 9.0511e-01    36.1457    27.1758  0.000e+00
     12.606   5.696653  1023.5789 9.8901e-02   259.9105     0.6626     5.3803     82.946 8.9232e-01    36.1459    27.1759  0.000e+00
     12.581   5.696668  1023.5789 9.8901e-02   259.9105     0.6626     5.3805     82.948 8.8979e-01    36.1460    27.1759  0.000e+00
     12.663   5.696668  1023.5790 9.8901e-02   259.9105     0.6626     5.3805     82.948 8.7971e-01    36.1457    27.1762  0.000e+00
     12.606   5.696697  1023.5790 1.1600e-01   198.6272     0.6015     5.3763     82.884 8.6481e-01    36.1460    27.1761  0.000e+00
     12.639   5.696646  1023.5793 1.2088e-01    51.0815     0.6015     5.3724     82.822 8.5989e-01    36.1460    27.1756  0.000e+00
     12.663   5.696653  1023.5793 1.2088e-01     1.1230     0.6321     5.3759     82.878 8.5501e-01    36.1460    27.1757  0.000e+00
     12.663   5.696668  1023.5793 1.2088e-01     0.8641     0.6321     5.3759     82.878 8.4532e-01    36.1459    27.1759  0.000e+00
     12.704   5.696668  1023.5792 1.2210e-01     6.5589     0.6321     5.3759     82.878 8.4292e-01    36.1457    27.1762  0.000e+00
     12.729   5.696668  1023.5792 1.2332e-01     8.5003     0.6321     5.3760     82.879 8.3574e-01    36.1457    27.1762  0.000e+00
     12.729   5.696668  1023.5791 1.2210e-01     8.5003     0.6321     5.3760     82.879 8.1924e-01    36.1456    27.1764  0.000e+00
     12.704   5.696697  1023.5794 1.2210e-01     8.3061     0.6321     5.3721     82.818 8.0995e-01    36.1460    27.1761  0.000e+00
     12.729   5.696683  1023.5794 1.2210e-01     8.1767     0.6015     5.3720     82.817 8.0535e-01    36.1458    27.1762  0.000e+00
     12.762   5.696668  1023.5797 1.2210e-01     8.1767     0.6321     5.3719     82.816 7.9621e-01    36.1459    27.1759  0.000e+00
     12.787   5.696668  1023.5796 1.2210e-01     8.2414     0.6321     5.3718     82.815 7.9169e-01    36.1458    27.1761  0.000e+00
     12.787   5.696631  1023.5795 1.2210e-01     8.2414     0.6015     5.3758     82.876 7.8943e-01    36.1456    27.1760  0.000e+00
     12.762   5.696683  1023.5797 1.2210e-01     8.4355     0.6321     5.3720     82.817 7.8048e-01    36.1460    27.1759  0.000e+00
     12.787   5.696683  1023.5796 1.2210e-01    12.7713     0.6321     5.3722     82.820 7.7825e-01    36.1458    27.1762  0.000e+00
     12.787   5.696668  1023.5798 1.2210e-01    15.3598     0.6321     5.3722     82.821 7.7383e-01    36.1459    27.1759  0.000e+00
     12.828   5.696668  1023.5798 1.2088e-01    15.6834     0.6321     5.3723     82.822 7.5853e-01    36.1458    27.1761  0.000e+00
     12.787   5.696668  1023.5797 1.2088e-01    15.5540     0.6321     5.3724     82.823 7.5206e-01    36.1458    27.1760  0.000e+00
     12.787   5.696734  1023.5801 1.2088e-01    15.4246     0.6321     5.3725     82.825 7.4992e-01    36.1464    27.1759  0.000e+00
     12.828   5.696727  1023.5803 1.2088e-01    15.4246     0.6321     5.3767     82.889 7.4992e-01    36.1464    27.1758  0.000e+00
     12.845   5.696712  1023.5801 1.2088e-01    15.4246     0.6321     5.3730     82.833 7.4992e-01    36.1461    27.1761  0.000e+00
     12.828   5.696683  1023.5800 1.2088e-01    15.4246     0.6015     5.3772     82.897 7.5206e-01    36.1460    27.1759  0.000e+00
     12.787   5.696697  1023.5795 1.2210e-01    15.4246     0.5710     5.3733     82.838 7.5637e-01    36.1458    27.1764  0.000e+00
     12.845   5.696712  1023.5799 1.2210e-01    15.4246     0.5710     5.3734     82.838 7.5853e-01    36.1459    27.1762  0.000e+00
     12.828   5.696683  1023.5799 1.2210e-01    15.4246     0.5710     5.3774     82.900 7.5853e-01    36.1459    27.1760  0.000e+00
     12.845   5.696631  1023.5796 1.2210e-01    15.4246     0.5710     5.3734     82.839 7.4992e-01    36.1455    27.1761  0.000e+00
     12.787   5.696683  1023.5798 1.2210e-01    10.9594     0.5710     5.3776     82.904 7.3929e-01    36.1460    27.1759  0.000e+00
     12.828   5.696712  1023.5801 1.2088e-01     5.1999     0.5710     5.3777     82.905 7.3719e-01    36.1461    27.1760  0.000e+00
     12.845   5.696683  1023.5801 1.2088e-01     3.6468     0.5710     5.3778     82.906 7.3929e-01    36.1460    27.1759  0.000e+00
     12.787   5.696668  1023.5800 1.2210e-01     3.7762     0.5405     5.3778     82.906 7.4565e-01    36.1461    27.1756  0.000e+00
     12.828   5.696697  1023.5803 1.2088e-01     4.0351     0.5710     5.3778     82.907 7.4992e-01    36.1462    27.1757  0.000e+00
     12.787   5.696712  1023.5803 1.2088e-01     4.0998     0.5710     5.3738     82.845 7.4778e-01    36.1464    27.1756  0.000e+00
     12.828   5.696712  1023.5805 1.2088e-01     4.0998     0.5710     5.3779     82.909 7.4992e-01    36.1465    27.1755  0.000e+00
     12.787   5.696683  1023.5804 1.2088e-01     4.0998     0.5710     5.3780     82.909 7.4778e-01    36.1464    27.1753  0.000e+00
     12.787   5.696697  1023.5805 1.2088e-01     4.0351     0.5710     5.3821     82.972 7.4992e-01    36.1466    27.1753  0.000e+00
     12.762   5.696712  1023.5804 1.2088e-01     4.0998     0.5710     5.3745     82.855 7.5421e-01    36.1467    27.1753  0.000e+00
     12.787   5.696712  1023.5806 1.2088e-01     4.0998     0.5710     5.3784     82.915 7.6070e-01    36.1467    27.1753  0.000e+00
     12.729   5.696712  1023.5803 1.2088e-01     4.0351     0.5710     5.3786     82.919 7.6070e-01    36.1467    27.1753  0.000e+00
     12.704   5.696742  1023.5803 1.2088e-01     5.1352     0.5710     5.3747     82.858 7.6505e-01    36.1469    27.1753  0.000e+00
     12.729   5.696690  1023.5801 1.2088e-01     9.6651     0.5710     5.3786     82.918 7.6723e-01    36.1464    27.1754  0.000e+00
     12.729   5.696697  1023.5802 1.2088e-01    11.5418     0.5710     5.3789     82.923 7.6723e-01    36.1466    27.1753  0.000e+00
     12.762   5.696683  1023.5802 1.2088e-01    11.6712     0.5710     5.3752     82.866 7.8271e-01    36.1464    27.1754  0.000e+00
     12.663   5.696697  1023.5797 1.2210e-01    11.5418     0.5710     5.3752     82.867 7.9169e-01    36.1464    27.1755  0.000e+00
     12.638   5.696712  1023.5797 1.2210e-01    11.4771     0.5710     5.3791     82.927 7.9395e-01    36.1465    27.1756  0.000e+00
     12.729   5.696646  1023.5796 1.2210e-01    11.3476     0.5710     5.3756     82.872 8.0535e-01    36.1459    27.1757  0.000e+00
     12.663   5.696653  1023.5792 1.2210e-01    11.4123     0.5710     5.3754     82.870 8.1924e-01    36.1458    27.1759  0.000e+00
     12.638   5.696668  1023.5793 1.2210e-01    11.4123     0.5710     5.3754     82.869 8.2158e-01    36.1460    27.1758  0.000e+00
     12.663   5.696668  1023.5791 1.2210e-01    11.4771     0.5710     5.3835     82.995 8.3099e-01    36.1458    27.1761  0.000e+00
     12.605   5.696668  1023.5789 1.2210e-01    11.4123     0.5710     5.3801     82.942 8.4052e-01    36.1459    27.1760  0.000e+00
     12.638   5.696631  1023.5785 1.2332e-01    11.4123     0.6015     5.3765     82.886 8.4292e-01    36.1453    27.1765  0.000e+00
     12.605   5.696587  1023.5778 1.2332e-01    11.5418     0.6015     5.3764     82.886 8.5015e-01    36.1447    27.1768  0.000e+00
     12.548   5.696638  1023.5779 1.2454e-01   143.6211     0.5100     5.3802     82.944 8.5989e-01    36.1451    27.1767  0.000e+00
     12.638   5.696601  1023.5778 9.8901e-02   250.6565     0.6321     5.3804     82.947 8.6481e-01    36.1446    27.1770  0.000e+00
     12.548   5.696601  1023.5777 9.7680e-02   264.3110     0.6626     5.3805     82.949 8.7223e-01    36.1449    27.1767  0.000e+00
     12.523   5.696616  1023.5779 9.8901e-02   264.3110     0.6626     5.3807     82.952 8.8222e-01    36.1452    27.1765  0.000e+00
     12.548   5.696616  1023.5780 9.7680e-02   263.0815     0.6321     5.3809     82.955 8.8473e-01    36.1452    27.1765  0.000e+00
     12.548   5.696653  1023.5785 9.7680e-02   259.3928     0.6321     5.3771     82.896 8.9232e-01    36.1457    27.1762  0.000e+00
     12.523   5.696631  1023.5783 9.7680e-02   259.5222     0.6321     5.3769     82.893 8.9998e-01    36.1456    27.1761  0.000e+00
     12.482   5.696616  1023.5781 9.7680e-02   259.8458     0.6321     5.3726     82.827 8.9998e-01    36.1456    27.1760  0.000e+00
     12.548   5.696653  1023.5787 9.7680e-02   259.9752     0.6321     5.3723     82.821 9.0254e-01    36.1459    27.1759  0.000e+00
     12.457   5.696631  1023.5782 9.7680e-02   259.9105     0.6321     5.3718     82.814 9.1288e-01    36.1457    27.1759  0.000e+00
     12.482   5.696616  1023.5785 9.7680e-02   259.9105     0.6321     5.3717     82.811 9.1809e-01    36.1459    27.1756  0.000e+00
     12.424   5.696616  1023.5778 9.8901e-02   259.9105     0.6321     5.3632     82.682 9.1809e-01    36.1455    27.1761  0.000e+00
     12.523   5.696653  1023.5780 1.1722e-01   194.7445     0.5710     5.3625     82.671 9.2860e-01    36.1454    27.1765  0.000e+00
     12.424   5.696668  1023.5778 1.2210e-01    51.4697     0.5710     5.3577     82.597 9.3124e-01    36.1456    27.1765  0.000e+00
     12.399   5.696631  1023.5777 1.2210e-01     4.6175     0.6015     5.3528     82.521 9.3124e-01    36.1455    27.1762  0.000e+00
     12.424   5.696616  1023.5780 1.2210e-01     5.0057     0.6015     5.3477     82.443 9.3923e-01    36.1457    27.1759  0.000e+00
     12.424   5.696653  1023.5782 1.2210e-01    10.4416     0.5710     5.3425     82.362 9.4190e-01    36.1459    27.1759  0.000e+00
     12.399   5.696631  1023.5784 1.2210e-01    12.2536     0.5710     5.3373     82.282 9.4459e-01    36.1461    27.1754  0.000e+00
     12.424   5.696653  1023.5784 1.2210e-01    12.2536     0.6015     5.3358     82.260 9.4728e-01    36.1461    27.1757  0.000e+00
     12.358   5.696601  1023.5779 1.2210e-01    12.0595     0.6015     5.3266     82.117 9.5268e-01    36.1458    27.1756  0.000e+00
     12.399   5.696638  1023.5780 1.2088e-01    11.9948     0.6015     5.3249     82.090 9.5268e-01    36.1458    27.1759  0.000e+00
     12.358   5.696601  1023.5773 1.2088e-01    11.9948     0.6015     5.3192     82.003 9.4998e-01    36.1453    27.1762  0.000e+00
     12.399   5.696601  1023.5774 1.2088e-01    11.9948     0.6015     5.3136     81.917 9.4998e-01    36.1452    27.1764  0.000e+00
     12.358   5.696616  1023.5774 1.2088e-01    11.9948     0.5710     5.3077     81.827 9.4998e-01    36.1454    27.1762  0.000e+00
     12.358   5.696586  1023.5767 1.2210e-01    11.6712     0.5710     5.3060     81.800 9.5540e-01    36.1447    27.1769  0.000e+00
     12.333   5.696572  1023.5759 1.2210e-01     8.3708     0.6015     5.3003     81.713 9.5812e-01    36.1441    27.1775  0.000e+00
     12.358   5.696572  1023.5757 1.2210e-01     6.5589     0.5710     5.2946     81.625 9.5812e-01    36.1438    27.1779  0.000e+00
     12.300   5.696572  1023.5755 1.2088e-01     6.3000     0.6015     5.2888     81.536 9.6085e-01    36.1439    27.1778  0.000e+00
     12.399   5.696601  1023.5763 1.2210e-01     6.4942     0.6015     5.2870     81.509 9.5812e-01    36.1443    27.1775  0.000e+00
     12.300   5.696586  1023.5759 1.2210e-01     6.5589     0.5710     5.2851     81.478 9.5812e-01    36.1443    27.1775  0.000e+00
     12.358   5.696601  1023.5767 1.2210e-01     6.5589     0.5710     5.2796     81.393 9.5540e-01    36.1447    27.1770  0.000e+00
     12.333   5.696616  1023.5771 1.2210e-01     6.4942     0.6015     5.2780     81.369 9.4998e-01    36.1452    27.1765  0.000e+00
     12.300   5.696653  1023.5773 1.2210e-01     6.5589     0.6015     5.2768     81.349 9.4998e-01    36.1456    27.1764  0.000e+00
     12.333   5.696631  1023.5774 1.2210e-01     6.4942     0.5710     5.2713     81.265 9.4728e-01    36.1455    27.1762  0.000e+00
     12.358   5.696616  1023.5773 1.2210e-01     6.4294     0.5710     5.2700     81.244 9.4459e-01    36.1453    27.1764  0.000e+00
     12.358   5.696586  1023.5768 1.2210e-01     6.4942     0.5710     5.2688     81.226 9.4190e-01    36.1448    27.1768  0.000e+00
     12.333   5.696601  1023.5766 1.2210e-01     6.5589     0.5710     5.2715     81.269 9.4190e-01    36.1447    27.1770  0.000e+00
     12.358   5.696616  1023.5767 1.2454e-01   111.5882     0.5100     5.2709     81.259 9.3656e-01    36.1447    27.1771  0.000e+00
     12.358   5.696586  1023.5761 1.0379e-01   239.2670     0.6321     5.2743     81.313 9.3390e-01    36.1442    27.1775  0.000e+00
     12.333   5.696572  1023.5762 9.8901e-02   264.3110     0.6626     5.2740     81.307 9.3390e-01    36.1443    27.1773  0.000e+00
     12.358   5.696572  1023.5760 9.8901e-02   264.3110     0.6626     5.2697     81.242 9.2070e-01    36.1441    27.1775  0.000e+00
     12.333   5.696601  1023.5761 9.7680e-02   264.3110     0.6321     5.2736     81.302 9.1548e-01    36.1443    27.1775  0.000e+00
     12.358   5.696653  1023.5774 9.7680e-02   259.5869     0.6321     5.2738     81.303 9.1548e-01    36.1455    27.1765  0.000e+00
     12.424   5.696668  1023.5781 9.7680e-02   259.4575     0.6321     5.2780     81.368 9.1288e-01    36.1459    27.1761  0.000e+00
     12.399   5.696697  1023.5786 9.7680e-02   259.7811     0.6321     5.2785     81.376 9.1028e-01    36.1465    27.1756  0.000e+00
     12.358   5.696712  1023.5788 9.8901e-02   259.9105     0.6321     5.2836     81.454 9.1028e-01    36.1468    27.1753  0.000e+00
     12.424   5.696682  1023.5789 9.8901e-02   259.9752     0.6321     5.2888     81.535 8.9998e-01    36.1466    27.1753  0.000e+00
     12.399   5.696697  1023.5790 1.0012e-01   259.9105     0.6321     5.2901     81.555 8.9742e-01    36.1468    27.1752  0.000e+00
     12.424   5.696712  1023.5790 1.0012e-01   259.9752     0.6321     5.2916     81.577 8.9232e-01    36.1468    27.1753  0.000e+00
     12.399   5.696682  1023.5785 1.0989e-01   221.7298     0.6015     5.2973     81.665 8.8979e-01    36.1464    27.1756  0.000e+00
     12.424   5.696697  1023.5786 1.2210e-01    64.0888     0.5405     5.2993     81.697 8.8473e-01    36.1464    27.1757  0.000e+00
     12.424   5.696646  1023.5783 1.2088e-01     0.1523     0.6015     5.3055     81.792 8.8473e-01    36.1459    27.1758  0.000e+00
     12.457   5.696616  1023.5780 1.2088e-01    -0.6890     0.6015     5.3080     81.830 8.8222e-01    36.1455    27.1761  0.000e+00
     12.424   5.696616  1023.5780 1.2210e-01     1.7701     0.6015     5.3146     81.931 8.7971e-01    36.1457    27.1759  0.000e+00
     12.424   5.696616  1023.5779 1.2210e-01     4.4880     0.6015     5.3172     81.972 8.7971e-01    36.1456    27.1760  0.000e+00
     12.399   5.696653  1023.5779 1.2088e-01     5.0057     0.6015     5.3239     82.076 8.7471e-01    36.1458    27.1761  0.000e+00
     12.424   5.696601  1023.5775 1.2210e-01     4.8116     0.5710     5.3267     82.120 8.6727e-01    36.1452    27.1764  0.000e+00
     12.482   5.696601  1023.5778 1.2210e-01     4.7469     0.6015     5.3337     82.226 8.6727e-01    36.1453    27.1762  0.000e+00
     12.399   5.696653  1023.5779 1.2210e-01     4.7469     0.5710     5.3327     82.212 8.6727e-01    36.1457    27.1762  0.000e+00
     12.424   5.696631  1023.5779 1.2210e-01     4.6822     0.6015     5.3398     82.321 8.7471e-01    36.1456    27.1761  0.000e+00
     12.457   5.696616  1023.5781 1.2088e-01     4.6822     0.6015     5.3467     82.426 8.7721e-01    36.1456    27.1759  0.000e+00
     12.424   5.696653  1023.5781 1.2088e-01     4.6822     0.6015     5.3457     82.412 8.7721e-01    36.1458    27.1760  0.000e+00
