WS23139_STN15_13CTD.cnv
* Sea-Bird SBE 9 Data File:
* FileName = C:\ctd\Cruise_Data\WS23139_Rosenheim\WS23139_Rosenheim_STN15.hex
* Software Version Seasave V 7.26.7.121
* Temperature SN = 4097 MTG 177
* Conductivity SN = 1851 MTG 053
* Number of Bytes Per Scan = 40
* Number of Voltage Words = 5
* Number of Scans Averaged by the Deck Unit = 1
* NMEA Latitude = 05 38.90 N
* NMEA Longitude = 053 20.40 W
* NMEA UTC (Time) = Jun 15 2023 15:49:49
** Ship:
** Station:
** Operator:
# nquan = 12
# nvalues = 8782                                  
# units = specified
# name 0 = depSM: Depth [salt water, m]
# name 1 = c0S/m: Conductivity [S/m]
# name 2 = density00: Density [density, kg/m^3]
# name 3 = flSP: Fluorescence, Seapoint
# name 4 = wetCDOM: Fluorescence, WET Labs CDOM [mg/m^3]
# name 5 = flECO-AFL: Fluorescence, WET Labs ECO-AFL/FL [mg/m^3]
# name 6 = sbeox0Mg/L: Oxygen, SBE 43 [mg/l]
# name 7 = sbeox0PS: Oxygen, SBE 43 [% saturation]
# name 8 = par: PAR/Irradiance, Biospherical/Licor [Watts/m^2]
# name 9 = sal00: Salinity, Practical [PSU]
# name 10 = t090C: Temperature [ITS-90, deg C]
# name 11 = flag:  0.000e+00
# span 0 =      2.297,      7.550                 
# span 1 =   3.801835,   5.692962                 
# span 2 =  1013.5737,  1023.3863                 
# span 3 = 1.2210e-03, 2.6129e-01                 
# span 4 =    -0.6890,   264.3110                 
# span 5 =    -0.1005,     6.4318                 
# span 6 =    -0.2051,     7.0741                 
# span 7 =     -3.166,    109.335                 
# span 8 = 9.8755e-02, 4.7063e+02                 
# span 9 =    22.9223,    35.9932                 
# span 10 =    27.3234,    28.3517                
# span 11 = 0.0000e+00, 0.0000e+00                
# interval = seconds: 0.0416667
# start_time = Jun 15 2023 15:49:49 [NMEA time, header]
# bad_flag = -9.990e-29
*END*
[from data line 7579]
      3.722   5.679642  1023.2164 1.2088e-01   259.4575     2.8299     5.1982     80.337 1.0969e+02    35.8267    27.4356  0.000e+00
      3.747   5.679745  1023.2181 1.2088e-01   259.6517     3.1656     5.1987     80.344 1.1062e+02    35.8283    27.4345  0.000e+00
      3.846   5.679900  1023.2206 1.1966e-01   259.8458     3.1962     5.1952     80.289 1.1093e+02    35.8305    27.4330  0.000e+00
      3.747   5.679989  1023.2211 1.1966e-01   259.9105     3.1962     5.1914     80.230 1.1062e+02    35.8315    27.4325  0.000e+00
      3.780   5.680004  1023.2216 1.1966e-01   259.8458     3.1656     5.1913     80.228 1.1000e+02    35.8318    27.4323  0.000e+00
      3.813   5.680026  1023.2221 1.1966e-01   259.9105     3.1656     5.1873     80.166 1.1031e+02    35.8322    27.4319  0.000e+00
      3.722   5.680217  1023.2238 1.1966e-01   259.8458     3.1656     5.1833     80.104 1.0969e+02    35.8345    27.4308  0.000e+00
      3.813   5.680483  1023.2266 1.2088e-01   259.8458     3.1656     5.1833     80.103 1.0938e+02    35.8372    27.4297  0.000e+00
      3.780   5.680667  1023.2284 1.2210e-01   259.9752     3.1656     5.1751     79.977 1.0938e+02    35.8393    27.4286  0.000e+00
      3.813   5.680903  1023.2301 1.2454e-01   260.0399     3.1656     5.1706     79.908 1.0755e+02    35.8413    27.4282  0.000e+00
      3.780   5.681353  1023.2334 1.2454e-01   260.0399     3.1656     5.1658     79.833 1.0695e+02    35.8453    27.4272  0.000e+00
      3.871   5.681795  1023.2393 1.2454e-01   259.9752     3.1656     5.1609     79.755 1.0725e+02    35.8511    27.4237  0.000e+00
      3.846   5.682289  1023.2441 1.2454e-01   260.0399     3.1656     5.1560     79.678 1.0605e+02    35.8566    27.4211  0.000e+00
      3.747   5.682731  1023.2476 1.2454e-01   259.9752     3.1656     5.1506     79.596 1.0516e+02    35.8610    27.4195  0.000e+00
      3.904   5.683078  1023.2512 1.2576e-01   260.0399     3.1656     5.1454     79.515 1.0457e+02    35.8645    27.4182  0.000e+00
      3.846   5.683439  1023.2548 1.2698e-01   259.9752     3.1656     5.1400     79.431 1.0428e+02    35.8686    27.4162  0.000e+00
      3.871   5.683815  1023.2582 1.2821e-01   260.0399     3.1656     5.1344     79.344 1.0311e+02    35.8724    27.4147  0.000e+00
      3.846   5.684354  1023.2621 1.2821e-01   260.0399     3.1656     5.1286     79.255 1.0253e+02    35.8772    27.4134  0.000e+00
      3.871   5.684995  1023.2690 1.2821e-01   260.0399     3.1656     5.1230     79.166 1.0225e+02    35.8846    27.4098  0.000e+00
      3.904   5.685578  1023.2761 1.2943e-01   259.9752     3.1656     5.1171     79.073 1.0025e+02    35.8920    27.4055  0.000e+00
      3.871   5.685969  1023.2793 1.3065e-01   260.0399     3.1656     5.1152     79.044 9.9971e+01    35.8959    27.4041  0.000e+00
      3.904   5.686146  1023.2814 1.3065e-01   260.0399     3.1656     5.1133     79.015 9.9690e+01    35.8979    27.4030  0.000e+00
      3.871   5.686183  1023.2832 1.2943e-01   260.0399     3.1656     5.1157     79.049 9.8022e+01    35.8997    27.4011  0.000e+00
      3.961   5.686220  1023.2848 1.3065e-01   260.0399     3.1656     5.1104     78.966 9.7199e+01    35.9008    27.3999  0.000e+00
      3.937   5.686212  1023.2851 1.3309e-01   260.0399     3.1656     5.1090     78.944 9.6926e+01    35.9011    27.3995  0.000e+00
      3.904   5.686220  1023.2859 1.3431e-01   260.0399     3.1656     5.1077     78.924 9.5305e+01    35.9020    27.3985  0.000e+00
      3.937   5.686264  1023.2871 1.3553e-01   260.0399     2.8604     5.1066     78.906 9.4504e+01    35.9030    27.3976  0.000e+00
      3.961   5.686382  1023.2883 1.3431e-01   259.9752     2.6162     5.1097     78.953 9.5037e+01    35.9042    27.3971  0.000e+00
      3.994   5.686529  1023.2901 1.3309e-01   259.8458     2.5857     5.1089     78.941 9.2923e+01    35.9060    27.3961  0.000e+00
      4.027   5.686588  1023.2910 1.3187e-01   259.9105     2.6162     5.1085     78.934 9.1884e+01    35.9068    27.3955  0.000e+00
      3.937   5.686603  1023.2911 1.3309e-01   259.9105     2.6162     5.1081     78.928 9.1884e+01    35.9073    27.3951  0.000e+00
      4.027   5.686500  1023.2907 1.3309e-01   256.8690     2.5857     5.1120     78.988 9.0347e+01    35.9063    27.3954  0.000e+00
      3.994   5.686507  1023.2907 1.6117e-01   111.2646     2.5246     5.1119     78.987 8.8835e+01    35.9065    27.3953  0.000e+00
      3.961   5.686544  1023.2915 1.6117e-01    11.8653     2.5551     5.1122     78.991 8.8586e+01    35.9074    27.3944  0.000e+00
      4.027   5.686625  1023.2922 1.5995e-01    -0.6890     2.5857     5.1207     79.122 8.7595e+01    35.9079    27.3944  0.000e+00
      4.052   5.686788  1023.2936 1.5873e-01     0.4111     2.5857     5.1215     79.134 8.6130e+01    35.9095    27.3940  0.000e+00
      4.027   5.687038  1023.2956 1.5873e-01     4.0998     2.5551     5.1225     79.150 8.5888e+01    35.9119    27.3932  0.000e+00
      3.994   5.687260  1023.2977 1.5751e-01     5.1352     2.5551     5.1275     79.227 8.4927e+01    35.9144    27.3919  0.000e+00
      4.085   5.687400  1023.2999 1.5629e-01     5.0705     2.5551     5.1292     79.251 8.3741e+01    35.9163    27.3908  0.000e+00
      4.052   5.687503  1023.3010 1.5751e-01     4.8763     2.5551     5.1348     79.338 8.3506e+01    35.9176    27.3900  0.000e+00
      4.085   5.687503  1023.3014 1.5751e-01     4.8116     2.5551     5.1406     79.427 8.3038e+01    35.9178    27.3897  0.000e+00
      3.994   5.687356  1023.2999 1.5751e-01     4.5528     2.5857     5.1505     79.580 8.1420e+01    35.9165    27.3900  0.000e+00
      4.085   5.687400  1023.3008 1.5629e-01     4.8116     2.5551     5.1531     79.620 8.0963e+01    35.9171    27.3897  0.000e+00
      4.052   5.687474  1023.3010 1.5629e-01     4.9410     2.5857     5.1636     79.783 8.0736e+01    35.9175    27.3899  0.000e+00
      4.085   5.687592  1023.3020 1.5629e-01     8.6944     2.5551     5.1627     79.769 7.9609e+01    35.9186    27.3896  0.000e+00
      4.052   5.687732  1023.3030 1.5629e-01    15.6834     2.5551     5.1696     79.875 7.9385e+01    35.9199    27.3891  0.000e+00
      4.027   5.687842  1023.3042 1.5507e-01    17.7542     2.5551     5.1765     79.982 7.9833e+01    35.9213    27.3884  0.000e+00
      4.118   5.687865  1023.3048 1.5507e-01    17.6895     2.5551     5.1840     80.097 7.9162e+01    35.9215    27.3883  0.000e+00
      4.027   5.687894  1023.3046 1.5629e-01    17.3012     2.5551     5.1876     80.153 7.8718e+01    35.9218    27.3882  0.000e+00
      4.118   5.687806  1023.3040 1.5629e-01    17.3012     2.5551     5.1951     80.269 7.8718e+01    35.9206    27.3888  0.000e+00
      4.027   5.687732  1023.3032 1.5629e-01    17.3012     2.5551     5.2027     80.387 7.8277e+01    35.9202    27.3888  0.000e+00
      4.052   5.687695  1023.3039 1.5751e-01    17.4307     2.5551     5.2026     80.384 7.8277e+01    35.9206    27.3879  0.000e+00
      4.085   5.687680  1023.3034 1.5629e-01    17.3659     2.5551     5.2099     80.497 7.8057e+01    35.9199    27.3886  0.000e+00
      4.085   5.687673  1023.3032 1.5751e-01    17.3659     2.5246     5.2134     80.551 7.8057e+01    35.9197    27.3888  0.000e+00
      4.052   5.687673  1023.3028 1.5873e-01    17.3659     2.5551     5.2167     80.602 7.8057e+01    35.9196    27.3890  0.000e+00
      4.027   5.687584  1023.3020 1.5873e-01    17.3012     2.5551     5.2237     80.712 7.8277e+01    35.9187    27.3893  0.000e+00
      4.052   5.687370  1023.2994 1.5873e-01    16.5894     2.5551     5.2270     80.763 7.8497e+01    35.9159    27.3910  0.000e+00
      4.085   5.687127  1023.2968 1.5873e-01    11.1535     2.5551     5.2298     80.807 7.8718e+01    35.9129    27.3926  0.000e+00
      3.994   5.686965  1023.2940 1.5873e-01     8.5003     2.5551     5.2322     80.846 7.8057e+01    35.9105    27.3943  0.000e+00
      4.027   5.686824  1023.2934 1.5873e-01     8.2414     2.5551     5.2386     80.944 7.8718e+01    35.9094    27.3943  0.000e+00
      4.052   5.686662  1023.2920 1.5873e-01     8.5003     2.5551     5.2408     80.979 7.8940e+01    35.9078    27.3950  0.000e+00
      4.027   5.686574  1023.2905 1.5873e-01     8.5003     2.5551     5.2427     81.009 7.9162e+01    35.9064    27.3960  0.000e+00
      3.994   5.686559  1023.2901 1.5873e-01     8.5650     2.5551     5.2444     81.034 8.0057e+01    35.9061    27.3963  0.000e+00
      4.027   5.686588  1023.2907 1.5629e-01     8.5650     2.5551     5.2458     81.056 8.0509e+01    35.9065    27.3959  0.000e+00
      4.052   5.686611  1023.2912 1.5385e-01     8.5650     2.5551     5.2469     81.072 8.0736e+01    35.9069    27.3956  0.000e+00
      3.961   5.686640  1023.2909 1.5263e-01     8.6297     2.5551     5.2436     81.021 8.1420e+01    35.9071    27.3957  0.000e+00
      3.937   5.686618  1023.2906 1.5263e-01     8.5650     2.5551     5.2478     81.086 8.2572e+01    35.9069    27.3958  0.000e+00
      4.027   5.686537  1023.2897 1.5385e-01     8.5650     2.5551     5.2479     81.088 8.2805e+01    35.9056    27.3966  0.000e+00
      3.937   5.686485  1023.2891 1.5629e-01     8.5650     2.5551     5.2476     81.084 8.3272e+01    35.9053    27.3966  0.000e+00
      3.961   5.686397  1023.2886 1.5507e-01     4.2939     2.5551     5.2472     81.078 8.4451e+01    35.9046    27.3967  0.000e+00
      3.994   5.686470  1023.2894 1.5507e-01     0.4111     2.5857     5.2467     81.070 8.5166e+01    35.9053    27.3964  0.000e+00
      3.961   5.686478  1023.2896 1.5263e-01    -0.4301     2.5857     5.2462     81.062 8.5647e+01    35.9056    27.3961  0.000e+00
      3.904   5.686507  1023.2892 1.5263e-01    -0.2360     2.5857     5.2414     80.988 8.7104e+01    35.9055    27.3965  0.000e+00
      3.937   5.686375  1023.2875 1.5140e-01    -0.1066     2.5857     5.2402     80.970 8.7595e+01    35.9036    27.3977  0.000e+00
      3.961   5.686323  1023.2861 1.5263e-01    -0.1066     2.5857     5.2388     80.951 8.8089e+01    35.9022    27.3991  0.000e+00
      3.937   5.686323  1023.2861 1.5140e-01    -0.1066     2.5857     5.2414     80.990 9.0347e+01    35.9023    27.3990  0.000e+00
      3.904   5.686190  1023.2836 1.5018e-01    -0.1066     2.5857     5.2401     80.972 9.1369e+01    35.9000    27.4008  0.000e+00
      3.937   5.685829  1023.2802 1.4896e-01    -0.1066     2.5857     5.2389     80.953 9.1626e+01    35.8960    27.4026  0.000e+00
      3.846   5.685342  1023.2730 1.4774e-01    -0.1066     2.5857     5.2372     80.930 9.3447e+01    35.8890    27.4072  0.000e+00
      3.937   5.684899  1023.2699 1.4896e-01    -0.1066     2.6467     5.2357     80.907 9.4239e+01    35.8848    27.4085  0.000e+00
      3.904   5.684693  1023.2692 1.5018e-01    -0.1066     2.6772     5.2343     80.884 9.4770e+01    35.8839    27.4079  0.000e+00
      3.871   5.684752  1023.2713 1.5263e-01     0.0876     2.6772     5.2328     80.859 9.6383e+01    35.8859    27.4058  0.000e+00
      3.846   5.684966  1023.2738 1.5263e-01     0.6053     2.6772     5.2311     80.832 9.7473e+01    35.8887    27.4041  0.000e+00
      3.813   5.685128  1023.2751 1.5140e-01     0.7347     2.6772     5.2297     80.810 9.7747e+01    35.8904    27.4035  0.000e+00
      3.904   5.685135  1023.2750 1.5018e-01     0.7347     2.6772     5.2322     80.848 9.9410e+01    35.8899    27.4041  0.000e+00
      3.813   5.685054  1023.2737 1.4896e-01     0.6700     2.6772     5.2306     80.825 1.0082e+02    35.8889    27.4047  0.000e+00
      3.846   5.684781  1023.2709 1.4896e-01     0.7347     2.6772     5.2252     80.743 1.0110e+02    35.8858    27.4063  0.000e+00
      3.871   5.684324  1023.2658 1.5018e-01     0.6700     2.6772     5.2275     80.779 1.0282e+02    35.8802    27.4093  0.000e+00
      3.846   5.683351  1023.2599 1.5018e-01     0.6700     2.6772     5.2263     80.758 1.0428e+02    35.8727    27.4100  0.000e+00
      3.780   5.681994  1023.2482 1.5140e-01     0.6700     2.6467     5.2250     80.738 1.0457e+02    35.8596    27.4145  0.000e+00
      3.871   5.681073  1023.2417 1.5018e-01     0.6700     2.6772     5.2242     80.724 1.0575e+02    35.8513    27.4167  0.000e+00
      3.780   5.680505  1023.2346 1.5018e-01     0.6700     2.6467     5.2230     80.708 1.0755e+02    35.8442    27.4207  0.000e+00
      3.813   5.680173  1023.2251 1.4896e-01     0.6700     2.6772     5.2218     80.698 1.0816e+02    35.8351    27.4295  0.000e+00
      3.846   5.680232  1023.2212 1.4774e-01     1.1230     2.6772     5.2206     80.684 1.0877e+02    35.8318    27.4344  0.000e+00
      3.813   5.680313  1023.2242 1.4896e-01     8.1120     2.6467     5.2200     80.671 1.1062e+02    35.8347    27.4314  0.000e+00
      3.846   5.680328  1023.2288 1.4774e-01    12.1242     2.6467     5.2197     80.662 1.1093e+02    35.8386    27.4264  0.000e+00
      3.813   5.679908  1023.2291 1.4896e-01    12.7066     2.6467     5.2194     80.654 1.1124e+02    35.8379    27.4235  0.000e+00
      3.780   5.679038  1023.2241 1.5018e-01    12.4478     2.6467     5.2231     80.707 1.1314e+02    35.8315    27.4237  0.000e+00
      3.813   5.678264  1023.2124 1.5140e-01    12.1889     2.6467     5.2185     80.644 1.1377e+02    35.8194    27.4323  0.000e+00
      3.846   5.677859  1023.2057 1.5140e-01    12.2536     2.6467     5.2221     80.703 1.1377e+02    35.8126    27.4374  0.000e+00
      3.813   5.677903  1023.2103 1.5140e-01    12.2536     2.6467     5.2222     80.699 1.1539e+02    35.8167    27.4325  0.000e+00
      3.846   5.678412  1023.2192 1.4896e-01    12.2536     2.6467     5.2225     80.698 1.1604e+02    35.8255    27.4257  0.000e+00
      3.813   5.679576  1023.2298 1.4774e-01    12.2536     2.6467     5.2224     80.697 1.1636e+02    35.8376    27.4207  0.000e+00
      3.846   5.681058  1023.2388 1.4896e-01    12.2536     2.6467     5.2221     80.695 1.1669e+02    35.8490    27.4197  0.000e+00
      3.813   5.682385  1023.2481 1.4896e-01    12.2536     2.7078     5.2220     80.696 1.1669e+02    35.8604    27.4171  0.000e+00
      3.846   5.683432  1023.2579 1.5018e-01    12.2536     2.9214     5.2261     80.758 1.1669e+02    35.8712    27.4127  0.000e+00
      3.846   5.684302  1023.2656 1.5018e-01     9.6651     3.0130     5.2263     80.761 1.1636e+02    35.8801    27.4093  0.000e+00
      3.871   5.685069  1023.2730 1.4896e-01     6.4294     3.0435     5.2266     80.764 1.1571e+02    35.8882    27.4058  0.000e+00
      3.846   5.685563  1023.2776 1.4896e-01     5.5882     3.0130     5.2269     80.769 1.1539e+02    35.8935    27.4035  0.000e+00
      3.871   5.685843  1023.2808 1.4896e-01     5.8470     3.0130     5.2273     80.774 1.1377e+02    35.8968    27.4017  0.000e+00
      3.846   5.686079  1023.2829 1.4896e-01     5.7823     3.0130     5.2276     80.778 1.1346e+02    35.8993    27.4007  0.000e+00
      3.937   5.686146  1023.2840 1.4896e-01     5.8470     3.0130     5.2279     80.783 1.1314e+02    35.9001    27.4002  0.000e+00
      3.904   5.686109  1023.2830 1.4896e-01     5.9117     3.0130     5.2321     80.848 1.1156e+02    35.8992    27.4010  0.000e+00
      3.871   5.686227  1023.2839 1.5140e-01     5.8470     3.0130     5.2365     80.915 1.1062e+02    35.9004    27.4006  0.000e+00
      3.961   5.686529  1023.2875 1.5385e-01     5.8470     3.0435     5.2329     80.860 1.1062e+02    35.9039    27.3988  0.000e+00
      3.937   5.686817  1023.2905 1.5385e-01     5.8470     3.0130     5.2333     80.864 1.0908e+02    35.9074    27.3970  0.000e+00
      3.904   5.686950  1023.2920 1.5140e-01     5.8470     3.0130     5.2336     80.869 1.0725e+02    35.9091    27.3960  0.000e+00
      3.937   5.687075  1023.2941 1.5018e-01     5.8470     3.0130     5.2379     80.934 1.0695e+02    35.9110    27.3946  0.000e+00
      3.961   5.687193  1023.2960 1.5263e-01     5.5235     3.0130     5.2344     80.879 1.0575e+02    35.9129    27.3933  0.000e+00
      3.937   5.687422  1023.2979 1.5385e-01     4.4880     3.0130     5.2386     80.943 1.0311e+02    35.9151    27.3925  0.000e+00
