WS23139_STN04_03CTD.cnv
* Sea-Bird SBE 9 Data File:
* FileName = C:\ctd\Cruise_Data\WS23139_Rosenheim\WS23139_Rosenheim_STN04.hex
* Software Version Seasave V 7.26.7.121
* Temperature SN = 4097 MTG 177
* Conductivity SN = 1851 MTG 053
* Number of Bytes Per Scan = 40
* Number of Voltage Words = 5
* Number of Scans Averaged by the Deck Unit = 1
* NMEA Latitude = 01 43.89 N
* NMEA Longitude = 049 23.02 W
* NMEA UTC (Time) = Jun 08 2023  09:59:18
* NMEA baud rate = 4800
** Ship:
** Station:
** Operator:
# nquan = 12
# nvalues = 7849                                  
# units = specified
# name 0 = depSM: Depth [salt water, m]
# name 1 = c0S/m: Conductivity [S/m]
# name 2 = density00: Density [density, kg/m^3]
# name 3 = flSP: Fluorescence, Seapoint
# name 4 = wetCDOM: Fluorescence, WET Labs CDOM [mg/m^3]
# name 5 = flECO-AFL: Fluorescence, WET Labs ECO-AFL/FL [mg/m^3]
# name 6 = sbeox0Mg/L: Oxygen, SBE 43 [mg/l]
# name 7 = sbeox0PS: Oxygen, SBE 43 [% saturation]
# name 8 = par: PAR/Irradiance, Biospherical/Licor [Watts/m^2]
# name 9 = sal00: Salinity, Practical [PSU]
# name 10 = t090C: Temperature [ITS-90, deg C]
# name 11 = flag:  0.000e+00
# span 0 =      0.687,      6.249                 
# span 1 =   0.063064,   0.074947                 
# span 2 =   996.0925,   996.1455                 
# span 3 = 6.7155e-02, 9.7680e-02                 
# span 4 =    20.6016,    29.4026                 
# span 5 =     1.7310,     2.1583                 
# span 6 =     4.1006,     6.3858                 
# span 7 =     53.678,     83.489                 
# span 8 = 9.8755e-02, 1.3583e+03                 
# span 9 =     0.2816,     0.3357                 
# span 10 =    29.2228,    29.2986                
# span 11 = 0.0000e+00, 0.0000e+00                
# interval = seconds: 0.0416667
# start_time = Jun 08 2023 09:59:18 [NMEA time, header]
# bad_flag = -9.990e-29
*END*
[from data line 482]
      1.152   0.063735   996.0983 9.6459e-02    27.6553     1.7920     5.7535     75.223 1.2841e+03     0.2847    29.2291  0.000e+00
      1.062   0.063729   996.0978 9.5238e-02    27.6553     1.7920     5.7576     75.276 1.2841e+03     0.2847    29.2291  0.000e+00
      1.152   0.063729   996.0982 9.5238e-02    27.6553     1.7920     5.7568     75.266 1.2841e+03     0.2847    29.2291  0.000e+00
      1.062   0.063720   996.0979 9.6459e-02    27.6553     1.7920     5.7603     75.311 1.2913e+03     0.2846    29.2289  0.000e+00
      1.029   0.063732   996.0978 9.5238e-02    27.6553     1.7920     5.7588     75.291 1.2913e+03     0.2847    29.2287  0.000e+00
      1.095   0.063738   996.0981 9.6459e-02    27.6553     1.7920     5.7615     75.328 1.2949e+03     0.2847    29.2289  0.000e+00
      1.004   0.063723   996.0977 9.6459e-02    27.6553     1.7920     5.7644     75.365 1.2913e+03     0.2847    29.2287  0.000e+00
      0.971   0.063720   996.0974 9.6459e-02    27.7200     1.7920     5.7621     75.335 1.2949e+03     0.2846    29.2291  0.000e+00
      1.004   0.063703   996.0975 9.5238e-02    27.9142     1.7920     5.7641     75.361 1.2949e+03     0.2846    29.2289  0.000e+00
      0.971   0.063703   996.0974 9.5238e-02    27.9789     1.7920     5.7657     75.382 1.2986e+03     0.2846    29.2289  0.000e+00
      0.905   0.063700   996.0972 9.4017e-02    27.9789     1.7920     5.7672     75.401 1.2986e+03     0.2846    29.2285  0.000e+00
      0.938   0.063688   996.0972 9.5238e-02    27.9789     1.7920     5.7636     75.355 1.2949e+03     0.2845    29.2289  0.000e+00
      0.905   0.063667   996.0970 9.5238e-02    27.9789     1.7920     5.7598     75.304 1.2877e+03     0.2844    29.2287  0.000e+00
      0.938   0.063656   996.0971 9.4017e-02    27.9789     1.7920     5.7603     75.311 1.2877e+03     0.2843    29.2289  0.000e+00
      0.905   0.063626   996.0969 9.4017e-02    27.9789     1.7920     5.7558     75.252 1.2841e+03     0.2842    29.2289  0.000e+00
      0.905   0.063618   996.0968 9.4017e-02    27.9789     1.7920     5.7555     75.249 1.2769e+03     0.2842    29.2289  0.000e+00
      0.880   0.063606   996.0967 9.2796e-02    27.9789     1.7920     5.7552     75.244 1.2733e+03     0.2841    29.2287  0.000e+00
      0.905   0.063609   996.0968 9.2796e-02    27.9789     1.7615     5.7547     75.238 1.2769e+03     0.2841    29.2289  0.000e+00
      0.880   0.063615   996.0968 9.4017e-02    27.9789     1.7615     5.7494     75.168 1.2697e+03     0.2842    29.2287  0.000e+00
      0.905   0.063600   996.0968 9.2796e-02    28.0436     1.7615     5.7439     75.096 1.2626e+03     0.2841    29.2287  0.000e+00
      0.814   0.063585   996.0964 9.4017e-02    27.9789     1.7615     5.7429     75.083 1.2661e+03     0.2840    29.2286  0.000e+00
      0.905   0.063580   996.0968 9.4017e-02    27.9142     1.7615     5.7416     75.066 1.2555e+03     0.2840    29.2286  0.000e+00
      0.847   0.063580   996.0965 9.4017e-02    27.9142     1.7615     5.7400     75.046 1.2555e+03     0.2840    29.2287  0.000e+00
      0.880   0.063603   996.0968 9.4017e-02    27.9142     1.7615     5.7386     75.027 1.2520e+03     0.2841    29.2284  0.000e+00
      0.847   0.063588   996.0966 9.4017e-02    27.9142     1.7615     5.7374     75.011 1.2520e+03     0.2840    29.2286  0.000e+00
      0.814   0.063585   996.0963 9.4017e-02    27.9142     1.7615     5.7360     74.993 1.2485e+03     0.2840    29.2287  0.000e+00
      0.905   0.063582   996.0967 9.4017e-02    27.9142     1.7615     5.7255     74.857 1.2520e+03     0.2840    29.2289  0.000e+00
      0.847   0.063565   996.0963 9.5238e-02    27.9142     1.7615     5.7240     74.837 1.2520e+03     0.2839    29.2291  0.000e+00
      0.814   0.063533   996.0960 9.5238e-02    27.9142     1.7615     5.7226     74.819 1.2555e+03     0.2838    29.2293  0.000e+00
      0.905   0.063483   996.0962 9.5238e-02    27.9789     1.7615     5.7213     74.802 1.2555e+03     0.2836    29.2293  0.000e+00
      0.880   0.063442   996.0959 9.5238e-02    27.9142     1.7615     5.7201     74.786 1.2555e+03     0.2834    29.2296  0.000e+00
      0.905   0.063386   996.0957 9.5238e-02    27.9142     1.7615     5.7147     74.715 1.2555e+03     0.2831    29.2298  0.000e+00
      0.971   0.063336   996.0957 9.5238e-02    28.0436     1.7615     5.7091     74.644 1.2520e+03     0.2829    29.2302  0.000e+00
      0.938   0.063278   996.0953 9.6459e-02    28.1730     1.7615     5.7129     74.692 1.2590e+03     0.2826    29.2304  0.000e+00
      1.029   0.063240   996.0955 9.5238e-02    28.2377     1.7615     5.7123     74.685 1.2661e+03     0.2824    29.2307  0.000e+00
      1.004   0.063196   996.0953 9.5238e-02    28.3025     1.7615     5.7117     74.678 1.2661e+03     0.2822    29.2306  0.000e+00
      1.095   0.063166   996.0956 9.5238e-02    28.2377     1.7615     5.7114     74.673 1.2661e+03     0.2821    29.2306  0.000e+00
      1.062   0.063134   996.0953 9.5238e-02    28.2377     1.7615     5.7113     74.671 1.2841e+03     0.2820    29.2307  0.000e+00
      1.094   0.063114   996.0954 9.4017e-02    28.3025     1.7615     5.7113     74.672 1.2913e+03     0.2819    29.2308  0.000e+00
      1.094   0.063099   996.0953 9.4017e-02    28.2377     1.7615     5.7067     74.612 1.2949e+03     0.2818    29.2310  0.000e+00
      1.185   0.063087   996.0956 9.5238e-02    28.2377     1.7615     5.7068     74.613 1.3170e+03     0.2817    29.2311  0.000e+00
      1.152   0.063087   996.0954 9.5238e-02    28.3025     1.7615     5.7069     74.615 1.3319e+03     0.2817    29.2313  0.000e+00
      1.185   0.063070   996.0954 9.5238e-02    28.2377     1.7615     5.7118     74.680 1.3319e+03     0.2817    29.2315  0.000e+00
      1.210   0.063076   996.0955 9.5238e-02    28.2377     1.7920     5.7124     74.687 1.3319e+03     0.2817    29.2317  0.000e+00
      1.276   0.063064   996.0957 9.4017e-02    28.2377     1.7920     5.7225     74.820 1.3356e+03     0.2816    29.2317  0.000e+00
      1.185   0.063079   996.0953 9.4017e-02    28.1083     1.7920     5.7189     74.773 1.3356e+03     0.2817    29.2318  0.000e+00
      1.276   0.063096   996.0958 9.4017e-02    28.0436     1.7920     5.7293     74.908 1.3319e+03     0.2818    29.2319  0.000e+00
      1.309   0.063134   996.0961 9.4017e-02    28.0436     1.7920     5.7403     75.052 1.3319e+03     0.2820    29.2317  0.000e+00
      1.276   0.063202   996.0961 9.5238e-02    28.0436     1.7920     5.7468     75.138 1.3319e+03     0.2823    29.2320  0.000e+00
      1.309   0.063257   996.0964 9.5238e-02    28.0436     1.7920     5.7583     75.289 1.3281e+03     0.2825    29.2321  0.000e+00
      1.334   0.063316   996.0969 9.5238e-02    28.0436     1.7920     5.7797     75.568 1.3281e+03     0.2828    29.2317  0.000e+00
      1.400   0.063369   996.0972 9.6459e-02    28.0436     1.7920     5.7923     75.734 1.3244e+03     0.2830    29.2321  0.000e+00
      1.367   0.063415   996.0973 9.6459e-02    28.0436     1.7920     5.8054     75.904 1.3059e+03     0.2832    29.2318  0.000e+00
      1.334   0.063410   996.0971 9.6459e-02    28.0436     1.7920     5.8232     76.137 1.2877e+03     0.2832    29.2321  0.000e+00
      1.367   0.063424   996.0974 9.6459e-02    28.1083     1.7920     5.8417     76.378 1.2769e+03     0.2833    29.2317  0.000e+00
      1.400   0.063465   996.0977 9.5238e-02    28.0436     1.7920     5.8653     76.688 1.2769e+03     0.2835    29.2317  0.000e+00
      1.367   0.063503   996.0977 9.5238e-02    28.0436     1.7920     5.8895     77.003 1.2841e+03     0.2836    29.2315  0.000e+00
      1.400   0.063524   996.0979 9.5238e-02    27.9142     1.7920     5.9096     77.266 1.2841e+03     0.2837    29.2315  0.000e+00
      1.400   0.063530   996.0980 9.5238e-02    27.8495     1.7920     5.9349     77.596 1.2805e+03     0.2838    29.2313  0.000e+00
      1.367   0.063524   996.0978 9.5238e-02    27.8495     1.7920     5.9560     77.873 1.2841e+03     0.2837    29.2313  0.000e+00
      1.400   0.063539   996.0981 9.5238e-02    27.8495     1.7920     5.9773     78.151 1.2805e+03     0.2838    29.2311  0.000e+00
      1.424   0.063544   996.0983 9.5238e-02    27.8495     1.7920     6.0034     78.493 1.2769e+03     0.2838    29.2310  0.000e+00
      1.334   0.063562   996.0980 9.6459e-02    27.8495     1.7920     6.0300     78.839 1.2769e+03     0.2839    29.2306  0.000e+00
      1.334   0.063559   996.0980 9.5238e-02    27.8495     1.7920     6.0521     79.129 1.2733e+03     0.2839    29.2307  0.000e+00
      1.367   0.063553   996.0982 9.5238e-02    27.8495     1.7920     6.0698     79.359 1.2697e+03     0.2839    29.2304  0.000e+00
      1.334   0.063556   996.0981 9.5238e-02    27.8495     1.7920     6.0968     79.712 1.2697e+03     0.2839    29.2304  0.000e+00
      1.367   0.063553   996.0982 9.5238e-02    27.8495     1.7920     6.1148     79.948 1.2697e+03     0.2839    29.2304  0.000e+00
      1.276   0.063568   996.0979 9.5238e-02    27.8495     1.7920     6.1324     80.178 1.2626e+03     0.2839    29.2302  0.000e+00
      1.309   0.063574   996.0981 9.5238e-02    27.8495     1.7920     6.1498     80.405 1.2626e+03     0.2840    29.2300  0.000e+00
      1.210   0.063562   996.0977 9.5238e-02    27.8495     1.7920     6.1716     80.690 1.2626e+03     0.2839    29.2300  0.000e+00
      1.276   0.063580   996.0981 9.5238e-02    27.8495     1.7920     6.1842     80.855 1.2590e+03     0.2840    29.2298  0.000e+00
      1.243   0.063582   996.0980 9.4017e-02    27.8495     1.7920     6.2011     81.075 1.2626e+03     0.2840    29.2296  0.000e+00
      1.152   0.063582   996.0976 9.4017e-02    27.8495     1.7920     6.2177     81.293 1.2590e+03     0.2840    29.2295  0.000e+00
      1.243   0.063582   996.0980 9.5238e-02    27.8495     1.7920     6.2296     81.448 1.2590e+03     0.2840    29.2297  0.000e+00
      1.210   0.063591   996.0980 9.5238e-02    27.8495     1.7920     6.2409     81.596 1.2626e+03     0.2841    29.2293  0.000e+00
      1.094   0.063588   996.0975 9.5238e-02    27.8495     1.7920     6.2560     81.792 1.2661e+03     0.2840    29.2292  0.000e+00
      1.243   0.063582   996.0981 9.4017e-02    27.8495     1.7920     6.2710     81.988 1.2661e+03     0.2840    29.2291  0.000e+00
      1.152   0.063585   996.0978 9.5238e-02    27.9142     1.7920     6.2855     82.178 1.2733e+03     0.2840    29.2291  0.000e+00
      1.119   0.063577   996.0976 9.5238e-02    27.8495     1.7920     6.2998     82.365 1.2877e+03     0.2840    29.2291  0.000e+00
      1.210   0.063568   996.0980 9.4017e-02    27.8495     1.7920     6.3091     82.487 1.2949e+03     0.2839    29.2291  0.000e+00
      1.062   0.063577   996.0973 9.4017e-02    27.9142     1.7920     6.3222     82.658 1.2913e+03     0.2840    29.2293  0.000e+00
      1.152   0.063553   996.0976 9.4017e-02    27.8495     1.7920     6.3302     82.763 1.2986e+03     0.2839    29.2291  0.000e+00
      1.094   0.063544   996.0974 9.4017e-02    27.9789     1.7920     6.3425     82.923 1.2986e+03     0.2838    29.2291  0.000e+00
      1.119   0.063527   996.0974 9.2796e-02    28.0436     1.7920     6.3544     83.078 1.2913e+03     0.2838    29.2291  0.000e+00
      1.094   0.063506   996.0973 9.2796e-02    28.0436     1.7920     6.3612     83.167 1.2733e+03     0.2837    29.2289  0.000e+00
      1.119   0.063471   996.0972 9.2796e-02    28.0436     1.7920     6.3673     83.248 1.2661e+03     0.2835    29.2293  0.000e+00
      1.029   0.063445   996.0967 9.2796e-02    28.0436     1.7920     6.3728     83.319 1.2661e+03     0.2834    29.2291  0.000e+00
      1.029   0.063424   996.0966 9.2796e-02    28.0436     1.7920     6.3730     83.322 1.2555e+03     0.2833    29.2293  0.000e+00
      1.119   0.063407   996.0970 9.2796e-02    28.0436     1.7920     6.3816     83.434 1.2590e+03     0.2832    29.2291  0.000e+00
      1.094   0.063392   996.0968 9.2796e-02    28.0436     1.7920     6.3802     83.416 1.2590e+03     0.2831    29.2293  0.000e+00
      1.004   0.063377   996.0964 9.4017e-02    28.0436     1.7920     6.3780     83.386 1.2520e+03     0.2831    29.2289  0.000e+00
      1.029   0.063363   996.0964 9.4017e-02    28.0436     1.7920     6.3844     83.471 1.2520e+03     0.2830    29.2291  0.000e+00
      1.062   0.063354   996.0966 9.4017e-02    28.0436     1.7920     6.3858     83.489 1.2485e+03     0.2830    29.2289  0.000e+00
      1.029   0.063354   996.0965 9.4017e-02    27.9789     1.7920     6.3729     83.319 1.2276e+03     0.2830    29.2287  0.000e+00
      1.029   0.063363   996.0965 9.4017e-02    28.0436     1.7920     6.3677     83.252 1.2173e+03     0.2830    29.2289  0.000e+00
      1.004   0.063357   996.0964 9.5238e-02    28.1083     1.7920     6.3621     83.179 1.2173e+03     0.2830    29.2289  0.000e+00
      1.029   0.063345   996.0965 9.5238e-02    28.1083     1.7920     6.3562     83.102 1.2139e+03     0.2829    29.2287  0.000e+00
      1.004   0.063351   996.0964 9.6459e-02    28.1730     1.7920     6.3543     83.077 1.2139e+03     0.2830    29.2287  0.000e+00
      1.029   0.063345   996.0965 9.5238e-02    28.1083     1.7920     6.3382     82.866 1.2139e+03     0.2829    29.2287  0.000e+00
      0.971   0.063339   996.0963 9.5238e-02    28.1083     1.7920     6.3358     82.835 1.2173e+03     0.2829    29.2286  0.000e+00
      1.004   0.063354   996.0965 9.5238e-02    28.1083     1.7920     6.3193     82.618 1.2173e+03     0.2830    29.2284  0.000e+00
      1.029   0.063354   996.0966 9.5238e-02    27.9142     1.7920     6.3067     82.454 1.2241e+03     0.2830    29.2284  0.000e+00
      1.004   0.063369   996.0965 9.4017e-02    28.1083     1.7920     6.2938     82.285 1.2241e+03     0.2830    29.2285  0.000e+00
      1.029   0.063383   996.0967 9.4017e-02    28.1083     1.7920     6.2808     82.115 1.2276e+03     0.2831    29.2284  0.000e+00
      1.004   0.063398   996.0966 9.5238e-02    28.0436     1.7920     6.2677     81.944 1.2310e+03     0.2832    29.2286  0.000e+00
      1.029   0.063404   996.0967 9.4017e-02    28.1083     1.7920     6.2548     81.775 1.2380e+03     0.2832    29.2286  0.000e+00
      1.029   0.063395   996.0966 9.5238e-02    28.1083     1.7920     6.2370     81.543 1.2520e+03     0.2832    29.2289  0.000e+00
      1.061   0.063389   996.0968 9.5238e-02    28.0436     1.7920     6.2193     81.312 1.2520e+03     0.2831    29.2287  0.000e+00
      1.029   0.063383   996.0966 9.4017e-02    28.0436     1.7920     6.2060     81.138 1.2590e+03     0.2831    29.2287  0.000e+00
      1.061   0.063386   996.0967 9.4017e-02    28.0436     1.7920     6.1834     80.842 1.2697e+03     0.2831    29.2289  0.000e+00
      1.094   0.063383   996.0968 9.4017e-02    28.0436     1.7920     6.1701     80.668 1.2733e+03     0.2831    29.2291  0.000e+00
      1.094   0.063374   996.0968 9.5238e-02    28.0436     1.7920     6.1524     80.437 1.2769e+03     0.2831    29.2291  0.000e+00
      1.061   0.063357   996.0965 9.5238e-02    27.9789     1.7920     6.1300     80.145 1.2841e+03     0.2830    29.2293  0.000e+00
      1.152   0.063354   996.0970 9.5238e-02    28.0436     1.7920     6.1073     79.848 1.2841e+03     0.2830    29.2291  0.000e+00
      1.061   0.063354   996.0965 9.5238e-02    28.0436     1.7920     6.0892     79.612 1.2841e+03     0.2830    29.2293  0.000e+00
      1.152   0.063363   996.0969 9.5238e-02    28.0436     1.7920     6.0712     79.376 1.2805e+03     0.2830    29.2293  0.000e+00
      1.119   0.063360   996.0968 9.5238e-02    28.0436     1.7920     6.0531     79.139 1.2769e+03     0.2830    29.2291  0.000e+00
      1.094   0.063380   996.0967 9.5238e-02    28.0436     1.7920     6.0302     78.840 1.2733e+03     0.2831    29.2294  0.000e+00
      1.152   0.063386   996.0970 9.5238e-02    28.0436     1.7920     6.0121     78.603 1.2626e+03     0.2831    29.2293  0.000e+00
