WS23139_STN16_15CTD.cnv
* Sea-Bird SBE 9 Data File:
* FileName = C:\ctd\Cruise_Data\WS23139_Rosenheim\WS23139_Rosenheim_STN16_2.hex
* Software Version Seasave V 7.26.7.121
* Temperature SN = 4097 MTG 177
* Conductivity SN = 1851 MTG 053
* Number of Bytes Per Scan = 40
* Number of Voltage Words = 5
* Number of Scans Averaged by the Deck Unit = 1
* NMEA Latitude = 05 44.87 N
* NMEA Longitude = 053 19.26 W
* NMEA UTC (Time) = Jun 15 2023 20:42:50
** Ship:
** Station:
** Operator:
# nquan = 12
# nvalues = 9495                                  
# units = specified
# name 0 = depSM: Depth [salt water, m]
# name 1 = c0S/m: Conductivity [S/m]
# name 2 = density00: Density [density, kg/m^3]
# name 3 = flSP: Fluorescence, Seapoint
# name 4 = wetCDOM: Fluorescence, WET Labs CDOM [mg/m^3]
# name 5 = flECO-AFL: Fluorescence, WET Labs ECO-AFL/FL [mg/m^3]
# name 6 = sbeox0Mg/L: Oxygen, SBE 43 [mg/l]
# name 7 = sbeox0PS: Oxygen, SBE 43 [% saturation]
# name 8 = par: PAR/Irradiance, Biospherical/Licor [Watts/m^2]
# name 9 = sal00: Salinity, Practical [PSU]
# name 10 = t090C: Temperature [ITS-90, deg C]
# name 11 = flag:  0.000e+00
# span 0 =      1.511,     17.640                 
# span 1 =   2.066312,   5.697261                 
# span 2 =  1004.9330,  1023.6097                 
# span 3 = 7.8144e-02, 1.8193e-01                 
# span 4 =    -0.6890,   264.3110                 
# span 5 =     0.4794,     2.7383                 
# span 6 =     3.9707,     6.4980                 
# span 7 =     61.600,    100.966                 
# span 8 = 9.9065e-02, 5.3411e+02                 
# span 9 =    11.6012,    36.1547                 
# span 10 =    27.1671,    27.9200                
# span 11 = 0.0000e+00, 0.0000e+00                
# interval = seconds: 0.0416667
# start_time = Jun 15 2023 20:42:50 [NMEA time, header]
# bad_flag = -9.990e-29
*END*
[from data line 6737]
     16.292   5.697076  1023.6005 1.1355e-01    19.8898     0.6015     5.3473     82.433 9.9375e-02    36.1514    27.1712  0.000e+00
     16.251   5.697091  1023.6008 1.1477e-01    19.8250     0.6015     5.3474     82.434 9.9375e-02    36.1518    27.1708  0.000e+00
     16.251   5.697054  1023.6003 1.1477e-01    19.6956     0.6015     5.3475     82.436 9.9065e-02    36.1513    27.1711  0.000e+00
     16.292   5.697009  1023.6004 1.1477e-01    19.8250     0.6015     5.3437     82.376 9.9065e-02    36.1511    27.1710  0.000e+00
     16.251   5.697061  1023.6006 1.1477e-01    19.7603     0.6015     5.3476     82.437 9.9065e-02    36.1516    27.1708  0.000e+00
     16.251   5.697091  1023.6007 1.1477e-01    20.6663     0.6015     5.3477     82.439 9.9375e-02    36.1518    27.1709  0.000e+00
     16.251   5.697091  1023.6008 1.1722e-01   156.1108     0.5100     5.3481     82.444 9.9065e-02    36.1518    27.1708  0.000e+00
     16.234   5.697024  1023.6003 9.2796e-02   253.8275     0.6321     5.3485     82.450 9.9375e-02    36.1513    27.1709  0.000e+00
     16.251   5.697024  1023.6003 9.2796e-02   264.3110     0.6626     5.3487     82.453 9.9065e-02    36.1512    27.1710  0.000e+00
     16.193   5.697076  1023.6002 9.2796e-02   264.3110     0.6626     5.3488     82.456 9.9375e-02    36.1515    27.1711  0.000e+00
     16.234   5.697054  1023.6004 9.2796e-02   262.3049     0.6321     5.3491     82.459 9.9375e-02    36.1514    27.1710  0.000e+00
     16.251   5.697039  1023.6004 9.1575e-02   259.3928     0.6321     5.3535     82.528 9.9065e-02    36.1513    27.1710  0.000e+00
     16.193   5.697039  1023.6002 9.1575e-02   259.5222     0.6321     5.3541     82.537 9.9065e-02    36.1514    27.1709  0.000e+00
     16.176   5.697039  1023.6002 9.2796e-02   259.8458     0.6321     5.3507     82.485 9.9065e-02    36.1515    27.1708  0.000e+00
     16.193   5.697009  1023.6001 9.2796e-02   259.9105     0.6321     5.3512     82.492 9.9065e-02    36.1512    27.1709  0.000e+00
     16.193   5.697024  1023.6002 9.2796e-02   259.9752     0.6321     5.3517     82.500 9.9065e-02    36.1514    27.1708  0.000e+00
     16.193   5.697039  1023.6004 9.1575e-02   259.9752     0.6321     5.3562     82.569 9.9065e-02    36.1516    27.1707  0.000e+00
     16.176   5.697076  1023.6004 9.1575e-02   259.9105     0.6321     5.3567     82.576 9.9375e-02    36.1517    27.1708  0.000e+00
     16.135   5.697054  1023.6001 1.0989e-01   189.6968     0.5710     5.3571     82.584 9.9065e-02    36.1516    27.1708  0.000e+00
     16.193   5.697039  1023.6002 1.1477e-01    51.8580     0.5710     5.3577     82.592 9.9065e-02    36.1514    27.1709  0.000e+00
     16.176   5.697039  1023.6002 1.1600e-01     8.8238     0.6015     5.3579     82.596 9.9375e-02    36.1515    27.1708  0.000e+00
     16.135   5.697039  1023.6000 1.1600e-01     9.9239     0.6015     5.3582     82.600 9.9375e-02    36.1514    27.1709  0.000e+00
     16.135   5.697039  1023.6002 1.1477e-01    15.1657     0.5710     5.3544     82.542 9.9065e-02    36.1516    27.1706  0.000e+00
     16.176   5.697039  1023.6002 1.1477e-01    16.8482     0.6015     5.3587     82.608 9.9065e-02    36.1514    27.1709  0.000e+00
     16.135   5.697039  1023.5999 1.1722e-01    16.7835     0.6015     5.3550     82.550 9.9065e-02    36.1514    27.1710  0.000e+00
     16.135   5.697076  1023.6002 1.1844e-01    16.5894     0.6015     5.3550     82.551 9.9065e-02    36.1518    27.1708  0.000e+00
     16.135   5.697054  1023.6001 1.1722e-01    16.5247     0.5710     5.3589     82.611 9.9065e-02    36.1515    27.1709  0.000e+00
     16.176   5.697009  1023.6001 1.1600e-01    16.5247     0.6015     5.3590     82.612 9.9375e-02    36.1513    27.1708  0.000e+00
     16.069   5.697024  1023.5996 1.1722e-01    16.5247     0.6015     5.3551     82.552 9.9065e-02    36.1513    27.1709  0.000e+00
     16.135   5.697039  1023.6000 1.1844e-01    16.5247     0.6015     5.3552     82.553 9.9375e-02    36.1515    27.1708  0.000e+00
     16.110   5.697039  1023.6000 1.1844e-01    30.8263     0.5710     5.3550     82.550 9.9065e-02    36.1516    27.1707  0.000e+00
     16.135   5.697076  1023.6001 1.1600e-01   182.0607     0.5710     5.3550     82.551 9.9375e-02    36.1516    27.1710  0.000e+00
     16.069   5.697054  1023.5998 9.4017e-02   258.6810     0.6321     5.3548     82.547 9.9065e-02    36.1516    27.1709  0.000e+00
     16.110   5.697009  1023.5996 9.4017e-02   264.3110     0.6626     5.3546     82.544 9.9375e-02    36.1511    27.1710  0.000e+00
     16.135   5.697061  1023.6003 9.5238e-02   264.3110     0.6626     5.3544     82.541 9.9375e-02    36.1518    27.1706  0.000e+00
     16.135   5.697024  1023.6001 9.5238e-02   261.1401     0.6321     5.3544     82.541 9.9375e-02    36.1515    27.1707  0.000e+00
     16.135   5.697061  1023.6002 9.4017e-02   259.3928     0.6321     5.3501     82.476 9.9065e-02    36.1516    27.1708  0.000e+00
     16.110   5.697024  1023.6001 9.4017e-02   259.6517     0.6321     5.3497     82.469 9.9375e-02    36.1516    27.1705  0.000e+00
     16.069   5.697024  1023.5999 9.4017e-02   259.9105     0.6321     5.3493     82.462 9.9065e-02    36.1515    27.1706  0.000e+00
     16.135   5.697076  1023.6003 9.5238e-02   259.9752     0.6015     5.3489     82.456 9.9065e-02    36.1518    27.1707  0.000e+00
     16.110   5.697054  1023.6002 9.4017e-02   259.9105     0.6015     5.3484     82.449 9.9375e-02    36.1517    27.1706  0.000e+00
     16.135   5.697039  1023.6000 9.2796e-02   259.9752     0.6015     5.3480     82.443 9.9375e-02    36.1515    27.1708  0.000e+00
     16.069   5.697039  1023.6000 9.2796e-02   259.9105     0.6015     5.3518     82.501 9.9065e-02    36.1517    27.1705  0.000e+00
     16.110   5.697039  1023.6001 9.2796e-02   259.9105     0.6015     5.3516     82.498 9.9375e-02    36.1516    27.1706  0.000e+00
     16.135   5.697076  1023.6003 9.2796e-02   259.9105     0.6015     5.3476     82.436 9.9375e-02    36.1518    27.1707  0.000e+00
     16.135   5.697090  1023.6005 9.2796e-02   259.9105     0.6015     5.3474     82.433 9.9375e-02    36.1520    27.1706  0.000e+00
     16.135   5.697054  1023.6004 9.4017e-02   260.0399     0.6015     5.3472     82.430 9.9375e-02    36.1518    27.1705  0.000e+00
     16.110   5.697076  1023.6003 9.2796e-02   259.9105     0.6015     5.3467     82.423 9.9375e-02    36.1519    27.1706  0.000e+00
     16.135   5.697054  1023.6002 9.2796e-02   259.9752     0.6015     5.3463     82.417 9.9065e-02    36.1517    27.1707  0.000e+00
     16.135   5.697039  1023.6002 9.2796e-02   259.9752     0.6015     5.3462     82.414 9.9375e-02    36.1516    27.1706  0.000e+00
     16.110   5.697105  1023.6006 9.4017e-02   259.9105     0.6015     5.3500     82.473 9.9375e-02    36.1522    27.1704  0.000e+00
     16.135   5.697068  1023.6003 9.4017e-02   259.9752     0.6015     5.3460     82.412 9.9375e-02    36.1518    27.1707  0.000e+00
     16.135   5.697076  1023.6004 9.4017e-02   259.9105     0.6015     5.3456     82.406 9.9375e-02    36.1519    27.1706  0.000e+00
     16.110   5.697090  1023.6003 9.2796e-02   259.9105     0.6015     5.3454     82.403 9.9375e-02    36.1519    27.1707  0.000e+00
     16.193   5.697091  1023.6007 9.1575e-02   259.9752     0.6015     5.3453     82.401 9.9065e-02    36.1520    27.1706  0.000e+00
     16.069   5.697090  1023.6000 1.0379e-01   212.9288     0.5710     5.3450     82.397 9.9065e-02    36.1518    27.1709  0.000e+00
     16.135   5.697090  1023.6006 1.1355e-01    55.5467     0.5100     5.3449     82.395 9.9375e-02    36.1521    27.1704  0.000e+00
     16.176   5.697054  1023.6003 1.1355e-01    -0.6890     0.5710     5.3488     82.455 9.9065e-02    36.1516    27.1708  0.000e+00
     16.135   5.697039  1023.6001 1.1355e-01    -0.6890     0.5710     5.3448     82.394 9.9065e-02    36.1516    27.1707  0.000e+00
     16.135   5.697039  1023.6000 1.1355e-01    -0.6890     0.5710     5.3487     82.454 9.9375e-02    36.1515    27.1708  0.000e+00
     16.176   5.697105  1023.6008 1.1355e-01     0.4111     0.5710     5.3490     82.458 9.9375e-02    36.1522    27.1705  0.000e+00
     16.193   5.697105  1023.6008 1.1355e-01     1.3818     0.5710     5.3493     82.463 9.9065e-02    36.1521    27.1706  0.000e+00
     16.135   5.697090  1023.6003 1.1355e-01     1.5112     0.5405     5.3453     82.402 9.9065e-02    36.1518    27.1709  0.000e+00
     16.135   5.697090  1023.6005 1.1355e-01     1.4465     0.5710     5.3452     82.400 9.9065e-02    36.1520    27.1706  0.000e+00
     16.176   5.697091  1023.6007 1.1233e-01     1.3818     0.5710     5.3452     82.399 9.9065e-02    36.1520    27.1706  0.000e+00
     16.135   5.697090  1023.6003 1.1355e-01     1.3818     0.5710     5.3452     82.401 9.9065e-02    36.1518    27.1709  0.000e+00
     16.193   5.697091  1023.6007 1.1477e-01     1.3818     0.6015     5.3454     82.403 9.9375e-02    36.1520    27.1706  0.000e+00
     16.176   5.697091  1023.6007 1.1477e-01     3.4526     0.6015     5.3496     82.467 9.9375e-02    36.1521    27.1705  0.000e+00
     16.193   5.697054  1023.6005 1.1722e-01   152.7457     0.5405     5.3460     82.411 9.9065e-02    36.1517    27.1706  0.000e+00
     16.193   5.697076  1023.6006 9.2796e-02   254.6040     0.6321     5.3461     82.414 9.9375e-02    36.1518    27.1707  0.000e+00
     16.176   5.697091  1023.6007 9.1575e-02   264.3110     0.6626     5.3503     82.479 9.9065e-02    36.1520    27.1706  0.000e+00
     16.192   5.697091  1023.6007 9.1575e-02   264.3110     0.6626     5.3505     82.482 9.9375e-02    36.1519    27.1707  0.000e+00
     16.192   5.697054  1023.6005 9.2796e-02   262.6285     0.6626     5.3509     82.488 9.9375e-02    36.1517    27.1706  0.000e+00
     16.250   5.697076  1023.6007 9.1575e-02   259.3928     0.6321     5.3472     82.430 9.9375e-02    36.1517    27.1708  0.000e+00
     16.176   5.697091  1023.6007 9.2796e-02   259.5222     0.6321     5.3471     82.429 9.9065e-02    36.1521    27.1705  0.000e+00
     16.250   5.697054  1023.6008 9.1575e-02   259.8458     0.6321     5.3474     82.434 9.9375e-02    36.1517    27.1706  0.000e+00
     16.250   5.697105  1023.6010 9.1575e-02   259.9105     0.6321     5.3477     82.437 9.9375e-02    36.1520    27.1707  0.000e+00
     16.234   5.697105  1023.6008 9.2796e-02   259.9752     0.6321     5.3477     82.438 9.9065e-02    36.1519    27.1708  0.000e+00
     16.250   5.697091  1023.6011 9.1575e-02   259.9752     0.6321     5.3478     82.439 9.9065e-02    36.1520    27.1705  0.000e+00
     16.250   5.697054  1023.6008 9.1575e-02   259.9105     0.6321     5.3478     82.440 9.9375e-02    36.1517    27.1706  0.000e+00
     16.291   5.697076  1023.6010 1.1233e-01   184.5845     0.5710     5.3520     82.504 9.9375e-02    36.1518    27.1706  0.000e+00
     16.316   5.697120  1023.6013 1.1355e-01    48.4929     0.5710     5.3482     82.446 9.9065e-02    36.1521    27.1707  0.000e+00
     16.316   5.697105  1023.6015 1.1355e-01     7.4648     0.6015     5.3483     82.448 9.9375e-02    36.1522    27.1704  0.000e+00
     16.316   5.697091  1023.6013 1.1477e-01     8.9532     0.6015     5.3484     82.449 9.9375e-02    36.1520    27.1705  0.000e+00
     16.291   5.697120  1023.6014 1.1477e-01    14.1950     0.5710     5.3485     82.450 9.9375e-02    36.1523    27.1704  0.000e+00
     16.374   5.697135  1023.6020 1.1600e-01    15.7481     0.6015     5.3485     82.450 9.9065e-02    36.1525    27.1703  0.000e+00
     16.316   5.697105  1023.6015 1.1600e-01    15.6834     0.6015     5.3483     82.448 9.9375e-02    36.1522    27.1704  0.000e+00
     16.357   5.697120  1023.6017 1.1600e-01    15.4893     0.6015     5.3482     82.446 9.9065e-02    36.1523    27.1704  0.000e+00
     16.374   5.697135  1023.6020 1.1600e-01    15.4246     0.5710     5.3482     82.445 9.9375e-02    36.1525    27.1703  0.000e+00
     16.440   5.697135  1023.6021 1.1600e-01    15.2951     0.5710     5.3481     82.444 9.9065e-02    36.1524    27.1704  0.000e+00
     16.374   5.697135  1023.6021 1.1722e-01    15.4246     0.6015     5.3480     82.442 9.9065e-02    36.1526    27.1701  0.000e+00
     16.473   5.697135  1023.6026 1.1722e-01    15.4893     0.5710     5.3481     82.445 9.9065e-02    36.1526    27.1701  0.000e+00
     16.440   5.697105  1023.6021 1.1722e-01    30.7615     0.5405     5.3482     82.446 9.9065e-02    36.1522    27.1703  0.000e+00
     16.440   5.697157  1023.6024 1.1355e-01   182.9667     0.5100     5.3521     82.507 9.9065e-02    36.1526    27.1703  0.000e+00
     16.473   5.697076  1023.6020 9.2796e-02   259.1987     0.6015     5.3523     82.509 9.9375e-02    36.1520    27.1703  0.000e+00
     16.497   5.697076  1023.6024 9.2796e-02   264.3110     0.6015     5.3524     82.510 9.9375e-02    36.1522    27.1701  0.000e+00
     16.497   5.697120  1023.6024 9.2796e-02   264.3110     0.6015     5.3525     82.512 9.9065e-02    36.1524    27.1703  0.000e+00
     16.539   5.697135  1023.6031 9.2796e-02   261.0753     0.6015     5.3526     82.514 9.9065e-02    36.1528    27.1698  0.000e+00
     16.497   5.697135  1023.6027 9.4017e-02   259.3928     0.6015     5.3527     82.514 9.9065e-02    36.1526    27.1701  0.000e+00
     16.555   5.697105  1023.6027 9.4017e-02   259.5869     0.6015     5.3530     82.519 9.9375e-02    36.1524    27.1701  0.000e+00
     16.555   5.697120  1023.6029 9.4017e-02   259.8458     0.6015     5.3531     82.520 9.9065e-02    36.1525    27.1701  0.000e+00
     16.596   5.697135  1023.6032 9.4017e-02   259.9752     0.6015     5.3532     82.522 9.9065e-02    36.1527    27.1699  0.000e+00
     16.621   5.697106  1023.6032 9.4017e-02   259.9105     0.6015     5.3572     82.584 9.9375e-02    36.1525    27.1699  0.000e+00
     16.621   5.697091  1023.6030 9.4017e-02   259.9105     0.6015     5.3575     82.588 9.9375e-02    36.1523    27.1701  0.000e+00
     16.596   5.697120  1023.6031 9.4017e-02   259.9105     0.6015     5.3537     82.529 9.9375e-02    36.1526    27.1699  0.000e+00
     16.621   5.697165  1023.6035 1.1722e-01   162.9703     0.5100     5.3537     82.530 9.9065e-02    36.1529    27.1699  0.000e+00
     16.621   5.697179  1023.6037 1.1600e-01    50.4343     0.5405     5.3539     82.533 9.9375e-02    36.1531    27.1698  0.000e+00
     16.679   5.697179  1023.6040 1.1600e-01    23.1254     0.5710     5.3539     82.534 9.9375e-02    36.1532    27.1697  0.000e+00
     16.662   5.697150  1023.6037 1.1600e-01    26.6199     0.5710     5.3581     82.598 9.9065e-02    36.1529    27.1698  0.000e+00
     16.679   5.697165  1023.6039 1.1600e-01    30.8910     0.5710     5.3586     82.605 9.9375e-02    36.1531    27.1697  0.000e+00
     16.745   5.697150  1023.6041 1.1600e-01    31.9911     0.5405     5.3550     82.550 9.9065e-02    36.1529    27.1698  0.000e+00
     16.662   5.697135  1023.6035 1.1600e-01    31.8617     0.5710     5.3589     82.610 9.9065e-02    36.1527    27.1699  0.000e+00
     16.745   5.697135  1023.6037 1.1722e-01    31.6675     0.5405     5.3551     82.552 9.9065e-02    36.1526    27.1701  0.000e+00
     16.679   5.697135  1023.6035 1.1722e-01    31.6028     0.5710     5.3590     82.612 9.9375e-02    36.1527    27.1699  0.000e+00
     16.745   5.697135  1023.6037 1.1844e-01    31.6028     0.5405     5.3552     82.553 9.9065e-02    36.1526    27.1701  0.000e+00
     16.720   5.697135  1023.6037 1.1844e-01    31.6028     0.5405     5.3551     82.552 9.9375e-02    36.1526    27.1699  0.000e+00
     16.745   5.697106  1023.6036 1.1844e-01    31.6675     0.5405     5.3593     82.616 9.9065e-02    36.1523    27.1701  0.000e+00
     16.745   5.697157  1023.6036 1.1844e-01    68.8775     0.5405     5.3593     82.617 9.9065e-02    36.1525    27.1703  0.000e+00
     16.720   5.697179  1023.6040 1.0989e-01   209.8226     0.6015     5.3634     82.680 9.9375e-02    36.1530    27.1699  0.000e+00
     16.745   5.697150  1023.6039 9.5238e-02   264.3110     0.6626     5.3599     82.626 9.9375e-02    36.1527    27.1699  0.000e+00
