WS23139_STN17_16CTD.cnv
* Sea-Bird SBE 9 Data File:
* FileName = C:\ctd\Cruise_Data\WS23139_Rosenheim\WS23139_Rosenheim_STN17.hex
* Software Version Seasave V 7.26.7.121
* Temperature SN = 4097 MTG 177
* Conductivity SN = 1851 MTG 053
* Number of Bytes Per Scan = 40
* Number of Voltage Words = 5
* Number of Scans Averaged by the Deck Unit = 1
* NMEA Latitude = 05 51.91 N
* NMEA Longitude = 053 17.41 W
* NMEA UTC (Time) = Jun 15 2023 22:29:55
** Ship:
** Station:
** Operator:
# nquan = 12
# nvalues = 10454                                 
# units = specified
# name 0 = depSM: Depth [salt water, m]
# name 1 = c0S/m: Conductivity [S/m]
# name 2 = density00: Density [density, kg/m^3]
# name 3 = flSP: Fluorescence, Seapoint
# name 4 = wetCDOM: Fluorescence, WET Labs CDOM [mg/m^3]
# name 5 = flECO-AFL: Fluorescence, WET Labs ECO-AFL/FL [mg/m^3]
# name 6 = sbeox0Mg/L: Oxygen, SBE 43 [mg/l]
# name 7 = sbeox0PS: Oxygen, SBE 43 [% saturation]
# name 8 = par: PAR/Irradiance, Biospherical/Licor [Watts/m^2]
# name 9 = sal00: Salinity, Practical [PSU]
# name 10 = t090C: Temperature [ITS-90, deg C]
# name 11 = flag:  0.000e+00
# span 0 =      1.692,     31.385                 
# span 1 =   4.458548,   5.694370                 
# span 2 =  1016.6362,  1023.7389                 
# span 3 = 6.2271e-02, 1.4530e-01                 
# span 4 =    -0.6890,   264.3110                 
# span 5 =     0.4794,     1.0594                 
# span 6 =     4.4661,     6.0160                 
# span 7 =     68.797,     93.065                 
# span 8 = 9.8755e-02, 4.1476e+00                 
# span 9 =    27.1758,    36.2060                 
# span 10 =    27.0694,    27.6858                
# span 11 = 0.0000e+00, 0.0000e+00                
# interval = seconds: 0.0416667
# start_time = Jun 15 2023 22:29:55 [NMEA time, header]
# bad_flag = -9.990e-29
*END*
[from data line 6376]
     28.874   5.694162  1023.7274 1.2332e-01    13.6773     0.6626     5.3901     82.980 9.9065e-02    36.2049    27.0706  0.000e+00
     28.751   5.694162  1023.7271 1.2332e-01    17.1071     0.6321     5.3901     82.980 9.9375e-02    36.2050    27.0704  0.000e+00
     28.808   5.694162  1023.7273 1.2332e-01    17.7542     0.6321     5.3902     82.981 9.9065e-02    36.2050    27.0704  0.000e+00
     28.751   5.694162  1023.7267 1.2332e-01    17.4307     0.6321     5.3902     82.981 9.9375e-02    36.2047    27.0708  0.000e+00
     28.751   5.694133  1023.7267 1.2454e-01    17.3659     0.6626     5.3903     82.982 9.9065e-02    36.2047    27.0706  0.000e+00
     28.693   5.694147  1023.7264 1.2454e-01    17.3659     0.6626     5.3943     83.045 9.9065e-02    36.2047    27.0708  0.000e+00
     28.693   5.694192  1023.7267 1.2454e-01    17.3659     0.6321     5.3905     82.987 9.9065e-02    36.2050    27.0708  0.000e+00
     28.693   5.694177  1023.7267 1.2454e-01    17.3012     0.6321     5.3906     82.987 9.9375e-02    36.2050    27.0706  0.000e+00
     28.627   5.694191  1023.7266 1.2454e-01    17.3659     0.6626     5.3906     82.988 9.9375e-02    36.2051    27.0706  0.000e+00
     28.676   5.694169  1023.7266 1.2454e-01   101.8165     0.5710     5.3907     82.989 9.9065e-02    36.2050    27.0706  0.000e+00
     28.627   5.694191  1023.7266 1.0623e-01   233.0546     0.7542     5.3907     82.989 9.9375e-02    36.2052    27.0706  0.000e+00
     28.627   5.694177  1023.7265 9.8901e-02   264.3110     0.7847     5.3908     82.990 9.9065e-02    36.2050    27.0706  0.000e+00
     28.569   5.694162  1023.7263 1.0012e-01   264.3110     0.7847     5.3948     83.052 9.9375e-02    36.2051    27.0704  0.000e+00
     28.569   5.694132  1023.7260 1.0012e-01   264.3110     0.7847     5.3910     82.994 9.9065e-02    36.2047    27.0706  0.000e+00
     28.627   5.694147  1023.7263 1.0012e-01   259.7164     0.7847     5.3911     82.995 9.9065e-02    36.2048    27.0706  0.000e+00
     28.569   5.694132  1023.7260 9.8901e-02   259.4575     0.7847     5.3911     82.995 9.9375e-02    36.2047    27.0706  0.000e+00
     28.569   5.694147  1023.7262 1.0012e-01   259.8458     0.7847     5.3914     82.999 9.9065e-02    36.2050    27.0704  0.000e+00
     28.569   5.694162  1023.7262 1.0012e-01   259.9752     0.7847     5.3955     83.062 9.9375e-02    36.2049    27.0706  0.000e+00
     28.569   5.694191  1023.7265 9.8901e-02   260.0399     0.7847     5.3915     83.001 9.9375e-02    36.2053    27.0704  0.000e+00
     28.569   5.694177  1023.7262 9.8901e-02   260.0399     0.7847     5.3915     83.001 9.9375e-02    36.2050    27.0706  0.000e+00
     28.511   5.694162  1023.7261 1.0012e-01   260.0399     0.7847     5.3915     83.001 9.9065e-02    36.2051    27.0704  0.000e+00
     28.569   5.694191  1023.7263 1.0623e-01   235.7725     0.7542     5.3916     83.002 9.9065e-02    36.2052    27.0706  0.000e+00
     28.569   5.694206  1023.7266 1.2332e-01    75.6077     0.6626     5.3956     83.065 9.9065e-02    36.2054    27.0704  0.000e+00
     28.569   5.694169  1023.7262 1.2332e-01     1.8995     0.6931     5.3918     83.006 9.9065e-02    36.2050    27.0706  0.000e+00
     28.569   5.694155  1023.7263 1.2332e-01    -0.6890     0.7236     5.3917     83.003 9.9065e-02    36.2050    27.0704  0.000e+00
     28.553   5.694191  1023.7263 1.2332e-01     0.5405     0.7236     5.3917     83.004 9.9375e-02    36.2052    27.0706  0.000e+00
     28.569   5.694140  1023.7260 1.2332e-01     3.4526     0.6931     5.3915     83.001 9.9375e-02    36.2048    27.0706  0.000e+00
     28.627   5.694147  1023.7265 1.2332e-01     4.2292     0.7236     5.3953     83.060 9.9375e-02    36.2050    27.0704  0.000e+00
     28.569   5.694162  1023.7263 1.2332e-01     4.1645     0.6931     5.3915     83.000 9.9065e-02    36.2051    27.0704  0.000e+00
     28.569   5.694132  1023.7263 1.2332e-01     4.0351     0.7236     5.3913     82.997 9.9065e-02    36.2050    27.0703  0.000e+00
     28.627   5.694118  1023.7263 1.2332e-01     3.9703     0.7236     5.3913     82.997 9.9375e-02    36.2048    27.0704  0.000e+00
     28.627   5.694147  1023.7265 1.2332e-01     3.9703     0.6931     5.3913     82.997 9.9065e-02    36.2050    27.0704  0.000e+00
     28.569   5.694162  1023.7265 1.2332e-01     4.0351     0.7236     5.3912     82.996 9.9065e-02    36.2052    27.0703  0.000e+00
     28.627   5.694162  1023.7266 1.2210e-01     3.9703     0.7236     5.3910     82.993 9.9065e-02    36.2051    27.0704  0.000e+00
     28.693   5.694162  1023.7268 1.2210e-01     7.7237     0.7236     5.3908     82.990 9.9065e-02    36.2050    27.0704  0.000e+00
     28.627   5.694162  1023.7267 1.2210e-01    11.0888     0.6931     5.3905     82.986 9.9065e-02    36.2052    27.0703  0.000e+00
     28.627   5.694162  1023.7264 1.2332e-01    11.8653     0.6931     5.3945     83.047 9.9065e-02    36.2049    27.0706  0.000e+00
     28.693   5.694118  1023.7266 1.2332e-01    11.6712     0.6931     5.3907     82.988 9.9065e-02    36.2047    27.0704  0.000e+00
     28.693   5.694147  1023.7267 1.2332e-01    11.5418     0.6931     5.3906     82.987 9.9375e-02    36.2049    27.0704  0.000e+00
     28.693   5.694162  1023.7268 1.2454e-01    11.4771     0.6931     5.3906     82.987 9.9375e-02    36.2050    27.0704  0.000e+00
     28.693   5.694162  1023.7268 1.2454e-01    11.5418     0.6626     5.3907     82.989 9.9065e-02    36.2050    27.0704  0.000e+00
     28.693   5.694162  1023.7267 1.2454e-01    11.5418     0.6931     5.3907     82.988 9.9375e-02    36.2049    27.0706  0.000e+00
     28.742   5.694133  1023.7270 1.2454e-01    11.5418     0.6931     5.3907     82.988 9.9065e-02    36.2049    27.0703  0.000e+00
     28.693   5.694147  1023.7266 1.2454e-01    11.5418     0.6931     5.3906     82.987 9.9065e-02    36.2048    27.0706  0.000e+00
     28.751   5.694133  1023.7269 1.2454e-01    11.5418     0.6931     5.3944     83.046 9.9375e-02    36.2048    27.0704  0.000e+00
     28.693   5.694147  1023.7267 1.2332e-01    11.5418     0.6931     5.3905     82.985 9.9065e-02    36.2049    27.0704  0.000e+00
     28.751   5.694133  1023.7269 1.2210e-01    68.2951     0.6321     5.3945     83.047 9.9375e-02    36.2048    27.0704  0.000e+00
     28.693   5.694118  1023.7264 1.1111e-01   216.2939     0.6626     5.3906     82.987 9.9065e-02    36.2046    27.0706  0.000e+00
     28.751   5.694184  1023.7270 9.8901e-02   264.3110     0.7542     5.3945     83.048 9.9065e-02    36.2050    27.0706  0.000e+00
     28.693   5.694206  1023.7271 9.8901e-02   264.3110     0.7542     5.3946     83.049 9.9065e-02    36.2054    27.0704  0.000e+00
     28.693   5.694177  1023.7269 9.8901e-02   264.3110     0.7542     5.3948     83.051 9.9375e-02    36.2051    27.0704  0.000e+00
     28.751   5.694162  1023.7269 1.0012e-01   260.1047     0.7542     5.3949     83.054 9.9375e-02    36.2049    27.0706  0.000e+00
     28.693   5.694155  1023.7268 1.0012e-01   259.4575     0.7542     5.3950     83.055 9.9065e-02    36.2050    27.0704  0.000e+00
     28.693   5.694162  1023.7268 1.0012e-01   259.7811     0.7542     5.3951     83.056 9.9375e-02    36.2050    27.0704  0.000e+00
     28.693   5.694162  1023.7267 1.0012e-01   259.9752     0.7542     5.3913     82.999 9.9065e-02    36.2049    27.0706  0.000e+00
     28.693   5.694132  1023.7267 1.0134e-01   259.9752     0.7542     5.3913     82.997 9.9375e-02    36.2048    27.0704  0.000e+00
     28.693   5.694147  1023.7267 1.0134e-01   259.9752     0.7542     5.3952     83.057 9.9375e-02    36.2049    27.0704  0.000e+00
     28.627   5.694162  1023.7266 1.0134e-01   259.9752     0.7542     5.3952     83.058 9.9375e-02    36.2051    27.0704  0.000e+00
     28.627   5.694162  1023.7264 1.0134e-01   259.9752     0.7542     5.3953     83.059 9.9065e-02    36.2049    27.0706  0.000e+00
     28.627   5.694132  1023.7264 1.0134e-01   259.9752     0.7542     5.3954     83.060 9.9375e-02    36.2048    27.0704  0.000e+00
     28.676   5.694118  1023.7265 1.0012e-01   259.9752     0.7542     5.3954     83.061 9.9065e-02    36.2047    27.0704  0.000e+00
     28.569   5.694147  1023.7261 1.0134e-01   259.9752     0.7236     5.3876     82.941 9.9065e-02    36.2049    27.0706  0.000e+00
     28.627   5.694132  1023.7262 1.0012e-01   259.9752     0.7542     5.3913     82.998 9.9065e-02    36.2047    27.0706  0.000e+00
     28.569   5.694184  1023.7263 1.0134e-01   259.9752     0.7542     5.3911     82.995 9.9375e-02    36.2051    27.0706  0.000e+00
     28.569   5.694177  1023.7262 1.0134e-01   259.9752     0.7542     5.3910     82.993 9.9375e-02    36.2050    27.0706  0.000e+00
     28.569   5.694162  1023.7262 1.0134e-01   259.9752     0.7542     5.3908     82.991 9.9065e-02    36.2049    27.0706  0.000e+00
     28.511   5.694155  1023.7260 1.0134e-01   259.9752     0.7542     5.3909     82.992 9.9065e-02    36.2050    27.0704  0.000e+00
     28.511   5.694132  1023.7259 1.0012e-01   259.9752     0.7542     5.3908     82.990 9.9065e-02    36.2049    27.0704  0.000e+00
     28.511   5.694118  1023.7257 1.0012e-01   259.9752     0.7542     5.3947     83.050 9.9065e-02    36.2046    27.0706  0.000e+00
     28.511   5.694118  1023.7258 1.0012e-01   259.9752     0.7542     5.3907     82.989 9.9375e-02    36.2048    27.0704  0.000e+00
     28.445   5.694118  1023.7254 1.0134e-01   260.0399     0.7542     5.3905     82.986 9.9065e-02    36.2047    27.0706  0.000e+00
     28.388   5.694118  1023.7252 1.2576e-01   168.7298     0.6015     5.3906     82.987 9.9375e-02    36.2047    27.0706  0.000e+00
     28.445   5.694118  1023.7256 1.2576e-01    36.1974     0.6626     5.3945     83.047 9.9375e-02    36.2048    27.0704  0.000e+00
     28.388   5.694118  1023.7252 1.2454e-01    -0.0419     0.6931     5.3945     83.047 9.9065e-02    36.2047    27.0706  0.000e+00
     28.322   5.694118  1023.7251 1.2576e-01     2.8055     0.6931     5.3905     82.986 9.9065e-02    36.2048    27.0704  0.000e+00
     28.388   5.694147  1023.7252 1.2576e-01     7.7884     0.6931     5.3944     83.046 9.9375e-02    36.2048    27.0708  0.000e+00
     28.313   5.694162  1023.7251 1.2576e-01     9.2121     0.6626     5.3906     82.988 9.9065e-02    36.2050    27.0706  0.000e+00
     28.264   5.694162  1023.7249 1.2454e-01     9.0827     0.6931     5.3904     82.985 9.9065e-02    36.2050    27.0706  0.000e+00
     28.264   5.694162  1023.7249 1.2454e-01     8.8885     0.6626     5.3903     82.983 9.9065e-02    36.2050    27.0706  0.000e+00
     28.264   5.694118  1023.7247 1.2454e-01     8.8238     0.6931     5.3902     82.980 9.9375e-02    36.2047    27.0706  0.000e+00
     28.206   5.694110  1023.7242 1.2454e-01     8.8885     0.6626     5.3900     82.978 9.9065e-02    36.2045    27.0708  0.000e+00
     28.206   5.694147  1023.7248 1.2454e-01     8.8885     0.6931     5.3898     82.975 9.9065e-02    36.2051    27.0704  0.000e+00
     28.140   5.694132  1023.7243 1.2454e-01     8.8885     0.6931     5.3896     82.972 9.9375e-02    36.2049    27.0706  0.000e+00
     28.140   5.694117  1023.7242 1.2454e-01    36.6504     0.6626     5.3935     83.032 9.9065e-02    36.2048    27.0706  0.000e+00
     28.083   5.694147  1023.7241 1.1844e-01   193.8385     0.6626     5.3895     82.970 9.9065e-02    36.2050    27.0706  0.000e+00
     28.083   5.694095  1023.7240 1.0012e-01   264.3110     0.7542     5.3896     82.971 9.9065e-02    36.2048    27.0704  0.000e+00
     28.083   5.694103  1023.7239 1.0012e-01   264.3110     0.7542     5.3894     82.969 9.9065e-02    36.2047    27.0706  0.000e+00
     27.959   5.694080  1023.7234 1.0012e-01   264.3110     0.7542     5.3892     82.966 9.9375e-02    36.2047    27.0704  0.000e+00
     28.017   5.694103  1023.7234 1.0012e-01   260.8165     0.7542     5.3891     82.964 9.9065e-02    36.2046    27.0708  0.000e+00
     27.959   5.694117  1023.7234 1.0012e-01   259.3928     0.7542     5.3849     82.899 9.9065e-02    36.2048    27.0706  0.000e+00
     27.942   5.694117  1023.7235 1.0012e-01   259.7164     0.7236     5.3886     82.956 9.9065e-02    36.2050    27.0704  0.000e+00
     27.901   5.694147  1023.7232 1.0012e-01   259.9752     0.7542     5.3884     82.953 9.9065e-02    36.2049    27.0708  0.000e+00
     27.901   5.694162  1023.7234 1.0012e-01   260.0399     0.7542     5.3882     82.951 9.9065e-02    36.2051    27.0706  0.000e+00
     27.835   5.694117  1023.7231 1.0012e-01   259.9752     0.7542     5.3883     82.952 9.9375e-02    36.2050    27.0704  0.000e+00
     27.835   5.694080  1023.7226 1.0134e-01   259.9752     0.7542     5.3841     82.888 9.9065e-02    36.2044    27.0708  0.000e+00
     27.777   5.694102  1023.7226 1.0012e-01   259.9105     0.7542     5.3880     82.947 9.9065e-02    36.2048    27.0706  0.000e+00
     27.835   5.694117  1023.7229 1.2698e-01   131.0021     0.5710     5.3839     82.884 9.9065e-02    36.2048    27.0706  0.000e+00
     27.777   5.694080  1023.7223 1.2454e-01    18.2072     0.6626     5.3878     82.944 9.9065e-02    36.2045    27.0708  0.000e+00
     27.711   5.694102  1023.7223 1.2454e-01    -0.6890     0.6931     5.3879     82.945 9.9065e-02    36.2048    27.0706  0.000e+00
     27.711   5.694051  1023.7221 1.2454e-01    -0.1713     0.6931     5.3840     82.885 9.9065e-02    36.2044    27.0706  0.000e+00
     27.711   5.694051  1023.7221 1.2454e-01     3.7115     0.6931     5.3839     82.884 9.9375e-02    36.2044    27.0706  0.000e+00
     27.654   5.694036  1023.7218 1.2454e-01     5.0705     0.6931     5.3839     82.883 9.9065e-02    36.2044    27.0706  0.000e+00
     27.596   5.694051  1023.7216 1.2454e-01     5.0705     0.6931     5.3838     82.882 9.9065e-02    36.2044    27.0706  0.000e+00
     27.654   5.694066  1023.7221 1.2454e-01     4.8763     0.6931     5.3836     82.879 9.9065e-02    36.2047    27.0704  0.000e+00
     27.579   5.694102  1023.7220 1.2332e-01     4.8763     0.6931     5.3874     82.937 9.9065e-02    36.2050    27.0704  0.000e+00
     27.596   5.694080  1023.7216 1.2332e-01     4.8116     0.6626     5.3835     82.879 9.9065e-02    36.2045    27.0708  0.000e+00
     27.530   5.694102  1023.7218 1.2332e-01     4.8116     0.6931     5.3876     82.940 9.9065e-02    36.2050    27.0704  0.000e+00
     27.596   5.694110  1023.7221 1.2332e-01     4.8116     0.6931     5.3798     82.821 9.9375e-02    36.2050    27.0704  0.000e+00
     27.472   5.694110  1023.7214 1.2210e-01     8.1120     0.6931     5.3795     82.817 9.9065e-02    36.2049    27.0706  0.000e+00
     27.472   5.694080  1023.7212 1.2210e-01    16.3952     0.6931     5.3834     82.877 9.9065e-02    36.2047    27.0706  0.000e+00
     27.472   5.694065  1023.7212 1.2332e-01    19.1779     0.6626     5.3791     82.810 9.9065e-02    36.2046    27.0706  0.000e+00
     27.472   5.694102  1023.7214 1.2210e-01    19.2426     0.6931     5.3788     82.805 9.9065e-02    36.2049    27.0706  0.000e+00
     27.406   5.694117  1023.7215 1.2332e-01    18.9191     0.6626     5.3744     82.738 9.9065e-02    36.2053    27.0703  0.000e+00
     27.406   5.694051  1023.7210 1.2332e-01    18.7896     0.6626     5.3780     82.792 9.9065e-02    36.2046    27.0704  0.000e+00
     27.406   5.694021  1023.7208 1.2332e-01    18.7896     0.6626     5.3737     82.727 9.9065e-02    36.2044    27.0704  0.000e+00
     27.406   5.694088  1023.7212 1.2332e-01    18.7896     0.6931     5.3732     82.720 9.9065e-02    36.2049    27.0704  0.000e+00
     27.332   5.694051  1023.7207 1.2454e-01    18.7896     0.6626     5.3728     82.713 9.9065e-02    36.2047    27.0704  0.000e+00
     27.348   5.694051  1023.7209 1.2332e-01    18.8543     0.6626     5.3726     82.710 9.9065e-02    36.2048    27.0703  0.000e+00
     27.406   5.694132  1023.7213 1.2332e-01    18.7896     0.6931     5.3763     82.767 9.9375e-02    36.2051    27.0706  0.000e+00
     27.291   5.694095  1023.7207 1.2332e-01    18.7896     0.6626     5.3721     82.702 9.9065e-02    36.2050    27.0704  0.000e+00
