WS23139_STN12_12CTD.cnv
* Sea-Bird SBE 9 Data File:
* FileName = C:\ctd\Cruise_Data\WS23139_Rosenheim\WS23139_Rosenheim_STN12.hex
* Software Version Seasave V 7.26.7.121
* Temperature SN = 4097 MTG 177
* Conductivity SN = 1851 MTG 053
* Number of Bytes Per Scan = 40
* Number of Voltage Words = 5
* Number of Scans Averaged by the Deck Unit = 1
* NMEA Latitude = 04 36.81 N
* NMEA Longitude = 051 40.80 W
* NMEA UTC (Time) = Jun 12 2023 01:31:55
** Ship:
** Station:
** Operator:
# nquan = 12
# nvalues = 7366                                  
# units = specified
# name 0 = depSM: Depth [salt water, m]
# name 1 = c0S/m: Conductivity [S/m]
# name 2 = density00: Density [density, kg/m^3]
# name 3 = flSP: Fluorescence, Seapoint
# name 4 = wetCDOM: Fluorescence, WET Labs CDOM [mg/m^3]
# name 5 = flECO-AFL: Fluorescence, WET Labs ECO-AFL/FL [mg/m^3]
# name 6 = sbeox0Mg/L: Oxygen, SBE 43 [mg/l]
# name 7 = sbeox0PS: Oxygen, SBE 43 [% saturation]
# name 8 = par: PAR/Irradiance, Biospherical/Licor [Watts/m^2]
# name 9 = sal00: Salinity, Practical [PSU]
# name 10 = t090C: Temperature [ITS-90, deg C]
# name 11 = flag:  0.000e+00
# span 0 =      1.824,      5.936                 
# span 1 =   4.128599,   5.632351                 
# span 2 =  1014.3432,  1023.1450                 
# span 3 = 1.1233e-01, 1.6606e-01                 
# span 4 =    -0.6890,   264.3110                 
# span 5 =     1.0594,     2.3109                 
# span 6 =     4.6268,     6.2771                 
# span 7 =     71.197,     93.375                 
# span 8 = 9.8755e-02, 3.6671e-01                 
# span 9 =    24.4879,    35.6374                 
# span 10 =    27.2422,    28.5610                
# span 11 = 0.0000e+00, 0.0000e+00                
# interval = seconds: 0.0416667
# start_time = Jun 12 2023 01:31:55 [NMEA time, header]
# bad_flag = -9.990e-29
*END*
[from data line 722]
      2.162   4.378229  1015.6679 1.4164e-01    15.8775     1.3952     6.2220     92.648 1.8840e-01    26.2066    28.4382  0.000e+00
      2.137   4.374767  1015.6487 1.4164e-01    15.8775     1.3952     6.2223     92.644 1.8953e-01    26.1822    28.4407  0.000e+00
      2.162   4.376141  1015.6581 1.4042e-01    15.8775     1.3952     6.2222     92.644 1.8562e-01    26.1931    28.4374  0.000e+00
      2.137   4.389507  1015.7309 1.3919e-01    15.8775     1.3952     6.2155     92.579 1.7962e-01    26.2870    28.4287  0.000e+00
      2.162   4.404797  1015.8131 1.3919e-01    15.8775     1.3952     6.2165     92.636 1.7749e-01    26.3933    28.4208  0.000e+00
      2.162   4.411973  1015.8520 1.3919e-01    15.8775     1.3952     6.2151     92.634 1.7908e-01    26.4435    28.4166  0.000e+00
      2.195   4.416515  1015.8788 1.4164e-01   110.8763     1.3647     6.2144     92.633 1.8451e-01    26.4768    28.4112  0.000e+00
      2.162   4.418020  1015.8860 1.2088e-01   237.4551     1.3647     6.2136     92.627 1.8562e-01    26.4867    28.4114  0.000e+00
      2.137   4.414811  1015.8709 1.1477e-01   264.3110     1.4868     6.2142     92.624 1.8506e-01    26.4661    28.4100  0.000e+00
      2.162   4.411383  1015.8537 1.1355e-01   264.3110     1.5173     6.2187     92.679 1.8341e-01    26.4431    28.4103  0.000e+00
      2.195   4.407089  1015.8286 1.1355e-01   264.3110     1.4868     6.2149     92.614 1.8178e-01    26.4115    28.4155  0.000e+00
      2.104   4.402108  1015.8000 1.1477e-01   259.6517     1.4562     6.2153     92.608 1.8124e-01    26.3758    28.4201  0.000e+00
      2.228   4.399069  1015.7822 1.1477e-01   259.4575     1.4562     6.2154     92.605 1.7643e-01    26.3531    28.4243  0.000e+00
      2.137   4.400188  1015.7876 1.1477e-01   259.7811     1.4562     6.2108     92.540 1.7329e-01    26.3607    28.4242  0.000e+00
      2.228   4.404393  1015.8107 1.1477e-01   259.9752     1.4868     6.2137     92.594 1.7433e-01    26.3901    28.4217  0.000e+00
      2.137   4.409183  1015.8369 1.1477e-01   259.9752     1.4868     6.2125     92.588 1.8673e-01    26.4241    28.4181  0.000e+00
      2.162   4.413683  1015.8626 1.1477e-01   259.9752     1.5478     6.2114     92.582 1.9467e-01    26.4565    28.4138  0.000e+00
      2.195   4.417874  1015.8848 1.1600e-01   259.9752     1.5478     6.2062     92.518 1.9525e-01    26.4853    28.4123  0.000e+00
      2.162   4.421170  1015.9008 1.2454e-01   228.2011     1.4257     6.2091     92.572 2.0658e-01    26.5070    28.4127  0.000e+00
      2.162   4.426253  1015.9331 1.4042e-01    72.9545     1.5173     6.2087     92.572 2.1469e-01    26.5462    28.4033  0.000e+00
      2.137   4.436034  1015.9886 1.3919e-01     6.9471     1.5173     6.2028     92.506 2.1597e-01    26.6166    28.3943  0.000e+00
      2.162   4.449947  1016.0680 1.3797e-01     2.2878     1.5173     6.1964     92.441 2.1469e-01    26.7171    28.3810  0.000e+00
      2.195   4.464105  1016.1467 1.3919e-01     8.1120     1.5173     6.1976     92.497 2.1533e-01    26.8175    28.3707  0.000e+00
      2.227   4.470174  1016.1752 1.4164e-01    10.7005     1.5173     6.1956     92.490 2.1469e-01    26.8566    28.3735  0.000e+00
      2.137   4.467835  1016.1574 1.4286e-01    10.8946     1.4868     6.1952     92.485 2.0234e-01    26.8367    28.3810  0.000e+00
      2.227   4.462746  1016.1286 1.4164e-01    10.6358     1.4868     6.1957     92.483 1.8784e-01    26.7998    28.3861  0.000e+00
      2.162   4.455995  1016.0905 1.4164e-01    10.5711     1.4868     6.1926     92.420 1.8396e-01    26.7516    28.3915  0.000e+00
      2.194   4.446515  1016.0378 1.4164e-01    10.5064     1.4868     6.1898     92.355 1.8896e-01    26.6841    28.3989  0.000e+00
      2.161   4.437555  1015.9891 1.4042e-01    10.5711     1.4868     6.1909     92.345 1.9759e-01    26.6214    28.4040  0.000e+00
      2.194   4.432328  1015.9606 1.4164e-01    10.4416     1.4868     6.1873     92.279 1.9995e-01    26.5845    28.4074  0.000e+00
      2.161   4.430117  1015.9475 1.4164e-01    10.5064     1.4868     6.1909     92.328 2.2509e-01    26.5683    28.4100  0.000e+00
      2.194   4.434360  1015.9718 1.3919e-01     4.5528     1.5173     6.1856     92.259 2.9143e-01    26.5989    28.4060  0.000e+00
      2.161   4.449102  1016.0544 1.3919e-01     0.2817     1.5478     6.1825     92.248 3.1715e-01    26.7043    28.3937  0.000e+00
      2.227   4.462912  1016.1266 1.3919e-01    -0.4949     1.5478     6.1749     92.177 2.8889e-01    26.7988    28.3899  0.000e+00
      2.194   4.469567  1016.1635 1.4164e-01    -0.3007     1.5478     6.1770     92.225 2.1280e-01    26.8461    28.3849  0.000e+00
      2.161   4.469227  1016.1603 1.4286e-01    -0.1066     1.5478     6.1683     92.096 1.9009e-01    26.8428    28.3867  0.000e+00
      2.194   4.464637  1016.1350 1.4530e-01    -0.1066     1.5478     6.1681     92.081 1.9237e-01    26.8102    28.3900  0.000e+00
      2.161   4.459962  1016.1085 1.4530e-01    -0.1066     1.5478     6.1678     92.067 2.1091e-01    26.7767    28.3941  0.000e+00
      2.227   4.453227  1016.0724 1.4652e-01    -0.1066     1.5478     6.1682     92.054 2.1918e-01    26.7296    28.3977  0.000e+00
      2.194   4.442965  1016.0157 1.4652e-01    -0.1066     1.5478     6.1693     92.044 2.1983e-01    26.6570    28.4048  0.000e+00
      2.227   4.434991  1015.9724 1.4408e-01    -0.1066     1.5478     6.1661     91.974 2.2114e-01    26.6011    28.4096  0.000e+00
      2.194   4.432985  1015.9618 1.4164e-01    -0.1066     1.5173     6.1657     91.962 2.2245e-01    26.5874    28.4102  0.000e+00
      2.161   4.434865  1015.9723 1.4164e-01    -0.1066     1.4257     6.1606     91.890 2.2245e-01    26.6009    28.4085  0.000e+00
      2.194   4.436008  1015.9793 1.4164e-01     5.5882     1.3647     6.1555     91.817 2.1789e-01    26.6093    28.4070  0.000e+00
      2.227   4.434732  1015.9731 1.4164e-01    16.4600     1.3341     6.1590     91.865 2.1533e-01    26.6009    28.4069  0.000e+00
      2.161   4.436167  1015.9810 1.4042e-01    19.8898     1.3341     6.1581     91.854 2.1533e-01    26.6112    28.4055  0.000e+00
      2.194   4.442732  1016.0166 1.4042e-01    19.7603     1.3341     6.1563     91.845 1.9936e-01    26.6570    28.4020  0.000e+00
      2.227   4.451537  1016.0626 1.3919e-01    19.3721     1.3341     6.1498     91.776 1.8784e-01    26.7173    28.3995  0.000e+00
      2.194   4.456567  1016.0886 1.3919e-01    19.2426     1.3341     6.1481     91.766 1.8562e-01    26.7517    28.3982  0.000e+00
      2.227   4.456268  1016.0872 1.3919e-01    19.2426     1.3341     6.1476     91.757 1.9584e-01    26.7497    28.3982  0.000e+00
      2.194   4.451424  1016.0601 1.3919e-01    19.2426     1.3341     6.1479     91.749 2.0658e-01    26.7152    28.4019  0.000e+00
      2.227   4.440818  1016.0022 1.3919e-01    19.3073     1.3341     6.1493     91.743 2.0905e-01    26.6405    28.4086  0.000e+00
      2.227   4.432640  1015.9607 1.3797e-01    19.3721     1.3341     6.1505     91.734 2.0967e-01    26.5854    28.4096  0.000e+00
      2.194   4.434061  1015.9707 1.4042e-01    19.1779     1.3341     6.1543     91.791 2.1217e-01    26.5972    28.4054  0.000e+00
      2.227   4.440778  1016.0061 1.4042e-01    19.2426     1.3341     6.1530     91.790 2.1217e-01    26.6434    28.4031  0.000e+00
      2.194   4.446416  1016.0343 1.4042e-01    33.0265     1.3341     6.1476     91.729 2.1533e-01    26.6811    28.4030  0.000e+00
      2.227   4.447160  1016.0389 1.3797e-01   182.5137     1.1815     6.1474     91.728 2.2114e-01    26.6867    28.4019  0.000e+00
      2.252   4.447493  1016.0452 1.1600e-01   258.4868     1.3952     6.1478     91.728 2.2311e-01    26.6924    28.3958  0.000e+00
      2.227   4.459963  1016.1146 1.1722e-01   264.3110     1.4562     6.1419     91.670 2.1854e-01    26.7811    28.3862  0.000e+00
      2.227   4.479921  1016.2230 1.1722e-01   264.3110     1.4257     6.1382     91.669 2.0415e-01    26.9211    28.3748  0.000e+00
      2.252   4.498968  1016.3302 1.1600e-01   261.1401     1.4257     6.1393     91.731 1.9995e-01    27.0576    28.3591  0.000e+00
      2.227   4.515926  1016.4235 1.1477e-01   259.3928     1.4257     6.1366     91.735 2.0174e-01    27.1775    28.3481  0.000e+00
      2.194   4.525178  1016.4695 1.1355e-01   259.6517     1.4257     6.1346     91.737 2.0967e-01    27.2394    28.3484  0.000e+00
      2.285   4.525339  1016.4696 1.1355e-01   259.9105     1.3952     6.1308     91.683 2.1217e-01    27.2396    28.3499  0.000e+00
      2.252   4.521508  1016.4477 1.1355e-01   259.9105     1.3952     6.1400     91.811 2.1725e-01    27.2120    28.3532  0.000e+00
      2.227   4.517471  1016.4250 1.1477e-01   259.9752     1.3952     6.1332     91.699 2.5697e-01    27.1832    28.3563  0.000e+00
      2.285   4.516233  1016.4180 1.1477e-01   259.9752     1.4257     6.1295     91.642 2.7893e-01    27.1740    28.3578  0.000e+00
      2.252   4.514627  1016.4100 1.1477e-01   259.9752     1.4257     6.1344     91.709 2.7975e-01    27.1635    28.3575  0.000e+00
      2.285   4.509336  1016.3815 1.4164e-01   151.2573     1.3036     6.1360     91.719 2.3946e-01    27.1264    28.3603  0.000e+00
      2.252   4.501273  1016.3363 1.4042e-01    27.9142     1.5478     6.1419     91.787 2.1918e-01    27.0688    28.3665  0.000e+00
      2.285   4.491940  1016.2850 1.4042e-01    -0.6890     1.5783     6.1400     91.735 2.1661e-01    27.0027    28.3727  0.000e+00
      2.252   4.481855  1016.2297 1.4042e-01     2.1584     1.5783     6.1425     91.744 1.9877e-01    26.9317    28.3790  0.000e+00
      2.285   4.471573  1016.1732 1.4042e-01     6.7530     1.5783     6.1450     91.755 1.8728e-01    26.8590    28.3858  0.000e+00
      2.285   4.462966  1016.1279 1.4164e-01     7.9826     1.5478     6.1475     91.767 1.8451e-01    26.7997    28.3889  0.000e+00
      2.194   4.464737  1016.1425 1.4164e-01     7.8531     1.5478     6.1445     91.717 1.9352e-01    26.8162    28.3807  0.000e+00
      2.285   4.471900  1016.1806 1.4286e-01     7.6590     1.5478     6.1478     91.788 2.0234e-01    26.8655    28.3781  0.000e+00
      2.318   4.472100  1016.1790 1.4286e-01     7.6590     1.5478     6.1439     91.736 2.0415e-01    26.8648    28.3818  0.000e+00
      2.227   4.470814  1016.1736 1.4286e-01     7.6590     1.5478     6.1489     91.803 2.0476e-01    26.8572    28.3799  0.000e+00
      2.252   4.473553  1016.1888 1.4164e-01     7.7237     1.5478     6.1490     91.811 2.0476e-01    26.8766    28.3781  0.000e+00
      2.227   4.474066  1016.1892 1.4164e-01     7.6590     1.5478     6.1494     91.823 2.0476e-01    26.8785    28.3808  0.000e+00
      2.285   4.467582  1016.1509 1.4042e-01     7.2060     1.5478     6.1509     91.833 2.0536e-01    26.8305    28.3889  0.000e+00
      2.252   4.455529  1016.0845 1.4042e-01     5.6529     1.5783     6.1495     91.781 2.0658e-01    26.7454    28.3970  0.000e+00
      2.227   4.441004  1016.0078 1.4042e-01     5.3293     1.5478     6.1527     91.786 2.0658e-01    26.6453    28.4024  0.000e+00
      2.194   4.426804  1015.9331 1.4042e-01     5.2646     1.5783     6.1602     91.856 2.0658e-01    26.5477    28.4072  0.000e+00
      2.285   4.413882  1015.8619 1.4042e-01     5.3293     1.5783     6.1628     91.863 2.0536e-01    26.4561    28.4168  0.000e+00
      2.194   4.403108  1015.8026 1.3919e-01     5.3940     1.5478     6.1651     91.869 2.0476e-01    26.3804    28.4238  0.000e+00
      2.161   4.395283  1015.7602 1.4042e-01     5.3940     1.5783     6.1670     91.875 1.9525e-01    26.3258    28.4282  0.000e+00
      2.227   4.389679  1015.7301 1.4042e-01     5.3940     1.5783     6.1686     91.884 1.6567e-01    26.2866    28.4315  0.000e+00
      2.252   4.385176  1015.7059 1.4042e-01     5.5235     1.5783     6.1617     91.769 1.5459e-01    26.2551    28.4341  0.000e+00
      2.161   4.381877  1015.6874 1.4042e-01     5.3940     1.5783     6.1663     91.830 1.5506e-01    26.2319    28.4363  0.000e+00
      2.136   4.380337  1015.6789 1.4042e-01     5.3940     1.5478     6.1627     91.772 1.5552e-01    26.2211    28.4374  0.000e+00
      2.227   4.379669  1015.6760 1.4042e-01     5.3940     1.5783     6.1628     91.771 1.5646e-01    26.2167    28.4372  0.000e+00
      2.136   4.379220  1015.6739 1.3919e-01     5.4587     1.5783     6.1626     91.765 1.5789e-01    26.2141    28.4366  0.000e+00
      2.161   4.379075  1015.6723 1.3919e-01    13.8067     1.5478     6.1624     91.764 1.7329e-01    26.2124    28.4380  0.000e+00
      2.161   4.378909  1015.6723 1.3919e-01    19.7603     1.3952     6.1625     91.764 1.8287e-01    26.2119    28.4368  0.000e+00
      2.136   4.379246  1015.6744 1.3919e-01    20.7957     1.2426     6.1625     91.763 1.8341e-01    26.2145    28.4361  0.000e+00
      2.103   4.380033  1015.6791 1.3919e-01    20.4722     1.2120     6.1581     91.699 1.5366e-01    26.2205    28.4348  0.000e+00
      2.136   4.379881  1015.6790 1.3797e-01    20.2133     1.2120     6.1578     91.694 1.3612e-01    26.2199    28.4341  0.000e+00
      2.103   4.378830  1015.6707 1.3919e-01    20.1486     1.2120     6.1533     91.627 1.3406e-01    26.2106    28.4382  0.000e+00
      2.136   4.377079  1015.6593 1.3919e-01    20.2133     1.2120     6.1570     91.682 1.3737e-01    26.1969    28.4420  0.000e+00
      2.103   4.375064  1015.6483 1.3919e-01    20.1486     1.2120     6.1530     91.617 1.3947e-01    26.1829    28.4431  0.000e+00
      2.037   4.372726  1015.6357 1.3919e-01    20.2133     1.2120     6.1530     91.610 1.3989e-01    26.1667    28.4441  0.000e+00
      2.136   4.369715  1015.6198 1.3919e-01    20.2133     1.2120     6.1494     91.548 1.3447e-01    26.1457    28.4458  0.000e+00
      2.037   4.367009  1015.6050 1.3919e-01    20.2133     1.2120     6.1536     91.604 1.2845e-01    26.1271    28.4470  0.000e+00
      2.070   4.365445  1015.5981 1.4042e-01    20.2133     1.2120     6.1497     91.539 1.2767e-01    26.1172    28.4460  0.000e+00
      2.037   4.364079  1015.5908 1.4286e-01    96.9630     1.1815     6.1454     91.471 1.2728e-01    26.1078    28.4465  0.000e+00
      2.103   4.361657  1015.5778 1.2576e-01   230.1425     1.1815     6.1495     91.525 1.2650e-01    26.0908    28.4482  0.000e+00
      2.012   4.357251  1015.5522 1.1844e-01   264.3110     1.3341     6.1496     91.517 1.2612e-01    26.0590    28.4527  0.000e+00
      2.037   4.351680  1015.5226 1.1844e-01   264.3110     1.3341     6.1460     91.449 1.2496e-01    26.0204    28.4554  0.000e+00
      2.070   4.347068  1015.4989 1.1722e-01   264.3110     1.3036     6.1466     91.443 1.2231e-01    25.9891    28.4567  0.000e+00
      2.037   4.343899  1015.4824 1.1722e-01   259.7164     1.3036     6.1510     91.499 1.2156e-01    25.9675    28.4575  0.000e+00
      2.070   4.342365  1015.4744 1.1600e-01   259.4575     1.3036     6.1471     91.437 1.2156e-01    25.9570    28.4582  0.000e+00
      2.037   4.343135  1015.4787 1.1600e-01   259.7811     1.3036     6.1466     91.430 1.2268e-01    25.9625    28.4574  0.000e+00
      2.037   4.346969  1015.4987 1.1600e-01   259.9752     1.3036     6.1458     91.431 1.2306e-01    25.9887    28.4561  0.000e+00
      2.070   4.352280  1015.5269 1.1722e-01   259.9752     1.3036     6.1445     91.426 1.2231e-01    26.0253    28.4537  0.000e+00
      1.979   4.356790  1015.5501 1.1844e-01   260.0399     1.3036     6.1431     91.418 1.1897e-01    26.0562    28.4522  0.000e+00
      2.070   4.359731  1015.5655 1.1966e-01   259.9752     1.3036     6.1423     91.416 1.1788e-01    26.0760    28.4517  0.000e+00
      2.103   4.361116  1015.5723 1.1844e-01   259.9752     1.3036     6.1459     91.475 1.1679e-01    26.0851    28.4520  0.000e+00
      2.012   4.361848  1015.5757 1.1844e-01   259.9752     1.3036     6.1418     91.416 1.0810e-01    26.0900    28.4519  0.000e+00
      2.103   4.362759  1015.5804 1.1844e-01   259.9752     1.3036     6.1416     91.416 1.0414e-01    26.0959    28.4522  0.000e+00
