WS23139_STN16_14CTD.cnv
* Sea-Bird SBE 9 Data File:
* FileName = C:\ctd\Cruise_Data\WS23139_Rosenheim\WS23139_Rosenheim_STN16.hex
* Software Version Seasave V 7.26.7.121
* Temperature SN = 4097 MTG 177
* Conductivity SN = 1851 MTG 053
* Number of Bytes Per Scan = 40
* Number of Voltage Words = 5
* Number of Scans Averaged by the Deck Unit = 1
* NMEA Latitude = 05 44.83 N
* NMEA Longitude = 053 19.27 W
* NMEA UTC (Time) = Jun 15 2023 20:03:07
** Ship:
** Station:
** Operator:
# nquan = 12
# nvalues = 13136                                 
# units = specified
# name 0 = depSM: Depth [salt water, m]
# name 1 = c0S/m: Conductivity [S/m]
# name 2 = density00: Density [density, kg/m^3]
# name 3 = flSP: Fluorescence, Seapoint
# name 4 = wetCDOM: Fluorescence, WET Labs CDOM [mg/m^3]
# name 5 = flECO-AFL: Fluorescence, WET Labs ECO-AFL/FL [mg/m^3]
# name 6 = sbeox0Mg/L: Oxygen, SBE 43 [mg/l]
# name 7 = sbeox0PS: Oxygen, SBE 43 [% saturation]
# name 8 = par: PAR/Irradiance, Biospherical/Licor [Watts/m^2]
# name 9 = sal00: Salinity, Practical [PSU]
# name 10 = t090C: Temperature [ITS-90, deg C]
# name 11 = flag:  0.000e+00
# span 0 =      1.226,     18.290                 
# span 1 =   5.571731,   5.697246                 
# span 2 =  1022.2135,  1023.6097                 
# span 3 = 4.8840e-02, 1.8926e-01                 
# span 4 =    -0.6890,   264.3110                 
# span 5 =     0.4489,     3.9593                 
# span 6 =     5.1378,     6.2609                 
# span 7 =     79.200,     97.242                 
# span 8 = 9.8755e-02, 8.5176e+02                 
# span 9 =    34.7083,    36.1542                 
# span 10 =    27.1681,    27.9187                
# span 11 = 0.0000e+00, 0.0000e+00                
# interval = seconds: 0.0416667
# start_time = Jun 15 2023 20:03:07 [NMEA time, header]
# bad_flag = -9.990e-29
*END*
[from data line 7459]
     12.127   5.696542  1023.5732 1.2088e-01    15.8775     0.5710     5.3780     82.914 1.0287e+00    36.1424    27.1795  0.000e+00
     12.184   5.696498  1023.5732 1.2088e-01    15.8128     0.5710     5.3780     82.913 1.0171e+00    36.1422    27.1794  0.000e+00
     12.160   5.696483  1023.5729 1.2210e-01    15.8775     0.5710     5.3780     82.912 1.0142e+00    36.1420    27.1795  0.000e+00
     12.184   5.696512  1023.5734 1.2210e-01    15.9423     0.5710     5.3782     82.915 1.0084e+00    36.1423    27.1793  0.000e+00
     12.160   5.696527  1023.5735 1.2210e-01    15.8128     0.5710     5.3741     82.853 9.9703e-01    36.1425    27.1792  0.000e+00
     12.184   5.696498  1023.5735 1.2088e-01    73.9252     0.5100     5.3740     82.850 9.9703e-01    36.1424    27.1791  0.000e+00
     12.250   5.696483  1023.5733 1.0867e-01   218.4294     0.5710     5.3738     82.849 9.8856e-01    36.1419    27.1795  0.000e+00
     12.160   5.696512  1023.5731 9.7680e-02   264.3110     0.6015     5.3656     82.722 9.6908e-01    36.1422    27.1795  0.000e+00
     12.250   5.696527  1023.5734 9.7680e-02   264.3110     0.6015     5.3612     82.654 9.6358e-01    36.1422    27.1796  0.000e+00
     12.308   5.696498  1023.5738 9.7680e-02   264.3110     0.6015     5.3606     82.644 9.6358e-01    36.1421    27.1794  0.000e+00
     12.226   5.696512  1023.5734 9.7680e-02   259.9752     0.6015     5.3559     82.572 9.4998e-01    36.1422    27.1795  0.000e+00
     12.308   5.696498  1023.5739 9.8901e-02   259.3928     0.6015     5.3510     82.496 9.4459e-01    36.1423    27.1792  0.000e+00
     12.226   5.696512  1023.5735 9.8901e-02   259.7164     0.6015     5.3458     82.417 9.4190e-01    36.1423    27.1794  0.000e+00
     12.308   5.696557  1023.5743 9.8901e-02   259.9752     0.6015     5.3367     82.275 9.2333e-01    36.1428    27.1791  0.000e+00
     12.308   5.696542  1023.5743 9.8901e-02   259.9105     0.6015     5.3311     82.189 9.1548e-01    36.1427    27.1790  0.000e+00
     12.341   5.696557  1023.5746 9.8901e-02   259.9105     0.6321     5.3255     82.102 9.1288e-01    36.1429    27.1789  0.000e+00
     12.308   5.696505  1023.5739 9.8901e-02   259.9752     0.6626     5.3196     82.013 8.9998e-01    36.1423    27.1792  0.000e+00
     12.308   5.696549  1023.5745 9.8901e-02   254.0216     0.6931     5.3138     81.922 8.9487e-01    36.1430    27.1788  0.000e+00
     12.341   5.696542  1023.5745 1.2332e-01   101.1047     0.5405     5.3076     81.828 8.9232e-01    36.1428    27.1789  0.000e+00
     12.366   5.696527  1023.5747 1.2210e-01    12.3183     0.6321     5.3014     81.731 8.7721e-01    36.1428    27.1788  0.000e+00
     12.407   5.696527  1023.5747 1.2088e-01    -0.3007     0.6321     5.2991     81.696 8.6481e-01    36.1427    27.1789  0.000e+00
     12.366   5.696557  1023.5748 1.2088e-01     5.5235     0.6321     5.2889     81.538 8.6235e-01    36.1430    27.1788  0.000e+00
     12.432   5.696542  1023.5750 1.2088e-01     8.9532     0.6321     5.2865     81.501 8.5258e-01    36.1429    27.1788  0.000e+00
     12.407   5.696498  1023.5747 1.2088e-01     9.4062     0.6321     5.2803     81.406 8.4052e-01    36.1426    27.1787  0.000e+00
     12.432   5.696513  1023.5748 1.2088e-01     9.2768     0.6015     5.2780     81.370 8.3574e-01    36.1426    27.1788  0.000e+00
     12.432   5.696527  1023.5748 1.2210e-01     9.0827     0.6321     5.2720     81.278 8.2863e-01    36.1427    27.1789  0.000e+00
     12.465   5.696498  1023.5747 1.2210e-01     9.0827     0.6321     5.2658     81.182 8.1458e-01    36.1424    27.1790  0.000e+00
     12.432   5.696483  1023.5745 1.2088e-01     9.0180     0.6321     5.2637     81.150 8.0995e-01    36.1423    27.1790  0.000e+00
     12.490   5.696550  1023.5752 1.2210e-01     9.0827     0.6321     5.2658     81.183 8.0535e-01    36.1428    27.1789  0.000e+00
     12.465   5.696542  1023.5749 1.2088e-01     9.0180     0.6321     5.2603     81.098 7.9621e-01    36.1427    27.1790  0.000e+00
     12.490   5.696557  1023.5750 1.2454e-01   108.4819     0.5405     5.2590     81.078 7.8943e-01    36.1427    27.1791  0.000e+00
     12.465   5.696542  1023.5748 1.0379e-01   237.5845     0.6626     5.2576     81.057 7.8718e-01    36.1426    27.1792  0.000e+00
     12.490   5.696527  1023.5750 9.7680e-02   264.3110     0.6931     5.2565     81.039 7.7825e-01    36.1426    27.1790  0.000e+00
     12.556   5.696527  1023.5751 9.7680e-02   264.3110     0.6931     5.2557     81.027 7.7604e-01    36.1425    27.1791  0.000e+00
     12.465   5.696527  1023.5749 9.7680e-02   264.3110     0.6931     5.2589     81.076 7.7162e-01    36.1426    27.1790  0.000e+00
     12.556   5.696498  1023.5748 9.7680e-02   259.7164     0.6626     5.2585     81.070 7.6287e-01    36.1421    27.1794  0.000e+00
     12.555   5.696513  1023.5749 9.7680e-02   259.4575     0.6626     5.2624     81.131 7.5853e-01    36.1422    27.1793  0.000e+00
     12.465   5.696498  1023.5742 9.7680e-02   259.7811     0.6931     5.2627     81.135 7.5853e-01    36.1420    27.1795  0.000e+00
     12.555   5.696483  1023.5747 9.8901e-02   259.9752     0.6626     5.2633     81.143 7.6070e-01    36.1420    27.1793  0.000e+00
     12.531   5.696513  1023.5749 9.7680e-02   259.9752     0.6626     5.2679     81.215 7.6287e-01    36.1423    27.1792  0.000e+00
     12.555   5.696527  1023.5751 9.7680e-02   259.9105     0.6626     5.2730     81.293 7.6287e-01    36.1424    27.1792  0.000e+00
     12.490   5.696527  1023.5747 9.8901e-02   259.9752     0.6626     5.2781     81.372 7.5853e-01    36.1424    27.1793  0.000e+00
     12.465   5.696527  1023.5745 1.0745e-01   225.8714     0.6015     5.2796     81.395 7.5421e-01    36.1423    27.1794  0.000e+00
     12.555   5.696498  1023.5750 1.2088e-01    68.4246     0.5100     5.2853     81.483 7.5421e-01    36.1423    27.1791  0.000e+00
     12.490   5.696513  1023.5747 1.2088e-01     2.4819     0.5710     5.2872     81.513 7.5206e-01    36.1423    27.1792  0.000e+00
     12.465   5.696498  1023.5745 1.2088e-01    -0.6890     0.5710     5.2893     81.545 7.4992e-01    36.1422    27.1792  0.000e+00
     12.490   5.696550  1023.5748 1.2088e-01     3.6468     0.5710     5.2956     81.642 7.4992e-01    36.1425    27.1793  0.000e+00
     12.490   5.696505  1023.5747 1.2210e-01     6.3647     0.5710     5.3021     81.743 7.5206e-01    36.1423    27.1792  0.000e+00
     12.465   5.696513  1023.5747 1.2210e-01     6.6883     0.5405     5.3008     81.722 7.5421e-01    36.1424    27.1791  0.000e+00
     12.432   5.696527  1023.5746 1.2088e-01     6.4942     0.5710     5.3073     81.823 7.5421e-01    36.1425    27.1792  0.000e+00
     12.465   5.696557  1023.5750 1.2088e-01     6.4294     0.5710     5.3142     81.929 7.6287e-01    36.1428    27.1790  0.000e+00
     12.432   5.696542  1023.5752 1.2088e-01     6.3647     0.5710     5.3174     81.977 7.7825e-01    36.1431    27.1786  0.000e+00
     12.366   5.696527  1023.5750 1.2088e-01     6.3647     0.5710     5.3206     82.027 7.7825e-01    36.1430    27.1785  0.000e+00
     12.407   5.696557  1023.5752 1.2088e-01     6.4294     0.5710     5.3238     82.076 7.8494e-01    36.1432    27.1786  0.000e+00
     12.366   5.696542  1023.5751 1.2088e-01     6.4294     0.5710     5.3270     82.125 7.8718e-01    36.1432    27.1785  0.000e+00
     12.366   5.696527  1023.5751 1.2332e-01   142.3916     0.4794     5.3343     82.238 7.8943e-01    36.1432    27.1783  0.000e+00
     12.407   5.696557  1023.5757 9.8901e-02   250.8507     0.6015     5.3375     82.287 7.9621e-01    36.1436    27.1780  0.000e+00
     12.366   5.696572  1023.5755 9.8901e-02   264.3110     0.6015     5.3445     82.395 8.1226e-01    36.1436    27.1781  0.000e+00
     12.283   5.696542  1023.5750 9.8901e-02   264.3110     0.6015     5.3477     82.444 8.1691e-01    36.1434    27.1782  0.000e+00
     12.308   5.696557  1023.5754 9.8901e-02   263.2109     0.6015     5.3508     82.492 8.2158e-01    36.1437    27.1779  0.000e+00
     12.308   5.696542  1023.5751 9.8901e-02   259.4575     0.6015     5.3537     82.537 8.4532e-01    36.1434    27.1781  0.000e+00
     12.283   5.696557  1023.5754 9.7680e-02   259.5222     0.6015     5.3564     82.579 8.5015e-01    36.1438    27.1778  0.000e+00
     12.250   5.696505  1023.5747 9.8901e-02   259.8458     0.6015     5.3627     82.676 8.5501e-01    36.1432    27.1781  0.000e+00
     12.250   5.696542  1023.5750 9.8901e-02   259.9752     0.6015     5.3690     82.773 8.8726e-01    36.1435    27.1780  0.000e+00
     12.283   5.696542  1023.5750 1.0012e-01   259.9752     0.6015     5.3713     82.808 8.9998e-01    36.1435    27.1781  0.000e+00
     12.184   5.696527  1023.5744 1.0012e-01   259.9752     0.6015     5.3733     82.838 9.0254e-01    36.1432    27.1783  0.000e+00
     12.226   5.696557  1023.5750 1.0012e-01   259.9105     0.6015     5.3751     82.866 9.1809e-01    36.1437    27.1780  0.000e+00
     12.184   5.696542  1023.5743 1.1966e-01   191.5088     0.5405     5.3765     82.889 9.2333e-01    36.1432    27.1785  0.000e+00
     12.127   5.696557  1023.5744 1.2332e-01    45.1926     0.5710     5.3817     82.969 9.2860e-01    36.1436    27.1782  0.000e+00
     12.160   5.696572  1023.5745 1.2210e-01    -0.6890     0.6015     5.3831     82.990 9.5268e-01    36.1436    27.1783  0.000e+00
     12.127   5.696505  1023.5739 1.2210e-01    -0.6890     0.6015     5.3839     83.003 9.7184e-01    36.1430    27.1785  0.000e+00
     12.061   5.696483  1023.5734 1.2210e-01     3.4526     0.6015     5.3846     83.014 9.7461e-01    36.1427    27.1786  0.000e+00
     12.160   5.696549  1023.5743 1.2210e-01     5.5235     0.6015     5.3852     83.022 9.9703e-01    36.1433    27.1785  0.000e+00
     12.061   5.696542  1023.5739 1.2210e-01     5.7176     0.5710     5.3855     83.027 1.0171e+00    36.1433    27.1784  0.000e+00
     12.044   5.696557  1023.5738 1.2210e-01     5.5235     0.5710     5.3855     83.027 1.0200e+00    36.1434    27.1785  0.000e+00
     12.061   5.696542  1023.5738 1.2210e-01     5.4587     0.6015     5.3852     83.023 1.0434e+00    36.1432    27.1785  0.000e+00
     12.061   5.696527  1023.5736 1.2210e-01     5.4587     0.5710     5.3888     83.079 1.0674e+00    36.1431    27.1786  0.000e+00
     11.978   5.696527  1023.5736 1.2210e-01     5.4587     0.6015     5.3887     83.076 1.0735e+00    36.1433    27.1783  0.000e+00
     12.061   5.696498  1023.5735 1.2332e-01     5.5235     0.6015     5.3923     83.132 1.0920e+00    36.1428    27.1786  0.000e+00
     12.003   5.696512  1023.5736 1.2332e-01     5.5235     0.6015     5.3879     83.064 1.1170e+00    36.1432    27.1783  0.000e+00
     11.978   5.696527  1023.5737 1.2332e-01     6.3000     0.5710     5.3912     83.114 1.1266e+00    36.1434    27.1781  0.000e+00
     12.003   5.696527  1023.5736 1.2332e-01     6.6883     0.5710     5.3865     83.043 1.1330e+00    36.1432    27.1784  0.000e+00
     11.921   5.696557  1023.5736 1.2332e-01     6.7530     0.6015     5.3895     83.089 1.1525e+00    36.1437    27.1781  0.000e+00
     12.003   5.696505  1023.5736 1.2332e-01     6.6883     0.6015     5.3889     83.079 1.1590e+00    36.1432    27.1782  0.000e+00
     11.945   5.696512  1023.5735 1.2210e-01     6.6883     0.5710     5.3880     83.066 1.1690e+00    36.1433    27.1781  0.000e+00
     11.921   5.696527  1023.5733 1.2088e-01     6.6883     0.5710     5.3913     83.116 1.1958e+00    36.1433    27.1783  0.000e+00
     11.945   5.696527  1023.5737 1.2088e-01     6.6883     0.5710     5.3907     83.107 1.2060e+00    36.1435    27.1780  0.000e+00
     12.003   5.696527  1023.5738 1.2088e-01     6.7530     0.5710     5.3939     83.157 1.2095e+00    36.1434    27.1781  0.000e+00
     11.921   5.696527  1023.5736 1.2210e-01     6.6883     0.5710     5.3894     83.087 1.2302e+00    36.1435    27.1780  0.000e+00
     11.945   5.696527  1023.5736 1.2210e-01     6.6883     0.6015     5.3888     83.077 1.2372e+00    36.1434    27.1781  0.000e+00
     11.921   5.696527  1023.5732 1.2210e-01     6.6883     0.6015     5.3922     83.131 1.2407e+00    36.1432    27.1785  0.000e+00
     12.003   5.696527  1023.5737 1.2210e-01     6.6883     0.5710     5.3919     83.126 1.2478e+00    36.1434    27.1782  0.000e+00
     11.945   5.696527  1023.5734 1.2332e-01   109.7115     0.5100     5.3915     83.120 1.2513e+00    36.1433    27.1783  0.000e+00
     11.921   5.696498  1023.5733 1.0256e-01   238.4905     0.6321     5.3911     83.113 1.2478e+00    36.1432    27.1782  0.000e+00
     11.945   5.696512  1023.5733 9.8901e-02   264.3110     0.6321     5.3906     83.106 1.2620e+00    36.1432    27.1783  0.000e+00
     12.003   5.696498  1023.5737 9.8901e-02   264.3110     0.6626     5.3902     83.100 1.2728e+00    36.1432    27.1781  0.000e+00
     11.921   5.696483  1023.5732 9.8901e-02   264.3110     0.6321     5.3939     83.156 1.2764e+00    36.1431    27.1782  0.000e+00
     12.061   5.696512  1023.5740 9.8901e-02   259.6517     0.6321     5.3936     83.152 1.2728e+00    36.1433    27.1781  0.000e+00
     11.921   5.696527  1023.5736 9.7680e-02   259.4575     0.6321     5.3932     83.146 1.2728e+00    36.1435    27.1780  0.000e+00
     12.061   5.696527  1023.5740 9.7680e-02   259.7811     0.6321     5.3932     83.145 1.2728e+00    36.1434    27.1781  0.000e+00
     12.003   5.696527  1023.5738 9.8901e-02   259.9105     0.6321     5.3929     83.141 1.2656e+00    36.1434    27.1781  0.000e+00
     11.978   5.696527  1023.5736 9.8901e-02   259.9752     0.6321     5.3965     83.197 1.2549e+00    36.1434    27.1782  0.000e+00
     12.127   5.696557  1023.5745 9.8901e-02   259.9752     0.6321     5.3924     83.133 1.2513e+00    36.1436    27.1781  0.000e+00
     11.921   5.696542  1023.5735 9.8901e-02   259.9752     0.6626     5.3957     83.185 1.2443e+00    36.1435    27.1782  0.000e+00
     12.184   5.696498  1023.5744 1.0745e-01   227.9423     0.6321     5.3917     83.123 1.2302e+00    36.1432    27.1781  0.000e+00
     12.127   5.696512  1023.5739 1.2210e-01    75.9313     0.5405     5.3952     83.177 1.2337e+00    36.1430    27.1785  0.000e+00
     12.102   5.696527  1023.5740 1.2332e-01    11.7359     0.5710     5.3951     83.175 1.2233e+00    36.1432    27.1784  0.000e+00
     12.127   5.696527  1023.5742 1.2332e-01     7.3354     0.6015     5.3949     83.172 1.2095e+00    36.1433    27.1783  0.000e+00
     12.127   5.696557  1023.5742 1.2332e-01    13.0949     0.5710     5.3946     83.167 1.1992e+00    36.1434    27.1784  0.000e+00
     12.160   5.696572  1023.5745 1.2210e-01    15.6187     0.6015     5.3942     83.162 1.1890e+00    36.1436    27.1783  0.000e+00
     12.184   5.696505  1023.5744 1.2210e-01    15.7481     0.6015     5.3938     83.156 1.1590e+00    36.1432    27.1781  0.000e+00
     12.160   5.696512  1023.5743 1.2210e-01    15.5540     0.6015     5.3935     83.151 1.1460e+00    36.1432    27.1782  0.000e+00
     12.308   5.696527  1023.5751 1.2332e-01    15.4246     0.6015     5.3934     83.150 1.1427e+00    36.1433    27.1781  0.000e+00
     12.250   5.696557  1023.5751 1.2332e-01    15.4246     0.6015     5.3932     83.146 1.1107e+00    36.1436    27.1780  0.000e+00
     12.283   5.696572  1023.5754 1.2210e-01    15.4246     0.6015     5.3929     83.142 1.0951e+00    36.1438    27.1779  0.000e+00
     12.250   5.696572  1023.5752 1.2210e-01    15.4246     0.5710     5.3926     83.136 1.0920e+00    36.1438    27.1779  0.000e+00
     12.308   5.696601  1023.5757 1.2088e-01    15.4246     0.6015     5.3922     83.131 1.0705e+00    36.1441    27.1778  0.000e+00
     12.407   5.696586  1023.5758 1.2210e-01   142.7799     0.5100     5.3960     83.189 1.0584e+00    36.1437    27.1781  0.000e+00
     12.308   5.696572  1023.5757 9.8901e-02   249.9447     0.6321     5.3919     83.125 1.0524e+00    36.1440    27.1777  0.000e+00
