WS23139_STN17_16CTD.cnv
* Sea-Bird SBE 9 Data File:
* FileName = C:\ctd\Cruise_Data\WS23139_Rosenheim\WS23139_Rosenheim_STN17.hex
* Software Version Seasave V 7.26.7.121
* Temperature SN = 4097 MTG 177
* Conductivity SN = 1851 MTG 053
* Number of Bytes Per Scan = 40
* Number of Voltage Words = 5
* Number of Scans Averaged by the Deck Unit = 1
* NMEA Latitude = 05 51.91 N
* NMEA Longitude = 053 17.41 W
* NMEA UTC (Time) = Jun 15 2023 22:29:55
** Ship:
** Station:
** Operator:
# nquan = 12
# nvalues = 10454                                 
# units = specified
# name 0 = depSM: Depth [salt water, m]
# name 1 = c0S/m: Conductivity [S/m]
# name 2 = density00: Density [density, kg/m^3]
# name 3 = flSP: Fluorescence, Seapoint
# name 4 = wetCDOM: Fluorescence, WET Labs CDOM [mg/m^3]
# name 5 = flECO-AFL: Fluorescence, WET Labs ECO-AFL/FL [mg/m^3]
# name 6 = sbeox0Mg/L: Oxygen, SBE 43 [mg/l]
# name 7 = sbeox0PS: Oxygen, SBE 43 [% saturation]
# name 8 = par: PAR/Irradiance, Biospherical/Licor [Watts/m^2]
# name 9 = sal00: Salinity, Practical [PSU]
# name 10 = t090C: Temperature [ITS-90, deg C]
# name 11 = flag:  0.000e+00
# span 0 =      1.692,     31.385                 
# span 1 =   4.458548,   5.694370                 
# span 2 =  1016.6362,  1023.7389                 
# span 3 = 6.2271e-02, 1.4530e-01                 
# span 4 =    -0.6890,   264.3110                 
# span 5 =     0.4794,     1.0594                 
# span 6 =     4.4661,     6.0160                 
# span 7 =     68.797,     93.065                 
# span 8 = 9.8755e-02, 4.1476e+00                 
# span 9 =    27.1758,    36.2060                 
# span 10 =    27.0694,    27.6858                
# span 11 = 0.0000e+00, 0.0000e+00                
# interval = seconds: 0.0416667
# start_time = Jun 15 2023 22:29:55 [NMEA time, header]
# bad_flag = -9.990e-29
*END*
[from data line 7940]
     21.311   5.692246  1023.6538 1.0256e-01   259.9752     0.8763     5.4415     83.802 9.9065e-02    36.1657    27.1063  0.000e+00
     21.253   5.692217  1023.6526 1.0256e-01   259.9752     0.8763     5.4413     83.800 9.9065e-02    36.1648    27.1072  0.000e+00
     21.294   5.692202  1023.6527 1.0256e-01   259.9752     0.8763     5.4452     83.860 9.9065e-02    36.1647    27.1072  0.000e+00
     21.253   5.692231  1023.6534 1.0256e-01   259.9752     0.8763     5.4455     83.863 9.9065e-02    36.1655    27.1065  0.000e+00
     21.253   5.692276  1023.6544 1.0256e-01   259.9752     0.8763     5.4457     83.866 9.9065e-02    36.1665    27.1055  0.000e+00
     21.195   5.692290  1023.6545 1.0256e-01   259.9752     0.8763     5.4456     83.864 9.9065e-02    36.1668    27.1053  0.000e+00
     21.195   5.692290  1023.6545 1.0256e-01   259.9752     0.8763     5.4457     83.866 9.9065e-02    36.1668    27.1053  0.000e+00
     21.171   5.692246  1023.6531 1.2943e-01   133.8495     0.6931     5.4455     83.863 9.9065e-02    36.1656    27.1065  0.000e+00
     21.195   5.692209  1023.6525 1.2698e-01    20.1486     0.7847     5.4455     83.864 9.9065e-02    36.1649    27.1070  0.000e+00
     21.130   5.692172  1023.6514 1.2576e-01    -0.6890     0.8152     5.4454     83.864 9.9065e-02    36.1641    27.1077  0.000e+00
     21.130   5.692121  1023.6511 1.2576e-01     0.9935     0.8152     5.4492     83.922 9.9065e-02    36.1637    27.1077  0.000e+00
     21.130   5.692172  1023.6522 1.2698e-01     5.1352     0.8152     5.4494     83.923 9.9065e-02    36.1648    27.1068  0.000e+00
     21.113   5.692172  1023.6516 1.2698e-01     6.3000     0.8152     5.4494     83.924 9.9065e-02    36.1644    27.1074  0.000e+00
     21.130   5.692158  1023.6503 1.2576e-01     6.2353     0.8152     5.4494     83.925 9.9375e-02    36.1631    27.1088  0.000e+00
     21.072   5.692121  1023.6492 1.2576e-01     6.1059     0.8152     5.4453     83.863 9.9065e-02    36.1623    27.1095  0.000e+00
     21.072   5.692099  1023.6488 1.2576e-01     6.0412     0.8152     5.4450     83.859 9.9375e-02    36.1619    27.1099  0.000e+00
     21.006   5.692069  1023.6483 1.2576e-01     6.1059     0.8152     5.4447     83.854 9.9375e-02    36.1617    27.1099  0.000e+00
     21.055   5.692091  1023.6488 1.2698e-01     6.1059     0.8457     5.4444     83.849 9.9065e-02    36.1620    27.1097  0.000e+00
     21.072   5.692143  1023.6493 1.2698e-01     6.1059     0.8152     5.4441     83.844 9.9065e-02    36.1625    27.1095  0.000e+00
     21.006   5.692121  1023.6494 1.2698e-01    64.7359     0.8152     5.4437     83.838 9.9065e-02    36.1628    27.1090  0.000e+00
     21.006   5.692143  1023.6499 1.1477e-01   215.7115     0.8152     5.4433     83.831 9.9065e-02    36.1632    27.1086  0.000e+00
     21.055   5.692224  1023.6507 1.0256e-01   264.3110     0.9373     5.4431     83.828 9.9065e-02    36.1639    27.1084  0.000e+00
     20.948   5.692217  1023.6509 1.0256e-01   264.3110     0.9373     5.4468     83.885 9.9065e-02    36.1645    27.1077  0.000e+00
     21.006   5.692268  1023.6522 1.0256e-01   264.3110     0.9068     5.4428     83.822 9.9065e-02    36.1656    27.1068  0.000e+00
     20.948   5.692283  1023.6531 1.0256e-01   260.1047     0.9068     5.4463     83.875 9.9065e-02    36.1665    27.1057  0.000e+00
     21.006   5.692320  1023.6540 1.0256e-01   259.3928     0.9068     5.4462     83.873 9.9065e-02    36.1672    27.1052  0.000e+00
     20.932   5.692342  1023.6546 1.0256e-01   259.7164     0.9068     5.4500     83.931 9.9065e-02    36.1681    27.1043  0.000e+00
     20.948   5.692372  1023.6556 1.0256e-01   259.9752     0.9068     5.4460     83.869 9.9065e-02    36.1689    27.1035  0.000e+00
     20.890   5.692386  1023.6561 1.0256e-01   259.9752     0.9068     5.4498     83.926 9.9065e-02    36.1696    27.1028  0.000e+00
     20.948   5.692357  1023.6565 1.0256e-01   259.9752     0.9068     5.4459     83.866 9.9065e-02    36.1696    27.1024  0.000e+00
     20.948   5.692372  1023.6564 1.0379e-01   259.9752     0.9068     5.4498     83.926 9.9065e-02    36.1696    27.1026  0.000e+00
     20.874   5.692357  1023.6558 1.0379e-01   254.9276     0.9068     5.4498     83.926 9.9375e-02    36.1694    27.1028  0.000e+00
     20.890   5.692372  1023.6560 1.2821e-01   103.6932     0.7542     5.4498     83.926 9.9065e-02    36.1695    27.1028  0.000e+00
     20.948   5.692342  1023.6559 1.2821e-01    14.4539     0.8152     5.4538     83.988 9.9065e-02    36.1691    27.1030  0.000e+00
     20.824   5.692401  1023.6558 1.2698e-01     1.4465     0.8457     5.4539     83.989 9.9065e-02    36.1697    27.1028  0.000e+00
     20.890   5.692401  1023.6560 1.2698e-01     7.2060     0.8457     5.4540     83.991 9.9065e-02    36.1695    27.1030  0.000e+00
     20.874   5.692386  1023.6560 1.2821e-01    10.6358     0.8457     5.4543     83.995 9.9065e-02    36.1696    27.1028  0.000e+00
     20.824   5.692357  1023.6556 1.2821e-01    11.1535     0.8152     5.4545     83.998 9.9065e-02    36.1694    27.1028  0.000e+00
     20.824   5.692342  1023.6554 1.2698e-01    10.8299     0.8152     5.4549     84.004 9.9065e-02    36.1691    27.1030  0.000e+00
     20.890   5.692342  1023.6548 1.2698e-01    10.8299     0.8152     5.4590     84.070 9.9375e-02    36.1684    27.1039  0.000e+00
     20.808   5.692305  1023.6540 1.2698e-01    10.8299     0.8152     5.4593     84.074 9.9375e-02    36.1679    27.1042  0.000e+00
     20.824   5.692290  1023.6534 1.2821e-01    10.8299     0.8152     5.4596     84.079 9.9065e-02    36.1673    27.1048  0.000e+00
     20.824   5.692246  1023.6530 1.2821e-01    10.7652     0.8152     5.4598     84.082 9.9065e-02    36.1669    27.1050  0.000e+00
     20.767   5.692239  1023.6521 1.2698e-01    10.8299     0.8152     5.4639     84.147 9.9065e-02    36.1663    27.1057  0.000e+00
     20.824   5.692246  1023.6517 1.2698e-01    10.3122     0.8152     5.4603     84.091 9.9065e-02    36.1657    27.1065  0.000e+00
     20.750   5.692216  1023.6507 1.2821e-01     9.7298     0.8457     5.4605     84.095 9.9065e-02    36.1651    27.1070  0.000e+00
     20.767   5.692172  1023.6502 1.2698e-01     9.6004     0.8152     5.4606     84.097 9.9065e-02    36.1645    27.1074  0.000e+00
     20.824   5.692157  1023.6499 1.2698e-01     9.6004     0.8152     5.4606     84.098 9.9065e-02    36.1640    27.1079  0.000e+00
     20.709   5.692120  1023.6489 1.2698e-01     9.6651     0.8152     5.4648     84.162 9.9065e-02    36.1634    27.1083  0.000e+00
     20.709   5.692172  1023.6485 1.2698e-01     9.6004     0.8152     5.4649     84.164 9.9065e-02    36.1632    27.1090  0.000e+00
     20.750   5.692202  1023.6488 1.2698e-01     9.5357     0.8152     5.4690     84.228 9.9065e-02    36.1634    27.1090  0.000e+00
     20.767   5.692120  1023.6490 1.2698e-01     9.6004     0.8152     5.4655     84.173 9.9065e-02    36.1633    27.1084  0.000e+00
     20.709   5.692135  1023.6490 1.2698e-01     9.6651     0.8152     5.4657     84.176 9.9065e-02    36.1635    27.1083  0.000e+00
     20.709   5.692091  1023.6479 1.2698e-01     9.6004     0.8152     5.4698     84.240 9.9065e-02    36.1625    27.1092  0.000e+00
     20.684   5.692032  1023.6467 1.2698e-01     9.7298     0.8152     5.4701     84.245 9.9065e-02    36.1614    27.1101  0.000e+00
     20.709   5.692017  1023.6468 1.2698e-01     9.6004     0.8152     5.4704     84.250 9.9375e-02    36.1614    27.1099  0.000e+00
     20.643   5.692047  1023.6472 1.2698e-01    40.2744     0.8152     5.4706     84.252 9.9065e-02    36.1621    27.1094  0.000e+00
     20.643   5.692061  1023.6475 1.2088e-01   196.4270     0.7542     5.4748     84.317 9.9065e-02    36.1623    27.1092  0.000e+00
     20.643   5.692061  1023.6473 1.0256e-01   264.3110     0.9068     5.4711     84.260 9.9065e-02    36.1622    27.1094  0.000e+00
     20.626   5.692061  1023.6466 1.0256e-01   264.3110     0.9373     5.4753     84.326 9.9375e-02    36.1616    27.1101  0.000e+00
     20.643   5.692083  1023.6456 1.0256e-01   264.3110     0.9068     5.4757     84.332 9.9065e-02    36.1608    27.1114  0.000e+00
     20.643   5.692069  1023.6445 1.0256e-01   260.6224     0.9068     5.4760     84.338 9.9375e-02    36.1598    27.1125  0.000e+00
     20.585   5.691995  1023.6432 1.0256e-01   259.3928     0.9068     5.4802     84.404 9.9375e-02    36.1587    27.1132  0.000e+00
     20.585   5.691965  1023.6421 1.0379e-01   259.7164     0.9068     5.4804     84.408 9.9375e-02    36.1577    27.1143  0.000e+00
     20.626   5.692002  1023.6430 1.0379e-01   259.9752     0.9068     5.4807     84.412 9.9065e-02    36.1584    27.1137  0.000e+00
     20.519   5.692047  1023.6441 1.0379e-01   259.9752     0.9068     5.4808     84.412 9.9065e-02    36.1598    27.1123  0.000e+00
     20.585   5.692091  1023.6449 1.0379e-01   259.9752     0.9068     5.4809     84.414 9.9065e-02    36.1604    27.1119  0.000e+00
     20.585   5.692076  1023.6457 1.0379e-01   259.9752     0.9068     5.4810     84.414 9.9065e-02    36.1610    27.1110  0.000e+00
     20.503   5.692083  1023.6458 1.0256e-01   260.0399     0.8763     5.4808     84.411 9.9065e-02    36.1615    27.1105  0.000e+00
     20.585   5.692069  1023.6459 1.2943e-01   129.2548     0.6931     5.4807     84.410 9.9065e-02    36.1613    27.1107  0.000e+00
     20.519   5.692091  1023.6456 1.2698e-01    19.6956     0.7847     5.4845     84.468 9.9375e-02    36.1613    27.1108  0.000e+00
     20.519   5.692039  1023.6450 1.2576e-01    -0.6890     0.8152     5.4806     84.408 9.9065e-02    36.1607    27.1112  0.000e+00
     20.519   5.691980  1023.6426 1.2698e-01     2.8702     0.8152     5.4841     84.464 9.9065e-02    36.1584    27.1136  0.000e+00
     20.569   5.691936  1023.6415 1.2698e-01     7.0119     0.8152     5.4800     84.402 9.9065e-02    36.1572    27.1147  0.000e+00
     20.519   5.691951  1023.6414 1.2698e-01     7.9178     0.8152     5.4837     84.459 9.9375e-02    36.1573    27.1147  0.000e+00
     20.461   5.691965  1023.6416 1.2698e-01     7.7237     0.7847     5.4797     84.398 9.9065e-02    36.1577    27.1143  0.000e+00
     20.585   5.691987  1023.6427 1.2698e-01     7.5943     0.8152     5.4835     84.455 9.9375e-02    36.1583    27.1137  0.000e+00
     20.503   5.691973  1023.6423 1.2821e-01     7.4648     0.7847     5.4794     84.391 9.9065e-02    36.1582    27.1137  0.000e+00
     20.519   5.691965  1023.6425 1.2821e-01     7.5943     0.8152     5.4829     84.445 9.9065e-02    36.1583    27.1136  0.000e+00
     20.461   5.692002  1023.6419 1.2698e-01     7.5943     0.8152     5.4866     84.504 9.9065e-02    36.1581    27.1141  0.000e+00
     20.519   5.691951  1023.6406 1.2698e-01     7.5943     0.8152     5.4865     84.504 9.9065e-02    36.1566    27.1156  0.000e+00
     20.519   5.691855  1023.6381 1.2698e-01    71.4014     0.7542     5.4823     84.441 9.9065e-02    36.1542    27.1178  0.000e+00
     20.503   5.691825  1023.6355 1.1355e-01   219.2060     0.7847     5.4860     84.500 9.9375e-02    36.1520    27.1203  0.000e+00
     20.519   5.691825  1023.6349 1.0256e-01   264.3110     0.9068     5.4819     84.438 9.9065e-02    36.1515    27.1210  0.000e+00
     20.519   5.691825  1023.6351 1.0256e-01   264.3110     0.9068     5.4857     84.496 9.9375e-02    36.1516    27.1209  0.000e+00
     20.519   5.691818  1023.6352 1.0256e-01   264.3110     0.8763     5.4856     84.494 9.9375e-02    36.1516    27.1207  0.000e+00
     20.569   5.691818  1023.6343 1.0256e-01   260.0399     0.8763     5.4854     84.492 9.9065e-02    36.1507    27.1219  0.000e+00
     20.519   5.691722  1023.6310 1.0256e-01   259.4575     0.8763     5.4849     84.487 9.9065e-02    36.1478    27.1247  0.000e+00
     20.585   5.691618  1023.6282 1.0256e-01   259.7811     0.8763     5.4887     84.549 9.9065e-02    36.1449    27.1275  0.000e+00
     20.519   5.691567  1023.6259 1.0256e-01   259.9752     0.8763     5.4886     84.549 9.9065e-02    36.1431    27.1294  0.000e+00
     20.585   5.691449  1023.6222 1.0256e-01   260.0399     0.8763     5.4844     84.488 9.9065e-02    36.1393    27.1332  0.000e+00
     20.626   5.691345  1023.6184 1.0256e-01   260.0399     0.8763     5.4840     84.484 9.9065e-02    36.1357    27.1369  0.000e+00
     20.519   5.691249  1023.6135 1.0379e-01   259.9752     0.8763     5.4876     84.543 9.9375e-02    36.1316    27.1412  0.000e+00
     20.643   5.691139  1023.6098 1.0379e-01   259.9752     0.8763     5.4872     84.542 9.9065e-02    36.1277    27.1452  0.000e+00
     20.585   5.691020  1023.6062 1.0379e-01   259.9752     0.8763     5.4868     84.538 9.9065e-02    36.1246    27.1482  0.000e+00
     20.643   5.691020  1023.6053 1.0379e-01   259.9752     0.9068     5.4825     84.473 9.9065e-02    36.1236    27.1495  0.000e+00
     20.684   5.691035  1023.6056 1.0379e-01   259.9752     0.9068     5.4860     84.527 9.9065e-02    36.1237    27.1495  0.000e+00
     20.643   5.691035  1023.6042 1.0379e-01   259.9752     0.9068     5.4857     84.524 9.9065e-02    36.1227    27.1507  0.000e+00
     20.643   5.690969  1023.6022 1.0379e-01   259.9752     0.9068     5.4854     84.520 9.9375e-02    36.1208    27.1526  0.000e+00
     20.709   5.691006  1023.6033 1.0379e-01   259.9752     0.9068     5.4854     84.520 9.9065e-02    36.1216    27.1518  0.000e+00
     20.684   5.691020  1023.6028 1.0379e-01   259.9752     0.9068     5.4850     84.515 9.9375e-02    36.1213    27.1524  0.000e+00
     20.643   5.690961  1023.6010 1.0379e-01   259.9752     0.9068     5.4846     84.509 9.9065e-02    36.1197    27.1538  0.000e+00
     20.709   5.690910  1023.6007 1.0256e-01   259.9752     0.9068     5.4884     84.568 9.9375e-02    36.1191    27.1542  0.000e+00
     20.709   5.690961  1023.6016 1.0256e-01   259.9105     0.9068     5.4844     84.506 9.9065e-02    36.1200    27.1535  0.000e+00
     20.766   5.691020  1023.6045 1.0256e-01   259.9752     0.9068     5.4843     84.502 9.9065e-02    36.1224    27.1509  0.000e+00
     20.684   5.691102  1023.6067 1.0256e-01   259.9752     0.9068     5.4840     84.496 9.9375e-02    36.1248    27.1485  0.000e+00
     20.709   5.691094  1023.6088 1.2821e-01   163.9410     0.7236     5.4840     84.493 9.9375e-02    36.1265    27.1464  0.000e+00
     20.766   5.691205  1023.6118 1.2698e-01    37.4270     0.8152     5.4838     84.488 9.9065e-02    36.1291    27.1440  0.000e+00
     20.709   5.691227  1023.6142 1.2698e-01     4.5528     0.8457     5.4836     84.483 9.9065e-02    36.1314    27.1412  0.000e+00
     20.766   5.691257  1023.6159 1.2698e-01     7.6590     0.8152     5.4835     84.479 9.9065e-02    36.1327    27.1398  0.000e+00
     20.750   5.691235  1023.6150 1.2698e-01    12.5125     0.8152     5.4831     84.474 9.9065e-02    36.1320    27.1405  0.000e+00
     20.709   5.691190  1023.6136 1.2821e-01    13.9362     0.8152     5.4869     84.534 9.9065e-02    36.1309    27.1416  0.000e+00
     20.709   5.691242  1023.6141 1.2821e-01    13.6773     0.8152     5.4869     84.534 9.9065e-02    36.1314    27.1414  0.000e+00
     20.766   5.691301  1023.6163 1.2698e-01    13.4832     0.8152     5.4831     84.473 9.9065e-02    36.1332    27.1396  0.000e+00
     20.684   5.691441  1023.6187 1.2698e-01    13.4184     0.8457     5.4869     84.530 9.9375e-02    36.1360    27.1374  0.000e+00
     20.709   5.691530  1023.6208 1.2698e-01    13.4184     0.8152     5.4870     84.530 9.9065e-02    36.1379    27.1357  0.000e+00
     20.709   5.691515  1023.6183 1.2698e-01    13.4184     0.8152     5.4907     84.590 9.9065e-02    36.1357    27.1383  0.000e+00
     20.709   5.691257  1023.6118 1.2698e-01    13.4184     0.8152     5.4865     84.529 9.9375e-02    36.1295    27.1440  0.000e+00
     20.643   5.691109  1023.6079 1.2698e-01    12.5125     0.8152     5.4901     84.588 9.9065e-02    36.1260    27.1471  0.000e+00
     20.684   5.691013  1023.6041 1.2698e-01     8.5650     0.8152     5.4901     84.591 9.9065e-02    36.1224    27.1509  0.000e+00
